y,x,orig,max3x3,delta_max,min3x3,delta_min,boundary_max_minus_min
308,421,205,254,49,0,-205,254
297,396,199,254,55,0,-199,254
340,498,173,253,80,0,-173,253
314,434,218,253,35,0,-218,253
302,407,171,252,81,0,-171,252
485,60,136,252,116,0,-136,252
486,533,115,252,137,0,-115,252
405,515,172,252,80,0,-172,252
57,374,173,251,78,0,-173,251
324,457,161,251,90,0,-161,251
345,509,191,251,60,0,-191,251
507,55,163,251,88,0,-163,251
341,500,182,251,69,0,-182,251
423,520,181,251,70,0,-181,251
272,368,151,251,100,0,-151,251
325,460,220,251,31,0,-220,251
351,78,200,250,50,0,-200,250
399,72,186,250,64,0,-186,250
63,378,186,250,64,0,-186,250
552,536,193,250,57,0,-193,250
372,78,203,250,47,0,-203,250
279,373,187,252,65,2,-185,250
360,78,205,250,45,0,-205,250
68,380,149,250,101,0,-149,250
401,514,205,250,45,0,-205,250
454,526,165,249,84,0,-165,249
314,433,182,249,67,0,-182,249
318,443,150,249,99,0,-150,249
307,418,149,249,100,0,-149,249
308,420,162,249,87,0,-162,249
481,61,186,252,66,3,-183,249
459,527,136,249,113,0,-136,249
530,54,133,249,116,0,-133,249
319,446,181,249,68,0,-181,249
508,55,148,249,101,0,-148,249
297,395,154,249,95,0,-154,249
303,409,170,248,78,0,-170,248
319,283,192,248,56,0,-192,248
325,459,173,248,75,0,-173,248
379,514,192,248,56,0,-192,248
499,56,192,248,56,0,-192,248
15,318,182,248,66,0,-182,248
270,366,131,247,116,0,-131,247
296,392,122,247,125,0,-122,247
335,485,160,247,87,0,-160,247
322,279,181,247,66,0,-181,247
359,78,191,247,56,0,-191,247
402,514,173,247,74,0,-173,247
427,521,144,247,103,0,-144,247
313,430,140,247,107,0,-140,247
470,530,193,247,54,0,-193,247
480,532,131,247,116,0,-131,247
389,77,139,246,107,0,-139,246
329,271,156,246,90,0,-156,246
65,379,159,246,87,0,-159,246
420,519,180,246,66,0,-180,246
563,538,142,252,110,6,-136,246
377,78,188,246,58,0,-188,246
544,51,187,246,59,0,-187,246
400,72,165,246,81,0,-165,246
551,50,167,246,79,0,-167,246
373,78,189,246,57,0,-189,246
558,537,134,246,112,0,-134,246
475,531,157,246,89,0,-157,246
553,536,164,246,82,0,-164,246
328,272,160,246,86,0,-160,246
427,67,205,250,45,5,-200,245
500,56,173,245,72,0,-173,245
398,514,178,245,67,0,-178,245
428,67,186,248,62,3,-183,245
525,55,147,245,98,0,-147,245
352,78,182,245,63,0,-182,245
449,525,182,245,63,0,-182,245
271,232,170,249,79,4,-166,245
424,520,147,245,98,0,-147,245
348,510,126,244,118,0,-126,244
487,533,72,244,172,0,-72,244
358,78,180,244,64,0,-180,244
323,278,161,244,83,0,-161,244
406,515,134,244,110,0,-134,244
561,49,133,244,111,0,-133,244
28,351,150,243,93,0,-150,243
414,71,137,252,115,9,-128,243
139,383,127,243,116,0,-127,243
509,55,137,243,106,0,-137,243
15,317,160,243,83,0,-160,243
536,53,93,243,150,0,-93,243
380,514,174,243,69,0,-174,243
376,78,184,243,59,0,-184,243
519,55,148,243,95,0,-148,243
375,78,189,243,54,0,-189,243
340,497,115,243,128,0,-115,243
47,367,175,243,68,0,-175,243
322,280,76,243,167,0,-76,243
374,78,185,243,58,0,-185,243
302,406,125,242,117,0,-125,242
447,66,149,248,99,6,-143,242
455,526,132,242,110,0,-132,242
450,525,171,242,71,0,-171,242
346,509,127,242,115,0,-127,242
449,65,166,253,87,11,-155,242
545,51,168,242,74,0,-168,242
482,61,145,245,100,3,-142,242
552,50,154,242,88,0,-154,242
460,527,95,242,147,0,-95,242
471,530,170,242,72,0,-170,242
324,277,147,242,95,0,-147,242
546,534,93,242,149,0,-93,242
326,460,93,241,148,0,-93,241
479,62,153,241,88,0,-153,241
429,67,164,244,80,3,-161,241
353,78,178,241,63,0,-178,241
541,533,105,241,136,0,-105,241
518,55,140,240,100,0,-140,240
58,374,111,240,129,0,-111,240
327,314,160,244,84,4,-156,240
357,78,171,240,69,0,-171,240
319,445,142,240,98,0,-142,240
319,284,129,240,111,0,-129,240
314,432,138,240,102,0,-138,240
315,434,85,239,154,0,-85,239
526,55,131,239,108,0,-131,239
451,525,147,239,92,0,-147,239
84,384,170,239,69,0,-170,239
397,514,160,239,79,0,-160,239
354,78,172,239,67,0,-172,239
327,313,50,243,193,4,-46,239
562,49,119,239,120,0,-119,239
564,538,88,245,157,6,-82,239
531,54,101,239,138,0,-101,239
381,514,156,239,83,0,-156,239
280,373,116,241,125,2,-114,239
281,374,150,250,100,11,-139,239
341,499,115,238,123,0,-115,238
401,72,155,238,83,0,-155,238
286,379,192,253,61,15,-177,238
554,536,141,238,97,0,-141,238
501,56,157,238,81,0,-157,238
428,521,115,238,123,0,-115,238
272,232,215,249,34,11,-204,238
421,519,146,238,92,0,-146,238
481,532,107,237,130,0,-107,237
277,371,67,249,182,12,-55,237
524,534,87,237,150,0,-87,237
403,514,144,237,93,0,-144,237
356,78,167,237,70,0,-167,237
517,55,137,237,100,0,-137,237
20,338,138,237,99,0,-138,237
355,78,167,237,70,0,-167,237
450,65,102,248,146,11,-91,237
553,50,142,237,95,0,-142,237
276,371,177,249,72,12,-165,237
16,322,156,237,81,0,-156,237
489,59,92,251,159,15,-77,236
64,378,118,236,118,0,-118,236
476,531,133,236,103,0,-133,236
15,316,147,236,89,0,-147,236
472,530,140,236,96,0,-140,236
345,508,85,236,151,0,-85,236
69,380,98,236,138,0,-98,236
543,51,199,250,51,14,-185,236
402,279,176,236,60,0,-176,236
419,70,95,252,157,17,-78,235
478,62,194,251,57,16,-178,235
325,458,106,235,129,0,-106,235
275,370,135,253,118,18,-117,235
290,384,179,252,73,17,-162,235
307,417,102,235,133,0,-102,235
85,384,157,235,78,0,-157,235
546,51,146,235,89,0,-146,235
308,419,102,235,133,0,-102,235
486,60,103,235,132,0,-103,235
318,442,112,235,123,0,-112,235
347,286,87,235,148,0,-87,235
510,55,134,234,100,0,-134,234
270,232,128,238,110,4,-124,234
516,55,134,234,100,0,-134,234
303,408,117,234,117,0,-117,234
547,534,39,234,195,0,-39,234
397,73,115,234,119,0,-115,234
537,53,54,234,180,0,-54,234
563,49,114,234,120,0,-114,234
297,394,101,234,133,0,-101,234
324,456,112,234,122,0,-112,234
335,484,135,234,99,0,-135,234
402,72,148,233,85,0,-148,233
357,286,74,233,159,0,-74,233
317,440,126,254,128,21,-105,233
312,428,142,254,112,21,-121,233
542,51,216,254,38,21,-195,233
474,64,82,252,170,19,-63,233
296,393,162,254,92,21,-141,233
298,398,200,254,54,21,-179,233
390,76,180,254,74,21,-159,233
559,537,123,233,110,0,-123,233
329,467,183,253,70,21,-162,232
320,283,82,232,150,0,-82,232
271,368,225,253,28,21,-204,232
466,62,202,251,49,19,-183,232
336,489,213,253,40,21,-192,232
419,519,207,253,46,21,-186,232
338,493,131,253,122,21,-110,232
415,517,89,253,164,21,-68,232
273,369,163,253,90,21,-142,232
330,469,207,253,46,21,-186,232
410,516,130,253,123,21,-109,232
86,384,151,232,81,0,-151,232
396,514,140,232,92,0,-140,232
511,55,130,232,102,0,-130,232
66,379,134,232,98,0,-134,232
309,421,82,232,150,0,-82,232
502,56,141,232,91,0,-141,232
456,526,115,232,117,0,-115,232
458,62,207,251,44,19,-188,232
557,537,171,253,82,21,-150,232
346,286,72,232,160,0,-72,232
542,533,66,232,166,0,-66,232
313,431,188,253,65,21,-167,232
367,284,180,231,51,0,-180,231
347,510,172,252,80,21,-151,231
291,385,161,252,91,21,-140,231
506,55,179,252,73,21,-158,231
474,531,182,252,70,21,-161,231
328,465,175,252,77,21,-154,231
382,514,138,231,93,0,-138,231
323,455,164,252,88,21,-143,231
488,59,152,252,100,21,-131,231
59,375,156,252,96,21,-135,231
16,321,136,231,95,0,-136,231
488,533,66,231,165,0,-66,231
515,55,129,231,102,0,-129,231
309,423,211,252,41,21,-190,231
366,284,204,231,27,0,-204,231
303,410,211,252,41,21,-190,231
335,486,197,252,55,21,-176,231
550,535,131,230,99,0,-131,230
430,67,154,233,79,3,-151,230
295,390,119,251,132,21,-98,230
520,55,166,251,85,21,-145,230
403,279,164,230,66,0,-164,230
394,74,140,251,111,21,-119,230
446,524,115,230,115,0,-115,230
461,527,89,230,141,0,-89,230
339,495,117,251,134,21,-96,230
25,348,156,251,95,21,-135,230
279,372,57,232,175,2,-55,230
564,49,110,230,120,0,-110,230
418,70,146,252,106,22,-124,230
273,368,59,230,171,0,-59,230
473,64,128,252,124,22,-106,230
63,377,74,230,156,0,-74,230
328,273,70,230,160,0,-70,230
554,50,127,230,103,0,-127,230
368,284,149,230,81,0,-149,230
306,415,92,250,158,21,-71,229
399,514,198,250,52,21,-177,229
496,534,50,229,179,0,-50,229
425,520,115,229,114,0,-115,229
532,54,89,229,140,0,-89,229
349,510,98,229,131,0,-98,229
480,62,103,229,126,0,-103,229
15,315,129,229,100,0,-129,229
61,376,78,250,172,21,-57,229
326,313,198,243,45,14,-184,229
270,367,221,250,29,21,-200,229
27,351,206,250,44,21,-185,229
569,539,121,251,130,22,-99,229
523,534,56,229,173,0,-56,229
465,62,181,246,65,17,-164,229
416,278,165,229,64,0,-165,229
87,384,140,229,89,0,-140,229
464,528,117,250,133,21,-96,229
524,55,170,250,80,21,-149,229
378,78,201,250,49,21,-180,229
471,342,145,229,84,0,-145,229
550,50,181,249,68,21,-160,228
443,67,154,231,77,3,-151,228
487,337,156,228,72,0,-156,228
407,515,115,228,113,0,-115,228
438,349,175,228,53,0,-175,228
292,386,143,249,106,21,-122,228
442,67,151,231,80,3,-148,228
417,278,160,228,68,0,-160,228
459,62,188,246,58,18,-170,228
391,76,103,249,146,21,-82,228
57,373,70,228,158,0,-70,228
286,378,114,243,129,15,-99,228
493,58,96,249,153,21,-75,228
418,278,157,228,71,0,-157,228
323,279,80,228,148,0,-80,228
403,72,140,228,88,0,-140,228
492,58,140,254,114,26,-114,228
285,378,205,253,48,25,-180,228
395,73,212,249,37,21,-191,228
377,282,118,228,110,0,-118,228
387,78,176,249,73,21,-155,228
444,67,154,231,77,3,-151,228
413,71,178,252,74,24,-154,228
301,404,132,249,117,21,-111,228
298,396,72,228,156,0,-72,228
290,383,91,245,154,17,-74,228
422,69,108,250,142,22,-86,228
536,533,132,255,123,28,-104,227
343,506,80,255,175,28,-52,227
328,315,146,243,97,16,-130,227
560,49,153,248,95,21,-132,227
296,391,76,227,151,0,-76,227
512,55,126,227,101,0,-126,227
514,55,126,227,101,0,-126,227
342,506,214,255,41,28,-186,227
420,278,152,227,75,0,-152,227
419,278,156,227,71,0,-156,227
140,381,164,227,63,0,-164,227
471,64,72,252,180,25,-47,227
452,525,120,227,107,0,-120,227
453,64,99,248,149,21,-78,227
140,382,76,227,151,0,-76,227
393,75,87,248,161,21,-66,227
378,282,98,227,129,0,-98,227
323,309,156,248,92,21,-135,227
330,468,158,248,90,21,-137,227
326,312,69,241,172,14,-55,227
358,286,43,227,184,0,-43,227
431,67,148,230,82,3,-145,227
324,310,137,242,105,15,-122,227
445,67,143,230,87,3,-140,227
327,273,180,248,68,21,-159,227
472,64,128,252,124,25,-103,227
527,55,110,227,117,0,-110,227
294,389,174,254,80,28,-146,226
372,283,133,226,93,0,-133,226
306,416,160,254,94,28,-132,226
548,535,198,247,49,21,-177,226
441,67,147,229,82,3,-144,226
371,283,156,226,70,0,-156,226
336,488,173,247,74,21,-152,226
320,448,171,247,76,21,-150,226
485,533,155,254,99,28,-127,226
466,343,176,226,50,0,-176,226
422,519,99,226,127,0,-99,226
16,324,194,247,53,21,-173,226
16,320,115,226,111,0,-115,226
339,496,172,254,82,28,-144,226
467,62,223,252,29,26,-197,226
404,279,156,226,70,0,-156,226
331,470,174,247,73,21,-153,226
547,51,125,226,101,0,-125,226
446,66,191,254,63,28,-163,226
555,536,116,226,110,0,-116,226
384,358,128,226,98,0,-128,226
415,71,113,235,122,9,-104,226
565,49,109,226,117,0,-109,226
309,422,163,247,84,21,-142,226
429,521,93,226,133,0,-93,226
325,311,109,245,136,19,-90,226
325,312,209,245,36,19,-190,226
472,342,105,226,121,0,-105,226
448,66,109,232,123,6,-103,226
448,525,195,247,52,21,-174,226
14,309,106,226,120,0,-106,226
477,62,232,252,20,26,-206,226
271,367,149,247,98,21,-128,226
560,537,105,226,121,0,-105,226
440,67,143,228,85,2,-141,226
432,522,105,247,142,21,-84,226
501,332,164,225,61,0,-164,225
329,272,70,225,155,0,-70,225
479,532,164,253,89,28,-136,225
473,530,95,225,130,0,-95,225
21,341,172,246,74,21,-151,225
20,337,98,225,127,0,-98,225
503,56,123,225,102,0,-123,225
388,77,195,253,58,28,-167,225
272,367,21,225,204,0,-21,225
328,464,92,246,154,21,-71,225
139,384,105,225,120,0,-105,225
374,512,109,246,137,21,-88,225
414,517,134,253,119,28,-106,225
390,77,78,225,147,0,-78,225
330,270,155,246,91,21,-134,225
404,514,102,225,123,0,-102,225
282,375,183,253,70,28,-155,225
333,476,112,246,134,21,-91,225
334,481,145,246,101,21,-124,225
345,286,56,225,169,0,-56,225
344,508,182,253,71,28,-154,225
483,61,112,228,116,3,-109,225
484,60,180,252,72,27,-153,225
463,344,157,225,68,0,-157,225
462,344,185,225,40,0,-185,225
535,533,105,246,141,21,-84,225
320,282,170,246,76,21,-149,225
366,285,68,225,157,0,-68,225
439,349,160,225,65,0,-160,225
513,55,125,224,99,0,-125,224
321,281,124,245,121,21,-103,224
432,67,141,227,86,3,-138,224
439,67,130,226,96,2,-128,224
278,372,158,250,92,26,-132,224
29,351,116,224,108,0,-116,224
482,532,98,224,126,0,-98,224
421,278,147,224,77,0,-147,224
320,449,215,252,37,28,-187,224
405,279,149,224,75,0,-149,224
293,388,224,252,28,28,-196,224
328,314,60,228,168,4,-56,224
287,380,181,252,71,28,-153,224
329,466,129,245,116,21,-108,224
385,358,101,224,123,0,-101,224
498,57,84,224,140,0,-84,224
444,348,145,224,79,0,-145,224
396,73,164,245,81,21,-143,224
88,384,125,224,99,0,-125,224
476,63,152,246,94,22,-130,224
304,412,204,252,48,28,-176,224
565,538,82,230,148,6,-76,224
404,72,131,224,93,0,-131,224
313,429,89,224,135,0,-89,224
452,64,150,254,104,30,-120,224
266,231,210,252,42,28,-182,224
331,471,219,252,33,28,-191,224
467,343,147,224,77,0,-147,224
274,231,188,245,57,21,-167,224
535,53,133,251,118,28,-105,223
469,530,214,251,37,28,-186,223
404,355,180,223,43,0,-180,223
26,350,214,251,37,28,-186,223
319,444,93,223,130,0,-93,223
406,279,145,223,78,0,-145,223
284,376,96,254,158,31,-65,223
488,337,120,223,103,0,-120,223
56,373,159,251,92,28,-131,223
311,426,140,251,111,28,-112,223
323,454,110,244,134,21,-89,223
446,67,80,226,146,3,-77,223
285,377,106,248,142,25,-81,223
433,67,133,225,92,2,-131,223
298,397,150,244,94,21,-129,223
464,62,169,240,71,17,-152,223
338,492,61,244,183,21,-40,223
368,360,176,223,47,0,-176,223
418,518,141,244,103,21,-120,223
367,360,189,223,34,0,-189,223
54,372,216,251,35,28,-188,223
139,387,133,251,118,28,-105,223
53,371,173,251,78,28,-145,223
410,354,172,223,51,0,-172,223
139,382,178,244,66,21,-157,223
360,79,56,223,167,0,-56,223
477,531,110,223,113,0,-110,223
498,56,209,251,42,28,-181,223
395,514,114,223,109,0,-114,223
16,325,213,250,37,28,-185,222
379,282,90,222,132,0,-90,222
499,333,160,222,62,0,-160,222
547,535,219,250,31,28,-191,222
325,276,128,243,115,21,-107,222
330,271,61,222,161,0,-61,222
525,534,119,243,124,21,-98,222
337,491,177,250,73,28,-149,222
67,379,106,222,116,0,-106,222
511,328,162,222,60,0,-162,222
335,483,105,222,117,0,-105,222
522,534,34,222,188,0,-34,222
498,333,197,222,25,0,-197,222
566,49,103,222,119,0,-103,222
310,424,142,250,108,28,-114,222
440,349,141,222,81,0,-141,222
289,382,129,254,125,32,-97,222
327,274,78,243,165,21,-57,222
408,279,137,222,85,0,-137,222
275,231,217,249,32,27,-190,222
283,375,93,250,157,28,-65,222
316,437,120,250,130,28,-92,222
342,500,39,222,183,0,-39,222
276,370,57,234,177,12,-45,222
383,514,115,222,107,0,-115,222
314,431,74,222,148,0,-74,222
460,62,177,240,63,18,-159,222
407,279,142,222,80,0,-142,222
351,79,53,222,169,0,-53,222
293,387,116,249,133,28,-88,221
497,534,28,221,193,0,-28,221
271,366,21,221,200,0,-21,221
27,350,123,242,119,21,-102,221
477,63,89,242,153,21,-68,221
372,79,50,221,171,0,-50,221
484,338,165,221,56,0,-165,221
47,366,87,221,134,0,-87,221
485,338,139,221,82,0,-139,221
570,539,86,241,155,20,-66,221
20,339,174,249,75,28,-146,221
386,358,95,221,126,0,-95,221
287,379,94,236,142,15,-79,221
329,316,140,242,102,21,-119,221
274,369,100,242,142,21,-79,221
377,513,143,242,99,21,-122,221
376,513,186,249,63,28,-158,221
496,535,221,249,28,28,-193,221
540,533,141,249,108,28,-113,221
376,359,140,221,81,0,-140,221
16,323,175,242,67,21,-154,221
422,278,143,221,78,0,-143,221
522,535,215,249,34,28,-187,221
48,367,116,221,105,0,-116,221
392,75,156,255,99,34,-122,221
76,383,205,249,44,28,-177,221
409,279,128,221,93,0,-128,221
302,405,87,220,133,0,-87,220
326,461,167,248,81,28,-139,220
434,67,128,222,94,2,-126,220
280,229,105,248,143,28,-77,220
465,528,80,241,161,21,-59,220
438,523,110,248,138,28,-82,220
551,535,98,220,122,0,-98,220
369,360,159,220,61,0,-159,220
326,459,0,220,220,0,0,220
336,263,219,248,29,28,-191,220
502,332,127,220,93,0,-127,220
326,274,203,248,45,28,-175,220
502,535,182,241,59,21,-161,220
541,52,114,241,127,21,-93,220
71,381,131,248,117,28,-103,220
467,529,167,248,81,28,-139,220
330,317,144,241,97,21,-123,220
461,62,174,237,63,17,-157,220
462,62,169,237,68,17,-152,220
405,355,164,220,56,0,-164,220
463,528,156,254,98,34,-122,220
373,283,116,220,104,0,-116,220
277,372,227,252,25,32,-195,220
322,452,99,241,142,21,-78,220
538,53,49,220,171,0,-49,220
269,365,129,254,125,34,-95,220
398,73,76,220,144,0,-76,220
411,516,93,241,148,21,-72,220
52,370,140,241,101,21,-119,220
269,366,218,254,36,34,-184,220
411,354,156,220,64,0,-156,220
555,50,114,220,106,0,-114,220
311,425,74,248,174,28,-46,220
60,376,182,254,72,34,-148,220
330,318,221,241,20,21,-200,220
495,57,194,248,54,28,-166,220
497,535,214,248,34,28,-186,220
463,62,166,236,70,17,-149,219
398,72,206,253,47,34,-172,219
369,284,112,219,107,0,-112,219
382,79,174,247,73,28,-146,219
419,518,59,240,181,21,-38,219
423,69,51,241,190,22,-29,219
482,339,123,219,96,0,-123,219
496,57,161,240,79,21,-140,219
447,524,82,219,137,0,-82,219
352,511,115,247,132,28,-87,219
140,389,222,253,31,34,-188,219
468,529,134,240,106,21,-113,219
342,505,156,247,91,28,-128,219
457,63,83,237,154,18,-65,219
521,535,210,247,37,28,-182,219
319,447,212,253,41,34,-178,219
405,72,122,219,97,0,-122,219
456,63,125,242,117,23,-102,219
344,286,39,219,180,0,-39,219
282,374,82,230,148,11,-71,219
377,359,128,219,91,0,-128,219
75,383,227,253,26,34,-193,219
468,343,136,219,83,0,-136,219
468,63,109,241,132,22,-87,219
451,65,80,230,150,11,-69,219
267,231,98,247,149,28,-70,219
324,458,209,253,44,34,-175,219
409,516,167,253,86,34,-133,219
498,535,210,247,37,28,-182,219
395,74,70,240,170,21,-49,219
385,79,184,247,63,28,-156,219
272,231,96,230,134,11,-85,219
327,462,90,247,157,28,-62,219
548,534,28,219,191,0,-28,219
515,535,182,240,58,21,-161,219
549,535,162,240,78,21,-141,219
294,388,68,247,179,28,-40,219
514,535,179,239,60,21,-158,218
273,231,151,239,88,21,-130,218
359,285,192,246,54,28,-164,218
304,411,147,246,99,28,-119,218
315,436,211,252,41,34,-177,218
315,433,0,218,218,0,0,218
127,383,178,246,68,28,-150,218
305,413,107,252,145,34,-73,218
526,534,139,246,107,28,-111,218
499,535,209,246,37,28,-181,218
568,539,152,254,102,36,-116,218
24,346,112,246,134,28,-84,218
337,490,122,246,124,28,-94,218
270,365,34,218,184,0,-34,218
300,401,96,246,150,28,-68,218
300,402,153,252,99,34,-119,218
14,310,131,239,108,21,-110,218
19,336,155,252,97,34,-121,218
500,535,199,246,47,28,-171,218
445,348,124,218,94,0,-124,218
431,522,145,252,107,34,-111,218
441,524,200,246,46,28,-172,218
438,67,128,220,92,2,-126,218
26,349,143,246,103,28,-115,218
489,533,64,218,154,0,-64,218
520,535,204,246,42,28,-176,218
337,263,142,246,104,28,-114,218
299,398,39,239,200,21,-18,218
548,51,107,218,111,0,-107,218
545,534,143,246,103,28,-115,218
326,275,99,245,146,28,-71,217
435,67,128,219,91,2,-126,217
455,63,167,248,81,31,-136,217
380,79,115,238,123,21,-94,217
513,535,174,238,64,21,-153,217
464,344,127,217,90,0,-127,217
503,535,175,238,63,21,-154,217
349,286,107,238,131,21,-86,217
412,354,146,217,71,0,-146,217
437,67,128,219,91,2,-126,217
543,533,59,217,158,0,-59,217
567,49,99,217,118,0,-99,217
436,67,128,219,91,2,-126,217
423,278,139,217,78,0,-139,217
540,52,146,245,99,28,-118,217
410,279,127,217,90,0,-127,217
128,383,209,251,42,34,-175,217
288,381,166,253,87,36,-130,217
55,373,226,251,25,34,-192,217
437,523,140,251,111,34,-106,217
362,285,194,245,51,28,-166,217
469,63,152,246,94,29,-123,217
574,540,141,240,99,23,-118,217
292,387,217,251,34,34,-183,217
60,375,72,238,166,21,-51,217
312,427,87,238,151,21,-66,217
321,450,134,251,117,34,-100,217
15,314,114,217,103,0,-114,217
365,285,147,238,91,21,-126,217
490,59,72,232,160,15,-57,217
384,281,126,245,119,28,-98,217
364,285,196,245,49,28,-168,217
334,480,119,238,119,21,-98,217
333,320,122,238,116,21,-101,217
266,232,101,245,144,28,-73,217
494,57,219,251,32,34,-185,217
457,526,98,216,118,0,-98,216
370,79,125,237,112,21,-104,216
310,423,72,237,165,21,-51,216
324,278,72,216,144,0,-72,216
444,524,154,237,83,21,-133,216
137,380,139,244,105,28,-111,216
22,344,206,250,44,34,-172,216
348,286,98,237,139,21,-77,216
268,233,141,244,103,28,-113,216
416,517,53,237,184,21,-32,216
334,321,120,237,117,21,-99,216
359,286,39,216,177,0,-39,216
393,74,206,255,49,39,-167,216
331,469,84,237,153,21,-63,216
55,372,123,244,121,28,-95,216
344,507,76,244,168,28,-48,216
54,371,92,244,152,28,-64,216
356,286,102,237,135,21,-81,216
478,63,26,232,206,16,-10,216
519,535,201,244,43,28,-173,216
331,318,141,237,96,21,-120,216
295,391,182,255,73,39,-143,216
337,489,59,237,178,21,-38,216
386,79,114,244,130,28,-86,216
369,511,111,237,126,21,-90,216
504,56,103,216,113,0,-103,216
316,436,59,244,185,28,-31,216
504,535,172,237,65,21,-151,216
413,354,133,216,83,0,-133,216
343,507,186,255,69,39,-147,216
332,472,122,250,128,34,-88,216
276,230,131,250,119,34,-97,216
424,68,184,247,63,31,-153,216
440,524,214,249,35,34,-180,215
332,473,163,254,91,39,-124,215
320,447,107,236,129,21,-86,215
310,425,206,254,48,39,-167,215
400,279,194,236,42,21,-173,215
141,389,175,249,74,34,-141,215
518,535,195,243,48,28,-167,215
573,540,172,244,72,29,-143,215
406,355,144,215,71,0,-144,215
336,487,124,236,112,21,-103,215
399,279,194,236,42,21,-173,215
317,439,82,236,154,21,-61,215
489,337,98,215,117,0,-98,215
281,229,157,254,97,39,-118,215
89,384,110,215,105,0,-110,215
401,279,191,236,45,21,-170,215
442,524,184,243,59,28,-156,215
275,230,61,242,181,27,-34,215
501,535,191,243,52,28,-163,215
375,512,46,236,190,21,-25,215
500,333,122,215,93,0,-122,215
278,371,32,227,195,12,-20,215
322,453,170,249,79,34,-136,215
533,54,74,215,141,0,-74,215
74,382,143,249,106,34,-109,215
523,535,222,249,27,34,-188,215
62,377,151,249,98,34,-117,215
381,79,141,243,102,28,-113,215
421,69,161,253,92,38,-123,215
298,399,239,254,15,39,-200,215
512,535,169,236,67,21,-148,215
529,54,168,254,86,39,-129,215
291,384,85,232,147,17,-68,215
505,535,169,236,67,21,-148,215
469,343,110,215,105,0,-110,215
13,303,99,236,137,21,-78,215
375,513,224,249,25,34,-190,215
534,533,82,236,154,21,-61,215
495,534,87,236,149,21,-66,215
427,68,55,220,165,5,-50,215
347,509,68,215,147,0,-68,215
287,228,132,236,104,21,-111,215
319,285,64,215,151,0,-64,215
521,534,28,215,187,0,-28,215
494,58,43,235,192,21,-22,214
506,535,167,235,68,21,-146,214
481,62,46,214,168,0,-46,214
335,322,122,235,113,21,-101,214
498,534,28,214,186,0,-28,214
371,79,93,235,142,21,-72,214
398,279,194,235,41,21,-173,214
539,52,172,248,76,34,-138,214
340,496,68,214,146,0,-68,214
333,475,72,235,163,21,-51,214
424,278,135,214,79,0,-135,214
417,518,175,248,73,34,-141,214
470,529,28,214,186,0,-28,214
408,515,90,214,124,0,-90,214
396,279,204,235,31,21,-183,214
19,335,110,242,132,28,-82,214
411,279,127,214,87,0,-127,214
473,342,90,214,124,0,-90,214
301,403,92,235,143,21,-71,214
441,349,119,214,95,0,-119,214
486,338,99,214,115,0,-99,214
462,527,72,214,142,0,-72,214
370,360,143,214,71,0,-143,214
46,366,171,248,77,34,-137,214
517,535,188,242,54,28,-160,214
322,281,39,214,175,0,-39,214
327,463,159,253,94,39,-120,214
507,535,163,235,72,21,-142,214
299,399,128,248,120,34,-94,214
77,383,175,242,67,28,-147,214
360,285,165,242,77,28,-137,214
386,78,225,253,28,39,-186,214
61,377,210,253,43,39,-171,214
406,72,114,214,100,0,-114,214
425,68,151,239,88,25,-126,214
511,535,165,235,70,21,-144,214
289,383,217,254,37,40,-177,214
361,285,166,241,75,28,-138,213
373,512,155,252,97,39,-116,213
363,79,144,241,97,28,-116,213
439,524,227,252,25,39,-188,213
283,376,206,254,48,41,-165,213
549,51,78,213,135,0,-78,213
318,441,76,213,137,0,-76,213
433,522,74,234,160,21,-53,213
453,525,89,213,124,0,-89,213
426,521,178,252,74,39,-139,213
454,64,60,234,174,21,-39,213
22,343,156,247,91,34,-122,213
369,79,141,241,100,28,-113,213
388,78,93,234,141,21,-72,213
512,328,98,213,115,0,-98,213
397,279,196,234,38,21,-175,213
379,513,46,213,167,0,-46,213
497,57,125,234,109,21,-104,213
546,535,234,252,18,39,-195,213
378,359,117,213,96,0,-117,213
286,228,116,234,118,21,-95,213
336,264,139,241,102,28,-111,213
321,449,68,241,173,28,-40,213
494,534,120,241,121,28,-92,213
303,228,149,234,85,21,-128,213
510,535,162,234,72,21,-141,213
315,435,163,247,84,34,-129,213
341,498,50,213,163,0,-50,213
445,524,144,233,89,21,-123,212
542,52,61,233,172,21,-40,212
423,68,223,251,28,39,-184,212
127,214,160,240,80,28,-132,212
305,414,178,255,77,43,-135,212
498,334,61,212,151,0,-61,212
81,383,111,212,101,0,-111,212
140,388,119,246,127,34,-85,212
166,384,160,240,80,28,-132,212
25,347,90,233,143,21,-69,212
457,62,226,253,27,41,-185,212
516,535,186,240,54,28,-158,212
443,524,167,240,73,28,-139,212
412,279,112,212,100,0,-112,212
385,281,99,240,141,28,-71,212
299,400,190,251,61,39,-151,212
363,511,92,233,141,21,-71,212
351,286,120,240,120,28,-92,212
332,471,76,240,164,28,-48,212
332,268,154,246,92,34,-120,212
534,53,165,255,90,43,-122,212
364,511,114,240,126,28,-86,212
439,523,76,240,164,28,-48,212
537,533,158,255,97,43,-115,212
509,535,159,233,74,21,-138,212
331,268,234,246,12,34,-200,212
341,501,222,251,29,39,-183,212
568,49,96,212,116,0,-96,212
458,527,175,251,76,39,-136,212
556,536,93,212,119,0,-93,212
304,410,80,233,153,21,-59,212
333,477,146,251,105,39,-107,212
304,228,114,233,119,21,-93,212
508,535,159,233,74,21,-138,212
320,446,34,212,178,0,-34,212
70,380,80,212,132,0,-80,212
487,60,82,212,130,0,-82,212
431,351,82,233,151,21,-61,212
78,383,147,233,86,21,-126,212
317,441,181,255,74,43,-138,212
416,71,97,220,123,9,-88,211
572,540,196,247,51,36,-160,211
521,55,190,254,64,43,-147,211
167,384,180,245,65,34,-146,211
312,429,190,254,64,43,-147,211
284,377,217,254,37,43,-174,211
304,409,21,211,190,0,-21,211
475,341,109,232,123,21,-88,211
303,407,53,211,158,0,-53,211
469,529,76,232,156,21,-55,211
414,354,112,211,99,0,-112,211
483,339,70,211,141,0,-70,211
271,231,11,215,204,4,-7,211
277,230,168,250,82,39,-129,211
544,534,174,250,76,39,-135,211
407,355,129,211,82,0,-129,211
350,286,114,239,125,28,-86,211
269,232,85,215,130,4,-81,211
401,513,64,211,147,0,-64,211
466,529,206,250,44,39,-167,211
305,412,53,239,186,28,-25,211
321,451,194,254,60,43,-151,211
425,278,131,211,80,0,-131,211
325,275,208,245,37,34,-174,211
491,58,178,254,76,43,-135,211
21,340,116,232,116,21,-95,211
322,451,64,232,168,21,-43,211
467,63,61,233,172,22,-39,211
355,286,116,239,123,28,-88,211
413,517,166,253,87,43,-123,210
493,57,235,253,18,43,-192,210
552,535,53,210,157,0,-53,210
571,539,57,230,173,20,-37,210
362,79,128,238,110,28,-100,210
364,79,167,244,77,34,-133,210
434,350,165,231,66,21,-144,210
470,63,189,249,60,39,-150,210
483,532,82,210,128,0,-82,210
280,374,207,254,47,44,-163,210
379,78,220,253,33,43,-177,210
379,79,89,231,142,21,-68,210
420,70,73,227,154,17,-56,210
331,270,39,231,192,21,-18,210
331,269,166,244,78,34,-132,210
394,514,87,210,123,0,-87,210
415,278,174,231,57,21,-153,210
59,374,64,210,146,0,-64,210
446,348,111,210,99,0,-111,210
538,52,201,251,50,41,-160,210
289,381,58,242,184,32,-26,210
422,520,208,253,45,43,-165,210
23,345,147,249,102,39,-108,210
556,50,103,210,107,0,-103,210
351,511,145,253,108,43,-102,210
126,383,148,238,90,28,-120,210
139,388,206,253,47,43,-163,210
191,374,170,249,79,39,-131,210
384,514,92,210,118,0,-92,210
475,63,195,249,54,39,-156,210
70,381,182,253,71,43,-139,210
141,381,56,209,153,0,-56,209
574,49,93,209,116,0,-93,209
336,324,213,230,17,21,-192,209
378,513,95,230,135,21,-74,209
332,319,124,237,113,28,-96,209
337,324,123,230,107,21,-102,209
407,72,103,209,106,0,-103,209
569,49,96,209,113,0,-96,209
325,277,50,209,159,0,-50,209
83,384,185,243,58,34,-151,209
331,319,221,237,16,28,-193,209
494,335,118,230,112,21,-97,209
561,537,89,209,120,0,-89,209
539,533,163,255,92,46,-117,209
368,79,164,243,79,34,-130,209
358,285,216,248,32,39,-177,209
184,378,211,252,41,43,-168,209
325,457,34,209,175,0,-34,209
528,55,93,209,116,0,-93,209
128,214,193,248,55,39,-154,209
324,311,202,246,44,37,-165,209
13,302,80,230,150,21,-59,209
426,520,78,209,131,0,-78,209
426,68,108,231,123,22,-86,209
14,308,93,209,116,0,-93,209
333,267,141,243,102,34,-107,209
318,444,193,252,59,43,-150,209
575,49,96,209,113,0,-96,209
495,335,59,230,171,21,-38,209
24,347,184,252,68,43,-141,209
499,57,28,209,181,0,-28,209
575,540,110,232,122,23,-87,209
493,534,138,243,105,34,-104,209
458,63,41,226,185,18,-23,208
295,389,59,229,170,21,-38,208
511,329,21,208,187,0,-21,208
75,382,95,242,147,34,-61,208
527,534,146,247,101,39,-107,208
339,364,112,208,96,0,-112,208
73,382,184,251,67,43,-141,208
338,364,117,208,91,0,-117,208
338,494,190,254,64,46,-144,208
475,64,52,227,175,19,-33,208
13,304,117,242,125,34,-83,208
436,523,165,251,86,43,-122,208
285,228,106,229,123,21,-85,208
559,49,173,254,81,46,-127,208
491,336,115,229,114,21,-94,208
334,482,174,251,77,43,-131,208
370,511,89,229,140,21,-68,208
562,538,173,254,81,46,-127,208
335,265,138,242,104,34,-104,208
321,280,214,247,33,39,-175,208
336,323,124,229,105,21,-103,208
334,266,139,242,103,34,-105,208
330,467,78,229,151,21,-57,208
343,286,34,208,174,0,-34,208
490,533,56,208,152,0,-56,208
523,55,192,254,62,46,-146,208
307,419,197,254,57,46,-151,208
430,351,129,236,107,28,-101,208
288,380,71,236,165,28,-43,208
570,49,93,208,115,0,-93,208
423,519,43,208,165,0,-43,208
437,349,194,229,35,21,-173,208
383,79,198,247,49,39,-159,208
426,278,127,208,81,0,-127,208
139,385,90,208,118,0,-90,208
416,518,208,251,43,43,-165,208
533,533,68,229,161,21,-47,208
393,280,136,235,99,28,-108,207
361,79,99,235,136,28,-71,207
374,283,99,207,108,0,-99,207
335,323,214,235,21,28,-186,207
324,455,64,207,143,0,-64,207
301,405,184,253,69,46,-138,207
342,504,101,235,134,28,-73,207
279,229,68,235,167,28,-40,207
306,414,64,228,164,21,-43,207
323,308,90,228,138,21,-69,207
326,462,219,250,31,43,-176,207
529,534,169,250,81,43,-126,207
316,438,170,253,83,46,-124,207
454,63,206,251,45,44,-162,207
505,56,84,207,123,0,-84,207
339,494,76,228,152,21,-55,207
311,427,199,253,54,46,-153,207
371,360,130,207,77,0,-130,207
566,538,75,218,143,11,-64,207
330,269,231,246,15,39,-192,207
15,313,102,207,105,0,-102,207
307,416,64,207,143,0,-64,207
344,81,122,253,131,46,-76,207
408,355,107,207,100,0,-107,207
383,281,152,246,94,39,-113,207
337,492,220,253,33,46,-174,207
420,518,21,207,186,0,-21,207
348,79,184,249,65,43,-141,206
65,378,46,206,160,0,-46,206
90,384,95,206,111,0,-95,206
352,286,127,240,113,34,-93,206
571,540,213,249,36,43,-170,206
337,262,215,249,34,43,-172,206
162,385,138,245,107,39,-99,206
347,79,219,252,33,46,-173,206
399,73,34,206,172,0,-34,206
503,332,92,206,114,0,-92,206
448,524,50,206,156,0,-50,206
478,531,90,206,116,0,-90,206
474,530,50,206,156,0,-50,206
379,359,110,206,96,0,-110,206
28,350,21,206,185,0,-21,206
354,286,120,240,120,34,-86,206
358,362,98,234,136,28,-70,206
64,379,206,252,46,46,-160,206
353,286,124,240,116,34,-90,206
82,383,103,206,103,0,-103,206
480,61,214,252,38,46,-168,206
340,364,107,206,99,0,-107,206
465,344,98,206,108,0,-98,206
573,49,92,206,114,0,-92,206
466,528,50,227,177,21,-29,206
357,362,128,234,106,28,-100,206
571,49,92,206,114,0,-92,206
395,318,129,206,77,0,-129,206
357,285,227,249,22,43,-184,206
334,479,95,227,132,21,-74,206
359,362,68,234,166,28,-40,206
363,285,223,245,22,39,-184,206
417,70,178,252,74,46,-132,206
501,333,43,206,163,0,-43,206
492,534,153,245,92,39,-114,206
528,534,155,248,93,43,-112,205
49,368,164,226,62,21,-143,205
378,514,213,251,38,46,-167,205
309,420,0,205,205,0,0,205
425,352,87,226,139,21,-66,205
350,510,74,205,131,0,-74,205
427,278,122,205,83,0,-122,205
413,279,89,205,116,0,-89,205
372,512,188,255,67,50,-138,205
372,360,112,205,93,0,-112,205
359,79,0,205,205,0,0,205
405,514,53,205,152,0,-53,205
367,79,181,244,63,39,-142,205
433,350,197,233,36,28,-169,205
365,79,184,244,60,39,-145,205
402,513,0,205,205,0,0,205
281,373,44,207,163,2,-42,205
353,511,76,233,157,28,-48,205
321,282,53,226,173,21,-32,205
14,282,138,238,100,34,-104,204
17,327,160,247,87,43,-117,204
72,381,82,232,150,28,-54,204
476,341,66,225,159,21,-45,204
392,280,151,238,87,34,-117,204
136,380,99,232,133,28,-71,204
394,357,76,225,149,21,-55,204
269,233,180,250,70,46,-134,204
466,63,26,223,197,19,-7,204
181,379,183,250,67,46,-137,204
335,264,214,247,33,43,-171,204
18,331,101,238,137,34,-67,204
365,511,128,243,115,39,-89,204
491,534,167,247,80,43,-124,204
45,365,177,250,73,46,-131,204
572,49,92,204,112,0,-92,204
367,285,0,204,204,0,0,204
384,79,204,247,43,43,-161,204
394,280,112,232,120,28,-84,204
549,50,196,254,58,50,-146,204
387,79,39,225,186,21,-18,204
484,61,68,207,139,3,-65,204
567,539,179,254,75,50,-129,204
341,364,103,204,101,0,-103,204
305,228,96,225,129,21,-75,204
346,80,139,254,115,50,-89,204
386,281,64,232,168,28,-36,204
461,344,194,225,31,21,-173,204
376,282,148,231,83,28,-120,203
14,311,159,242,83,39,-120,203
51,369,127,231,104,28,-99,203
537,52,220,252,32,49,-171,203
125,213,197,249,52,46,-151,203
274,370,203,254,51,51,-152,203
339,261,133,237,104,34,-99,203
124,213,164,246,82,43,-121,203
376,512,34,224,190,21,-13,203
13,306,163,249,86,46,-117,203
408,72,95,203,108,0,-95,203
374,513,236,249,13,46,-190,203
483,338,190,224,34,21,-169,203
371,78,221,253,32,50,-171,203
67,380,201,253,52,50,-151,203
340,499,213,253,40,50,-163,203
368,511,126,242,116,39,-87,203
557,50,96,203,107,0,-96,203
442,349,98,203,105,0,-98,203
13,305,136,246,110,43,-93,203
522,56,96,203,107,0,-96,203
473,531,206,253,47,50,-156,203
523,56,82,203,121,0,-82,203
373,79,0,203,203,0,0,203
165,384,137,231,94,28,-109,203
79,383,129,224,95,21,-108,203
362,511,78,224,146,21,-57,203
432,351,43,224,181,21,-22,203
521,56,74,203,129,0,-74,203
163,385,171,249,78,46,-125,203
435,350,141,224,83,21,-120,203
371,511,76,224,148,21,-55,203
375,359,154,224,70,21,-133,203
168,384,203,248,45,46,-157,202
365,361,116,223,107,21,-95,202
147,265,76,202,126,0,-76,202
147,264,131,202,71,0,-131,202
364,361,144,223,79,21,-123,202
183,378,178,245,67,43,-135,202
362,286,46,223,177,21,-25,202
349,79,144,245,101,43,-101,202
139,386,96,223,127,21,-75,202
417,353,154,223,69,21,-133,202
329,315,61,218,157,16,-45,202
329,465,80,223,143,21,-59,202
396,318,119,202,83,0,-119,202
335,482,72,202,130,0,-72,202
142,389,145,236,91,34,-111,202
147,263,98,202,104,0,-98,202
13,301,78,223,145,21,-57,202
428,68,5,205,200,3,-2,202
451,64,197,254,57,52,-145,202
428,278,116,202,86,0,-116,202
192,373,165,248,83,46,-119,202
406,319,133,202,69,0,-133,202
449,66,67,208,141,6,-61,202
343,364,99,202,103,0,-99,202
126,214,126,230,104,28,-98,202
344,285,208,236,28,34,-174,202
454,346,98,223,125,21,-77,202
462,528,188,255,67,53,-135,202
543,534,197,252,55,50,-147,202
543,52,21,216,195,14,-7,202
288,228,152,236,84,34,-118,202
453,526,193,252,59,50,-143,202
424,352,119,230,111,28,-91,202
125,383,129,230,101,28,-101,202
532,533,66,223,157,21,-45,202
149,265,68,202,134,0,-68,202
17,326,115,241,126,39,-76,202
422,68,241,253,12,51,-190,202
342,364,103,202,99,0,-103,202
403,355,194,223,29,21,-173,202
267,233,106,230,124,28,-78,202
471,63,221,252,31,50,-171,202
318,285,163,248,85,46,-117,202
364,286,39,223,184,21,-18,202
363,286,74,223,149,21,-53,202
116,384,135,223,88,21,-114,202
465,529,227,252,25,50,-177,202
46,365,93,229,136,28,-65,201
495,535,229,251,22,50,-179,201
296,394,200,254,54,53,-147,201
68,379,50,201,151,0,-50,201
332,474,194,254,60,53,-141,201
393,357,105,229,124,28,-77,201
284,228,99,222,123,21,-78,201
367,361,34,201,167,0,-34,201
304,413,239,254,15,53,-186,201
530,534,186,251,65,50,-136,201
404,515,205,254,49,53,-152,201
418,353,123,222,99,21,-102,201
15,319,200,251,51,50,-150,201
17,325,66,229,163,28,-38,201
97,385,144,235,91,34,-110,201
504,331,140,222,82,21,-119,201
23,346,215,254,39,53,-162,201
510,328,208,222,14,21,-187,201
377,79,21,201,180,0,-21,201
98,385,132,235,103,34,-98,201
505,55,195,254,59,53,-142,201
513,327,164,201,37,0,-164,201
435,523,182,251,69,50,-132,201
366,79,189,244,55,43,-146,201
350,78,222,254,32,53,-169,201
347,80,68,247,179,46,-22,201
424,69,39,223,184,22,-17,201
193,372,175,253,78,53,-122,200
332,269,34,234,200,34,0,200
324,276,209,250,41,50,-159,200
338,325,122,234,112,34,-88,200
323,453,72,221,149,21,-51,200
278,230,193,250,57,50,-143,200
352,79,0,200,200,0,0,200
290,382,40,217,177,17,-23,200
332,318,28,221,193,21,-7,200
345,285,219,239,20,39,-180,200
324,309,66,215,149,15,-51,200
400,514,211,250,39,50,-161,200
302,408,211,253,42,53,-158,200
409,355,82,200,118,0,-82,200
331,317,21,221,200,21,0,200
26,348,56,221,165,21,-35,200
297,393,53,200,147,0,-53,200
339,284,124,200,76,0,-124,200
370,284,80,200,120,0,-80,200
507,330,98,221,123,21,-77,200
430,521,74,200,126,0,-74,200
474,63,227,252,25,52,-175,200
16,318,50,200,150,0,-50,200
53,370,59,221,162,21,-38,200
415,518,237,253,16,53,-184,200
447,525,206,250,44,50,-156,200
128,382,61,233,172,34,-27,199
344,364,96,199,103,0,-96,199
538,533,169,255,86,56,-113,199
300,400,53,227,174,28,-25,199
536,52,234,253,19,54,-180,199
83,383,72,199,127,0,-72,199
299,401,227,252,25,53,-174,199
429,278,111,199,88,0,-111,199
490,534,184,249,65,50,-134,199
292,385,64,220,156,21,-43,199
487,59,187,252,65,53,-134,199
281,219,229,252,23,53,-176,199
430,522,179,252,73,53,-126,199
447,348,92,199,107,0,-92,199
484,533,175,255,80,56,-119,199
21,342,210,252,42,53,-157,199
298,395,0,199,199,0,0,199
15,312,74,199,125,0,-74,199
440,523,39,227,188,28,-11,199
470,343,78,199,121,0,-78,199
409,72,87,199,112,0,-87,199
338,491,46,220,174,21,-25,199
14,283,116,227,111,28,-88,199
378,79,43,220,177,21,-22,199
76,382,34,227,193,28,-6,199
159,386,123,245,122,46,-77,199
395,357,59,220,161,21,-38,199
544,52,14,199,185,0,-14,199
412,516,78,220,142,21,-57,199
22,342,102,233,131,34,-68,199
351,363,98,220,122,21,-77,199
391,75,218,255,37,56,-162,199
338,262,136,242,106,43,-93,199
391,280,161,238,77,39,-122,199
121,212,141,242,101,43,-98,199
373,360,87,199,112,0,-87,199
432,350,213,233,20,34,-179,199
131,382,188,251,63,53,-135,198
481,339,166,219,53,21,-145,198
17,328,189,248,59,50,-139,198
300,403,206,254,48,56,-150,198
505,331,93,219,126,21,-72,198
56,372,34,226,192,28,-6,198
455,346,53,219,166,21,-32,198
458,526,74,198,124,0,-74,198
124,383,128,226,98,28,-100,198
510,329,46,219,173,21,-25,198
551,536,210,251,41,53,-157,198
480,339,197,219,22,21,-176,198
395,280,80,226,146,28,-52,198
388,515,175,248,73,50,-125,198
434,522,66,219,153,21,-45,198
336,486,76,219,143,21,-55,198
398,513,21,198,177,0,-21,198
333,478,177,254,77,56,-121,198
380,359,101,198,97,0,-101,198
385,514,74,198,124,0,-74,198
392,357,133,232,99,34,-99,198
407,319,128,198,70,0,-128,198
443,348,171,226,55,28,-143,198
509,329,133,219,86,21,-112,198
400,356,134,226,92,28,-106,198
332,470,28,219,191,21,-7,198
436,350,109,219,110,21,-88,198
495,58,34,219,185,21,-13,198
492,336,80,219,139,21,-59,198
397,318,110,198,88,0,-110,198
33,355,137,240,103,43,-94,197
429,351,153,236,83,39,-114,197
367,511,133,243,110,46,-87,197
366,511,134,243,109,46,-88,197
282,219,187,250,63,53,-134,197
392,76,56,218,162,21,-35,197
330,316,46,218,172,21,-25,197
415,354,98,197,99,0,-98,197
361,78,223,253,30,56,-167,197
391,515,175,247,72,50,-125,197
557,536,59,197,138,0,-59,197
558,50,87,197,110,0,-87,197
308,418,46,197,151,0,-46,197
544,533,50,197,147,0,-50,197
499,334,0,197,197,0,0,197
350,511,175,253,78,56,-119,197
426,352,72,218,146,21,-51,197
343,285,187,231,44,34,-153,197
336,485,21,197,176,0,-21,197
14,307,90,197,107,0,-90,197
514,327,126,197,71,0,-126,197
426,67,220,251,31,55,-165,196
190,375,183,252,69,56,-127,196
350,363,118,224,106,28,-90,196
389,515,172,246,74,50,-122,196
80,383,119,217,98,21,-98,196
20,336,61,196,135,0,-61,196
360,362,46,224,178,28,-18,196
160,386,160,252,92,56,-104,196
393,514,68,196,128,0,-68,196
550,51,50,196,146,0,-50,196
490,336,159,230,71,34,-125,196
294,387,28,224,196,28,0,196
96,385,144,235,91,39,-105,196
293,386,34,217,183,21,-13,196
493,335,170,230,60,34,-136,196
339,326,122,235,113,39,-83,196
420,69,200,253,53,57,-143,196
141,219,141,230,89,34,-107,196
23,344,61,230,169,34,-27,196
274,230,27,217,190,21,-6,196
50,368,98,217,119,21,-77,196
329,317,218,242,24,46,-172,196
408,319,120,196,76,0,-120,196
91,384,82,196,114,0,-82,196
130,382,147,249,102,53,-94,196
556,537,197,255,58,59,-138,196
470,64,50,221,171,25,-25,196
352,363,78,217,139,21,-57,196
275,371,234,253,19,57,-177,196
328,463,59,217,158,21,-38,196
419,353,112,217,105,21,-91,196
288,382,242,254,12,58,-184,196
122,212,177,252,75,56,-121,196
387,358,90,217,127,21,-69,196
268,230,114,241,127,46,-68,195
402,355,203,223,20,28,-175,195
490,58,209,254,45,59,-150,195
95,385,150,238,88,43,-107,195
45,364,106,229,123,34,-72,195
489,534,208,251,43,56,-152,195
490,337,68,195,127,0,-68,195
362,361,177,223,46,28,-149,195
363,361,160,223,63,28,-132,195
294,390,229,254,25,59,-170,195
180,379,144,241,97,46,-98,195
184,377,87,238,151,43,-44,195
18,330,70,229,159,34,-36,195
282,229,182,254,72,59,-123,195
531,533,64,216,152,21,-43,195
361,511,74,216,142,21,-53,195
117,384,150,229,79,34,-116,195
147,387,110,241,131,46,-64,195
449,524,21,195,174,0,-21,195
524,535,229,251,22,56,-173,195
25,349,221,251,30,56,-165,195
99,385,135,229,94,34,-101,195
356,362,153,234,81,39,-114,195
278,373,232,252,20,57,-175,195
193,371,99,248,149,53,-46,195
350,79,101,238,137,43,-58,195
17,329,197,248,51,53,-144,195
390,280,181,238,57,43,-138,195
506,56,53,195,142,0,-53,195
542,534,217,254,37,59,-158,195
497,334,124,216,92,21,-103,195
449,347,129,216,87,21,-108,195
345,364,93,195,102,0,-93,195
342,503,66,223,157,28,-38,195
326,311,19,209,190,14,-5,195
414,279,64,195,131,0,-64,195
389,78,28,195,167,0,-28,195
340,284,159,216,57,21,-138,195
476,277,98,195,97,0,-98,195
336,490,237,254,17,59,-178,195
396,280,43,216,173,21,-22,195
475,277,115,195,80,0,-115,195
5,572,228,255,27,61,-167,194
398,318,101,194,93,0,-101,194
533,53,191,255,64,61,-130,194
298,227,110,194,84,0,-110,194
2,573,61,255,194,61,0,194
2,572,128,255,127,61,-67,194
2,571,253,255,2,61,-192,194
4,571,61,255,194,61,0,194
491,59,59,209,150,15,-44,194
431,278,107,194,87,0,-107,194
334,322,203,237,34,43,-160,194
417,71,74,203,129,9,-65,194
18,332,130,244,114,50,-80,194
404,356,21,194,173,0,-21,194
283,228,92,215,123,21,-71,194
320,281,226,247,21,53,-173,194
392,318,156,215,59,21,-135,194
508,330,56,215,159,21,-35,194
570,540,230,251,21,57,-173,194
391,318,164,215,51,21,-143,194
281,220,145,247,102,53,-92,194
529,55,68,194,126,0,-68,194
462,345,21,194,173,0,-21,194
327,312,14,198,184,4,-10,194
477,277,96,194,98,0,-96,194
430,278,110,194,84,0,-110,194
321,448,28,215,187,21,-7,194
390,515,171,244,73,50,-121,194
390,318,175,215,40,21,-154,194
375,283,80,194,114,0,-80,194
16,319,84,215,131,21,-63,194
4,572,161,255,94,61,-100,194
466,344,64,194,130,0,-64,194
513,328,39,194,155,0,-39,194
299,227,111,194,83,0,-111,194
72,382,218,253,35,59,-159,194
410,72,80,194,114,0,-80,194
115,384,124,215,91,21,-103,194
418,519,240,253,13,59,-181,194
300,227,106,194,88,0,-106,194
541,51,233,255,22,61,-172,194
342,502,70,222,152,28,-42,194
342,501,90,222,132,28,-62,194
413,516,61,194,133,0,-61,194
272,369,230,253,23,59,-171,194
326,314,243,244,1,50,-193,194
479,63,16,194,178,0,-16,194
478,532,193,253,60,59,-134,194
100,385,145,237,92,43,-102,194
327,464,217,253,36,59,-158,194
438,350,21,194,173,0,-21,194
3,574,243,255,12,61,-182,194
3,573,158,255,97,61,-97,194
3,572,255,255,0,61,-194,194
3,571,141,255,114,61,-80,194
434,523,202,252,50,59,-143,193
461,345,64,214,150,21,-43,193
315,437,244,252,8,59,-185,193
19,337,196,254,58,61,-135,193
553,535,0,193,193,0,0,193
336,322,28,214,186,21,-7,193
381,359,92,193,101,0,-92,193
319,443,43,193,150,0,-43,193
98,211,123,236,113,43,-80,193
5,573,207,255,48,62,-145,193
5,574,248,255,7,62,-186,193
342,285,154,221,67,28,-126,193
572,539,43,213,170,20,-23,193
175,381,134,246,112,53,-81,193
366,361,76,214,138,21,-55,193
387,515,179,249,70,56,-123,193
474,341,158,232,74,39,-119,193
453,63,234,253,19,60,-174,193
450,347,85,214,129,21,-64,193
396,357,53,214,161,21,-32,193
471,529,0,193,193,0,0,193
454,525,50,193,143,0,-50,193
129,383,233,254,21,61,-172,193
52,371,221,252,31,59,-162,193
190,374,93,232,139,39,-54,193
129,382,105,246,141,53,-52,193
401,356,106,221,115,28,-78,193
414,278,185,232,47,39,-146,193
479,531,59,193,134,0,-59,193
409,319,114,193,79,0,-114,193
27,349,28,214,186,21,-7,193
531,534,203,252,49,59,-144,193
458,345,158,220,62,28,-130,192
409,515,61,192,131,0,-61,192
433,351,34,213,179,21,-13,192
393,318,148,213,65,21,-127,192
337,488,21,213,192,21,0,192
285,376,43,217,174,25,-18,192
19,334,80,220,140,28,-52,192
337,493,244,253,9,61,-183,192
459,345,137,220,83,28,-109,192
4,574,204,255,51,63,-141,192
134,381,146,251,105,59,-87,192
460,345,109,220,111,28,-81,192
395,279,216,235,19,43,-173,192
340,83,218,253,35,61,-157,192
332,320,206,238,32,46,-160,192
1,572,61,253,192,61,0,192
1,570,251,253,2,61,-190,192
3,570,61,253,192,61,0,192
370,283,183,226,43,34,-149,192
120,212,114,226,112,34,-80,192
399,356,155,226,71,34,-121,192
380,513,0,192,192,0,0,192
468,62,233,253,20,61,-172,192
472,277,101,192,91,0,-101,192
562,537,72,192,120,0,-72,192
2,570,132,253,121,61,-71,192
1,571,128,253,125,61,-67,192
480,340,46,213,167,21,-25,192
182,378,133,235,102,43,-90,192
320,284,0,192,192,0,0,192
463,277,105,192,87,0,-105,192
408,516,192,253,61,61,-131,192
353,363,68,213,145,21,-47,192
14,281,163,245,82,53,-110,192
484,532,72,192,120,0,-72,192
343,81,191,253,62,61,-130,192
17,324,28,213,185,21,-7,192
189,375,118,248,130,56,-62,192
132,382,208,253,45,61,-147,192
524,56,46,192,146,0,-46,192
500,57,0,192,192,0,0,192
337,323,21,213,192,21,0,192
389,280,189,238,49,46,-143,192
50,369,180,235,55,43,-137,192
412,517,194,253,59,61,-133,192
380,282,80,212,132,21,-59,191
297,227,106,191,85,0,-106,191
566,539,201,255,54,64,-137,191
487,338,53,191,138,0,-53,191
358,79,0,191,191,0,0,191
470,277,101,191,90,0,-101,191
534,54,61,191,130,0,-61,191
305,415,228,255,27,64,-164,191
443,349,68,191,123,0,-68,191
13,286,151,252,101,61,-90,191
371,512,211,255,44,64,-147,191
495,334,209,230,21,39,-170,191
468,277,102,191,89,0,-102,191
464,277,102,191,89,0,-102,191
146,388,232,250,18,59,-173,191
337,264,28,219,191,28,0,191
402,280,21,191,170,0,-21,191
301,227,96,191,95,0,-96,191
52,369,64,212,148,21,-43,191
456,346,50,212,162,21,-29,191
346,364,87,191,104,0,-87,191
118,384,163,234,71,43,-120,191
306,417,207,255,48,64,-143,191
469,277,101,191,90,0,-101,191
466,277,102,191,89,0,-102,191
420,353,99,212,113,21,-78,191
467,277,102,191,89,0,-102,191
327,461,43,219,176,28,-15,191
396,74,21,212,191,21,0,191
346,508,0,191,191,0,0,191
471,277,101,191,90,0,-101,191
465,277,102,191,89,0,-102,191
337,325,207,234,27,43,-164,191
412,71,186,252,66,61,-125,191
1,569,127,251,124,61,-66,190
332,267,217,246,29,56,-161,190
316,439,207,254,47,64,-143,190
0,569,250,251,1,61,-189,190
2,569,61,251,190,61,0,190
114,211,92,233,141,43,-49,190
399,513,50,211,161,21,-29,190
310,422,21,211,190,21,0,190
114,384,118,211,93,21,-97,190
14,312,174,251,77,61,-113,190
73,381,59,218,159,28,-31,190
22,345,230,251,21,61,-169,190
386,515,181,249,68,59,-122,190
392,515,180,249,69,59,-121,190
382,281,170,246,76,56,-114,190
133,381,99,240,141,50,-49,190
374,359,170,224,54,34,-136,190
484,339,21,190,169,0,-21,190
428,351,173,236,63,46,-127,190
321,452,232,254,22,64,-168,190
0,571,61,251,190,61,0,190
0,570,123,251,128,61,-62,190
115,211,132,240,108,50,-82,190
399,318,92,190,98,0,-92,190
400,513,74,211,137,21,-53,190
123,213,129,233,104,43,-86,190
360,361,213,224,11,34,-179,190
286,377,25,205,180,15,-10,190
559,50,68,190,122,0,-68,190
432,278,106,190,84,0,-106,190
520,56,43,190,147,0,-43,190
94,385,160,243,83,53,-107,190
372,511,64,211,147,21,-43,190
366,360,201,224,23,34,-167,190
431,350,224,233,9,43,-181,190
361,361,196,224,28,34,-162,190
145,388,197,249,52,59,-138,190
101,385,158,243,85,53,-105,190
313,428,43,190,147,0,-43,190
22,341,53,210,157,21,-32,189
146,387,76,235,159,46,-30,189
356,512,194,255,61,66,-128,189
279,230,216,248,32,59,-157,189
139,379,123,210,87,21,-102,189
376,79,0,189,189,0,0,189
194,369,96,239,143,50,-46,189
164,384,103,217,114,28,-75,189
295,227,102,189,87,0,-102,189
296,227,103,189,86,0,-103,189
437,350,64,210,146,21,-43,189
368,361,0,189,189,0,0,189
383,358,150,228,78,39,-111,189
1,568,61,250,189,61,0,189
293,227,98,189,91,0,-98,189
0,568,117,250,133,61,-56,189
294,227,101,189,88,0,-101,189
499,534,28,210,182,21,-7,189
393,515,184,250,66,61,-123,189
49,367,53,189,136,0,-53,189
374,79,0,189,189,0,0,189
156,387,145,253,108,64,-81,189
433,278,105,189,84,0,-105,189
434,278,102,189,87,0,-102,189
140,379,159,210,51,21,-138,189
520,534,28,210,182,21,-7,189
138,379,90,210,120,21,-69,189
375,79,0,189,189,0,0,189
323,456,207,253,46,64,-143,189
391,357,157,232,75,43,-114,189
62,376,39,210,171,21,-18,189
357,512,192,255,63,66,-126,189
411,72,77,189,112,0,-77,189
459,63,19,207,188,18,-1,189
17,330,216,248,32,59,-157,189
385,515,188,250,62,61,-127,189
276,231,242,250,8,61,-181,189
496,334,175,217,42,28,-147,189
453,346,139,223,84,34,-105,189
6,575,247,249,2,61,-186,188
19,566,103,249,146,61,-42,188
155,387,122,249,127,61,-61,188
532,534,216,252,36,64,-152,188
17,563,95,249,154,61,-34,188
17,562,144,249,105,61,-83,188
178,380,164,254,90,66,-98,188
7,577,110,249,139,61,-49,188
332,475,207,254,47,66,-141,188
20,571,91,249,158,61,-30,188
103,385,167,244,77,56,-111,188
338,90,102,249,147,61,-41,188
19,567,95,249,154,61,-34,188
314,430,21,188,167,0,-21,188
338,91,165,249,84,61,-104,188
8,575,61,249,188,61,0,188
18,565,90,249,159,61,-29,188
359,361,224,234,10,46,-178,188
18,564,101,249,148,61,-40,188
333,321,200,238,38,50,-150,188
292,227,95,188,93,0,-95,188
500,534,28,209,181,21,-7,188
148,387,116,241,125,53,-63,188
13,300,72,216,144,28,-44,188
386,514,61,188,127,0,-61,188
427,352,66,209,143,21,-45,188
141,388,34,222,188,34,0,188
278,229,59,216,157,28,-31,188
55,371,28,216,188,28,0,188
291,386,220,252,32,64,-156,188
358,512,192,254,62,66,-126,188
496,335,39,209,170,21,-18,188
394,318,139,209,70,21,-118,188
541,534,232,254,22,66,-166,188
345,80,192,254,62,66,-126,188
6,577,61,249,188,61,0,188
44,364,185,244,59,56,-129,188
6,576,110,249,139,61,-49,188
318,286,109,234,125,46,-63,188
463,527,53,188,135,0,-53,188
48,368,189,241,52,53,-136,188
567,538,64,201,137,13,-51,188
8,577,247,249,2,61,-186,188
8,576,128,249,121,61,-67,188
58,375,210,252,42,64,-146,188
125,214,89,216,127,28,-61,188
120,384,179,241,62,53,-126,188
7,576,249,249,0,61,-188,188
488,534,218,252,34,64,-154,188
104,385,159,244,85,56,-103,188
7,575,128,249,121,61,-67,188
410,355,46,188,142,0,-46,188
410,319,107,188,81,0,-107,188
479,277,93,188,95,0,-93,188
417,517,43,208,165,21,-22,187
337,364,125,208,83,21,-104,187
119,384,172,237,65,50,-122,187
5,556,91,248,157,61,-30,187
545,52,0,187,187,0,0,187
13,559,95,248,153,61,-34,187
14,560,88,248,160,61,-27,187
14,559,144,248,104,61,-83,187
3,556,91,248,157,61,-30,187
349,363,137,226,89,39,-98,187
6,573,62,248,186,61,-1,187
15,560,120,248,128,61,-59,187
6,574,128,248,120,61,-67,187
481,277,92,187,95,0,-92,187
355,512,197,255,58,68,-129,187
354,512,203,255,52,68,-135,187
11,558,90,248,158,61,-29,187
5,575,109,248,139,61,-48,187
320,450,241,255,14,68,-173,187
488,60,53,187,134,0,-53,187
388,280,197,237,40,50,-147,187
4,575,63,248,185,61,-2,187
341,504,223,253,30,66,-157,187
342,286,34,187,153,0,-34,187
558,49,190,255,65,68,-122,187
423,352,156,230,74,43,-113,187
24,345,53,215,162,28,-25,187
20,570,100,249,149,62,-38,187
354,511,70,215,145,28,-42,187
16,561,120,248,128,61,-59,187
16,562,88,248,160,61,-27,187
480,277,92,187,95,0,-92,187
506,330,158,221,63,34,-124,187
326,276,34,208,174,21,-13,187
325,310,37,202,165,15,-22,187
340,84,148,248,100,61,-87,187
9,557,95,248,153,61,-34,187
20,574,91,248,157,61,-30,187
20,572,89,248,159,61,-28,187
20,573,89,248,159,61,-28,187
12,558,101,248,147,61,-40,187
10,557,103,248,145,61,-42,187
291,227,90,187,97,0,-90,187
283,219,111,240,129,53,-58,187
142,219,165,230,65,43,-122,187
4,556,89,248,159,61,-28,187
171,383,190,248,58,61,-129,187
338,263,43,215,172,28,-15,187
2,556,101,248,147,62,-39,186
318,284,215,250,35,64,-151,186
317,438,64,207,143,21,-43,186
487,534,231,252,21,66,-165,186
331,468,21,207,186,21,0,186
416,354,82,186,104,0,-82,186
269,230,68,190,122,4,-64,186
9,577,128,247,119,61,-67,186
528,54,194,254,60,68,-126,186
145,387,59,232,173,46,-13,186
14,284,103,214,111,28,-75,186
388,358,82,207,125,21,-61,186
400,73,0,186,186,0,0,186
482,277,90,186,96,0,-90,186
333,474,66,207,141,21,-45,186
9,576,61,247,186,61,0,186
400,318,82,186,104,0,-82,186
533,534,223,252,29,66,-157,186
133,382,225,254,29,68,-157,186
5,576,61,247,186,61,0,186
355,362,172,236,64,50,-122,186
21,339,74,207,133,21,-53,186
7,574,61,247,186,61,0,186
293,389,247,254,7,68,-179,186
435,278,102,186,84,0,-102,186
161,385,105,225,120,39,-66,186
436,278,99,186,87,0,-99,186
433,523,219,252,33,66,-153,186
441,523,34,214,180,28,-6,186
172,383,219,252,33,66,-153,186
121,384,191,247,56,61,-130,186
339,497,214,254,40,68,-146,186
341,83,153,247,94,61,-92,186
302,227,78,186,108,0,-78,186
346,285,225,242,17,56,-169,186
129,214,220,252,32,66,-154,186
343,505,28,214,186,28,0,186
342,82,162,252,90,66,-96,186
346,79,247,254,7,68,-179,186
16,326,229,252,23,66,-163,186
338,324,43,207,164,21,-22,186
6,556,101,248,147,62,-39,186
336,364,133,207,74,21,-112,186
336,265,43,214,171,28,-15,186
64,377,0,186,186,0,0,186
113,384,112,207,95,21,-91,186
346,510,215,254,39,68,-147,186
448,65,208,253,45,67,-141,186
20,575,100,248,148,62,-38,186
93,385,168,247,79,61,-107,186
105,385,158,241,83,56,-102,185
483,277,90,185,95,0,-90,185
479,340,89,213,124,28,-61,185
276,372,249,252,3,67,-182,185
266,233,92,213,121,28,-64,185
329,270,222,246,24,61,-161,185
415,279,39,185,146,0,-39,185
268,229,190,253,63,68,-122,185
306,228,93,206,113,21,-72,185
333,319,46,206,160,21,-25,185
465,63,19,202,183,17,-2,185
463,345,0,185,185,0,0,185
361,362,34,213,179,28,-6,185
18,334,191,251,60,66,-125,185
447,67,28,191,163,6,-22,185
359,512,198,253,55,68,-130,185
135,380,84,213,129,28,-56,185
157,387,167,253,86,68,-99,185
338,261,204,246,42,61,-143,185
534,534,229,253,24,68,-161,185
467,528,39,206,167,21,-18,185
457,345,180,219,39,34,-146,185
455,64,44,206,162,21,-23,185
123,383,123,224,101,39,-84,185
341,502,210,251,41,66,-144,185
341,503,213,251,38,66,-147,185
301,402,56,206,150,21,-35,185
99,211,92,228,136,43,-49,185
284,218,138,253,115,68,-70,185
12,297,194,253,59,68,-126,185
12,296,188,253,65,68,-120,185
12,295,180,253,73,68,-112,185
283,218,206,253,47,68,-138,185
412,72,76,187,111,2,-74,185
394,75,39,206,167,21,-18,185
280,372,2,187,185,2,0,185
13,307,192,251,59,66,-126,185
405,319,141,206,65,21,-120,185
84,383,34,185,151,0,-34,185
275,369,51,203,152,18,-33,185
477,341,53,206,153,21,-32,185
341,82,221,254,33,70,-151,184
347,364,76,184,108,0,-76,184
191,373,84,223,139,39,-45,184
327,315,228,244,16,60,-168,184
411,319,102,184,82,0,-102,184
392,514,61,184,123,0,-61,184
413,72,61,186,125,2,-59,184
483,60,207,252,45,68,-139,184
106,385,164,243,79,59,-105,184
353,512,215,254,39,70,-145,184
18,333,151,248,97,64,-87,184
177,380,127,240,113,56,-71,184
20,569,121,249,128,65,-56,184
374,360,59,184,125,0,-59,184
394,515,196,252,56,68,-128,184
491,533,50,184,134,0,-50,184
484,277,90,184,94,0,-90,184
144,388,129,243,114,59,-70,184
402,356,61,212,151,28,-33,184
382,359,78,184,106,0,-78,184
345,81,78,230,152,46,-32,184
302,228,173,234,61,50,-123,184
452,65,52,197,145,13,-39,184
302,404,46,184,138,0,-46,184
360,512,199,253,54,70,-129,183
397,280,21,204,183,21,0,183
421,70,57,200,143,17,-40,183
461,528,214,255,41,72,-142,183
130,215,142,247,105,64,-78,183
1,556,120,248,128,65,-55,183
437,278,96,183,87,0,-96,183
371,284,34,183,149,0,-34,183
138,380,180,244,64,61,-119,183
398,356,170,226,56,43,-127,183
194,370,140,249,109,66,-74,183
7,556,120,248,128,65,-55,183
102,385,167,244,77,61,-106,183
519,534,28,204,176,21,-7,183
483,533,192,255,63,72,-120,183
269,364,72,217,145,34,-38,183
387,280,209,236,27,53,-156,183
485,277,89,183,94,0,-89,183
316,435,34,211,177,28,-6,183
482,62,3,186,183,3,0,183
44,363,127,226,99,43,-84,183
290,227,84,183,99,0,-84,183
333,268,56,217,161,34,-22,183
429,68,3,186,183,3,0,183
20,576,121,248,127,65,-56,183
451,347,78,204,126,21,-57,183
515,327,80,183,103,0,-80,183
486,277,89,182,93,0,-89,182
59,376,238,254,16,72,-166,182
394,73,240,252,12,70,-170,182
404,319,148,210,62,28,-120,182
322,454,221,254,33,72,-149,182
287,381,236,253,17,71,-165,182
323,310,215,248,33,66,-149,182
389,318,180,210,30,28,-152,182
15,561,82,243,161,61,-21,182
475,530,21,182,161,0,-21,182
3,575,186,243,57,61,-125,182
403,356,28,203,175,21,-7,182
2,575,242,243,1,61,-181,182
282,228,76,203,127,21,-55,182
30,352,127,225,98,43,-84,182
315,432,0,182,182,0,0,182
328,316,218,243,25,61,-157,182
334,478,74,203,129,21,-53,182
333,266,210,248,38,66,-144,182
334,483,202,254,52,72,-130,182
139,218,178,246,68,64,-114,182
192,372,87,228,141,46,-41,182
401,318,70,182,112,0,-70,182
309,424,237,254,17,72,-165,182
412,319,98,182,84,0,-98,182
327,275,28,203,175,21,-7,182
530,533,59,203,144,21,-38,182
500,332,206,225,19,43,-163,182
112,384,102,203,101,21,-81,182
268,365,217,254,37,72,-145,182
561,538,192,254,62,72,-120,182
267,232,28,210,182,28,0,182
135,381,189,252,63,70,-119,182
2,574,98,243,145,61,-37,182
158,386,90,228,138,46,-44,182
450,524,0,182,182,0,0,182
71,380,43,182,139,0,-43,182
164,385,197,250,53,68,-129,182
361,512,206,254,48,72,-134,182
297,397,228,254,26,72,-156,182
296,390,39,182,143,0,-39,182
18,329,59,216,157,34,-25,182
51,370,212,246,34,64,-148,182
336,355,168,203,35,21,-147,182
338,326,199,235,36,53,-146,182
337,355,125,203,78,21,-104,182
345,507,28,182,154,0,-28,182
92,385,177,250,73,68,-109,182
342,499,0,182,182,0,0,182
16,317,0,182,182,0,0,182
335,321,43,203,160,21,-22,182
138,218,151,238,87,56,-95,182
353,79,0,182,182,0,0,182
2,577,62,242,180,61,-1,181
2,576,184,242,58,61,-123,181
3,576,63,242,179,61,-2,181
12,299,197,253,56,72,-125,181
12,298,197,253,56,72,-125,181
1,576,242,242,0,61,-181,181
489,58,232,253,21,72,-160,181
487,277,87,181,94,0,-87,181
320,445,0,181,181,0,0,181
488,277,87,181,94,0,-87,181
13,287,123,234,111,53,-70,181
332,476,235,253,18,72,-163,181
532,53,215,255,40,74,-141,181
113,210,206,253,47,72,-134,181
269,228,188,253,65,72,-116,181
112,210,203,253,50,72,-131,181
140,219,109,215,106,34,-75,181
478,340,137,215,78,34,-103,181
387,514,59,181,122,0,-59,181
310,426,248,255,7,74,-174,181
323,280,0,181,181,0,0,181
318,440,43,181,138,0,-43,181
128,215,66,220,154,39,-27,181
340,260,143,237,94,56,-87,181
149,264,150,202,52,21,-129,181
334,265,209,245,36,64,-145,181
56,374,228,251,23,70,-158,181
127,382,34,209,175,28,-6,181
424,519,0,181,181,0,0,181
343,257,167,247,80,66,-101,181
195,368,209,249,40,68,-141,181
362,512,216,255,39,74,-142,181
551,51,21,181,160,0,-21,181
1,574,61,242,181,61,0,181
154,387,105,240,135,59,-46,181
438,278,95,181,86,0,-95,181
1,575,94,242,148,61,-33,181
19,565,178,249,71,68,-110,181
158,387,201,253,52,72,-129,181
435,522,59,202,143,21,-38,181
0,575,61,242,181,61,0,181
0,576,94,242,148,61,-33,181
141,380,144,209,65,28,-116,181
333,479,203,254,51,74,-129,180
338,284,89,180,91,0,-89,180
357,79,0,180,180,0,0,180
20,568,167,249,82,69,-98,180
448,348,70,180,110,0,-70,180
354,362,186,236,50,56,-130,180
268,364,134,252,118,72,-62,180
111,210,199,252,53,72,-127,180
328,274,21,180,159,0,-21,180
472,63,252,252,0,72,-180,180
341,285,118,208,90,28,-90,180
341,259,145,239,94,59,-86,180
457,527,198,254,56,74,-124,180
539,53,41,201,160,21,-20,180
293,341,102,208,106,28,-74,180
195,369,221,252,31,72,-149,180
18,563,192,249,57,69,-123,180
419,69,227,253,26,73,-154,180
565,539,218,255,37,75,-143,180
294,341,191,208,17,28,-163,180
397,356,186,226,40,46,-140,180
31,353,131,226,95,46,-85,180
391,77,21,180,159,0,-21,180
62,378,230,254,24,74,-156,180
391,514,59,180,121,0,-59,180
504,332,46,180,134,0,-46,180
405,356,0,180,180,0,0,180
289,228,167,236,69,56,-111,180
11,557,177,248,71,68,-109,180
1,577,178,242,64,62,-116,180
313,432,222,254,32,74,-148,180
381,281,178,246,68,66,-112,180
143,219,180,230,50,50,-130,180
30,351,72,180,108,0,-72,180
149,387,115,241,126,61,-54,180
518,534,28,201,173,21,-7,180
421,518,0,180,180,0,0,180
489,277,85,180,95,0,-85,180
486,534,244,252,8,72,-172,180
439,278,90,180,90,0,-90,180
508,329,190,219,29,39,-151,180
368,285,0,180,180,0,0,180
522,55,203,254,51,74,-129,180
280,230,235,248,13,68,-167,180
485,61,27,180,153,0,-27,180
129,215,99,238,139,59,-40,179
136,217,170,249,79,70,-100,179
29,352,180,251,71,72,-108,179
317,286,190,249,59,70,-120,179
8,556,167,248,81,69,-98,179
348,363,157,229,72,50,-107,179
349,511,205,253,48,74,-131,179
195,367,210,247,37,68,-142,179
20,577,167,248,81,69,-98,179
113,211,76,218,142,39,-37,179
470,342,174,229,55,50,-124,179
334,320,50,200,150,21,-29,179
295,392,227,255,28,76,-151,179
343,82,111,240,129,61,-50,179
343,508,244,255,11,76,-168,179
170,383,156,240,84,61,-95,179
370,512,224,255,31,76,-148,179
397,357,50,200,150,21,-29,179
0,556,166,248,82,69,-97,179
13,558,191,248,57,69,-122,179
409,354,188,225,37,46,-142,179
388,514,56,179,123,0,-56,179
32,354,144,235,91,56,-88,179
413,319,92,179,87,0,-92,179
507,56,21,179,158,0,-21,179
294,340,144,207,63,28,-116,179
299,397,21,200,179,21,0,179
150,387,111,240,129,61,-50,179
17,331,229,249,20,70,-159,179
317,442,213,255,42,76,-137,179
285,217,143,253,110,74,-69,179
431,521,53,179,126,0,-53,179
386,280,221,235,14,56,-165,179
432,523,234,253,19,74,-160,179
493,336,61,200,139,21,-40,179
382,282,66,178,112,0,-66,178
387,281,56,221,165,43,-13,178
397,513,0,178,178,0,0,178
14,313,199,252,53,74,-125,178
384,515,198,252,54,74,-124,178
283,229,203,254,51,76,-127,178
151,387,107,237,130,59,-48,178
311,424,39,206,167,28,-11,178
416,70,203,252,49,74,-129,178
140,387,43,206,163,28,-15,178
140,383,21,178,157,0,-21,178
506,331,64,199,135,21,-43,178
312,426,46,199,153,21,-25,178
289,227,72,178,106,0,-72,178
337,283,120,178,58,0,-120,178
397,72,220,254,34,76,-144,178
501,534,28,199,171,21,-7,178
91,385,186,252,66,74,-112,178
375,282,178,231,53,53,-125,178
490,277,82,178,96,0,-82,178
284,375,41,206,165,28,-13,178
376,283,53,178,125,0,-53,178
427,520,39,178,139,0,-39,178
421,353,85,199,114,21,-64,178
317,287,127,246,119,68,-59,178
429,522,200,252,52,74,-126,178
573,539,36,196,160,18,-18,178
440,278,90,178,88,0,-90,178
438,524,240,254,14,76,-164,178
174,382,193,252,59,74,-119,178
338,495,228,254,26,76,-152,178
327,272,230,248,18,70,-160,178
360,511,72,206,134,28,-44,178
20,340,207,252,45,74,-133,178
107,385,171,244,73,66,-105,178
352,512,233,254,21,76,-157,178
194,368,72,221,149,43,-29,178
477,340,173,217,44,39,-134,178
354,79,0,178,178,0,0,178
77,382,28,205,177,28,0,177
335,487,219,253,34,76,-143,177
338,92,189,249,60,72,-117,177
176,381,178,253,75,76,-102,177
354,363,64,198,134,21,-43,177
179,379,125,223,98,46,-79,177
341,258,217,245,28,68,-149,177
363,512,224,255,31,78,-146,177
280,220,220,253,33,76,-144,177
173,382,142,247,105,70,-72,177
549,534,21,198,177,21,0,177
286,215,221,253,32,76,-145,177
280,221,107,253,146,76,-31,177
286,216,143,253,110,76,-67,177
410,71,189,254,65,77,-112,177
37,358,134,216,82,39,-95,177
287,378,15,192,177,15,0,177
12,300,200,249,49,72,-128,177
12,301,216,249,33,72,-144,177
411,71,187,253,66,76,-111,177
331,472,240,253,13,76,-164,177
114,210,218,253,35,76,-142,177
452,346,168,223,55,46,-122,177
389,76,225,254,29,78,-147,176
13,288,111,229,118,53,-58,176
503,331,180,222,42,46,-134,176
100,211,93,219,126,43,-50,176
385,80,43,204,161,28,-15,176
414,72,24,178,154,2,-22,176
385,280,232,240,8,64,-168,176
305,411,28,204,176,28,0,176
153,387,99,235,136,59,-40,176
282,220,53,229,176,53,0,176
434,351,28,197,169,21,-7,176
491,277,80,176,96,0,-80,176
403,280,0,176,176,0,0,176
384,80,46,204,158,28,-18,176
101,210,199,254,55,78,-121,176
356,285,233,250,17,74,-159,176
476,64,39,195,156,19,-20,176
344,80,230,254,24,78,-152,176
328,271,225,246,21,70,-155,176
325,313,241,245,4,69,-172,176
481,340,21,197,176,21,0,176
468,530,232,252,20,76,-156,176
509,328,219,222,3,46,-173,176
456,345,202,219,17,43,-159,176
467,344,0,176,176,0,0,176
334,267,66,210,144,34,-32,176
348,80,46,219,173,43,-3,176
396,356,200,226,26,50,-150,176
548,50,213,254,41,78,-135,176
152,387,99,235,136,59,-40,176
369,361,0,176,176,0,0,176
60,377,250,254,4,78,-172,176
441,278,85,175,90,0,-85,175
132,381,68,225,157,50,-18,175
355,511,68,203,135,28,-40,175
323,277,216,247,31,72,-144,175
194,371,195,253,58,78,-117,175
195,366,183,243,60,68,-115,175
132,216,123,239,116,64,-59,175
82,384,199,247,48,72,-127,175
342,507,255,255,0,80,-175,175
267,230,199,253,54,78,-121,175
459,526,39,175,136,0,-39,175
48,366,0,175,175,0,0,175
329,468,229,253,24,78,-151,175
398,280,21,196,175,21,0,175
335,266,64,209,145,34,-30,175
486,337,191,228,37,53,-138,175
102,210,188,253,65,78,-110,175
17,322,21,175,154,0,-21,175
425,521,209,253,44,78,-131,175
485,532,56,175,119,0,-56,175
174,381,87,228,141,53,-34,175
365,286,28,196,168,21,-7,175
439,350,0,175,175,0,0,175
161,386,195,253,58,78,-117,175
411,517,220,253,33,78,-142,175
403,319,156,214,58,39,-117,175
147,388,235,251,16,76,-159,175
417,354,56,175,119,0,-56,175
390,514,50,175,125,0,-50,175
389,514,50,175,125,0,-50,175
13,289,109,225,116,50,-59,175
141,379,182,209,27,34,-148,175
381,513,0,174,174,0,0,174
409,71,194,254,60,80,-114,174
389,358,74,195,121,21,-53,174
14,285,98,202,104,28,-70,174
69,381,212,254,42,80,-132,174
303,411,233,254,21,80,-153,174
402,318,59,174,115,0,-59,174
380,281,194,244,50,70,-124,174
13,285,189,252,63,78,-111,174
492,277,78,174,96,0,-78,174
450,64,230,254,24,80,-150,174
457,346,43,202,159,28,-15,174
416,279,21,174,153,0,-21,174
471,343,50,174,124,0,-50,174
348,364,66,174,108,0,-66,174
15,311,61,174,113,0,-61,174
445,66,226,254,28,80,-146,174
452,347,64,195,131,21,-43,174
103,210,176,252,76,78,-98,174
111,384,92,195,103,21,-71,174
517,534,28,195,167,21,-7,174
135,217,133,235,102,61,-72,174
148,265,109,202,93,28,-81,174
339,260,203,246,43,72,-131,174
545,533,39,174,135,0,-39,174
512,327,194,213,19,39,-155,174
414,319,87,174,87,0,-87,174
428,352,59,195,136,21,-38,174
148,263,150,202,52,28,-122,174
21,338,28,174,146,0,-28,174
328,466,223,253,30,80,-143,173
390,357,172,232,60,59,-113,173
400,280,21,194,173,21,0,173
560,50,46,173,127,0,-46,173
401,280,21,194,173,21,0,173
144,389,212,253,41,80,-132,173
119,212,95,207,112,34,-61,173
294,339,90,201,111,28,-62,173
395,356,214,226,12,53,-161,173
479,339,213,219,6,46,-167,173
17,323,21,194,173,21,0,173
341,497,0,173,173,0,0,173
116,211,151,245,94,72,-79,173
326,458,0,173,173,0,0,173
464,529,241,253,12,80,-161,173
496,58,28,194,166,21,-7,173
381,282,70,194,124,21,-49,173
287,215,144,249,105,76,-68,173
133,216,151,249,98,76,-75,173
403,513,0,173,173,0,0,173
58,373,0,173,173,0,0,173
9,567,81,234,153,61,-20,173
399,280,21,194,173,21,0,173
335,98,207,253,46,80,-127,173
501,57,1,173,172,0,-1,173
361,286,28,194,166,21,-7,173
344,256,169,245,76,72,-97,173
8,567,61,234,173,61,0,173
333,473,53,194,141,21,-32,173
303,227,50,173,123,0,-50,173
563,537,46,173,127,0,-46,173
427,351,195,232,37,59,-136,173
10,568,164,234,70,61,-103,173
9,569,172,234,62,61,-111,173
10,569,61,234,173,61,0,173
9,568,234,234,0,61,-173,173
482,533,210,255,45,82,-128,173
8,569,231,234,3,61,-170,173
322,450,43,194,151,21,-22,173
564,539,230,255,25,82,-148,173
10,567,104,234,130,61,-43,173
8,568,85,234,149,61,-24,173
342,258,169,240,71,68,-101,172
90,385,196,254,58,82,-114,172
348,509,21,172,151,0,-21,172
476,340,206,225,19,53,-153,172
308,422,232,254,22,82,-150,172
316,440,236,254,18,82,-154,172
30,353,182,250,68,78,-104,172
326,273,243,250,7,78,-165,172
18,335,220,252,32,80,-140,172
353,362,198,236,38,64,-134,172
355,79,0,172,172,0,0,172
411,355,0,172,172,0,0,172
442,523,28,200,172,28,0,172
340,495,28,172,144,0,-28,172
406,514,0,172,172,0,0,172
23,343,34,206,172,34,0,172
118,211,178,252,74,80,-98,172
168,383,85,218,133,46,-39,172
97,211,143,236,93,64,-79,172
283,374,28,183,155,11,-17,172
172,382,95,238,143,66,-29,172
338,89,107,233,126,61,-46,172
12,302,223,250,27,78,-145,172
268,231,78,199,121,28,-50,171
13,290,105,221,116,50,-55,171
462,277,107,192,85,21,-86,171
415,319,82,171,89,0,-82,171
122,384,207,251,44,80,-127,171
444,349,28,171,143,0,-28,171
336,356,61,192,131,21,-40,171
47,365,34,171,137,0,-34,171
274,224,196,253,57,82,-114,171
356,79,0,171,171,0,0,171
108,385,173,245,72,74,-99,171
291,209,214,253,39,82,-132,171
494,334,230,230,0,59,-171,171
140,380,209,227,18,56,-153,171
321,279,243,247,4,76,-167,171
131,215,184,251,67,80,-104,171
270,227,195,253,58,82,-113,171
303,406,0,171,171,0,0,171
461,277,110,192,82,21,-89,171
117,211,164,249,85,78,-86,171
535,534,236,253,17,82,-154,171
474,342,66,192,126,21,-45,171
110,210,190,251,61,80,-110,171
71,382,232,253,21,82,-150,171
281,375,230,253,23,82,-148,171
109,385,175,247,72,76,-99,171
14,306,66,192,126,21,-45,171
360,286,28,192,164,21,-7,171
359,511,70,199,129,28,-42,171
451,524,0,171,171,0,0,171
446,525,219,253,34,82,-137,171
347,285,232,243,11,72,-160,171
20,567,211,249,38,78,-133,171
291,210,134,253,119,82,-52,171
12,303,230,251,21,80,-150,171
87,210,161,243,82,72,-89,171
493,277,78,171,93,0,-78,171
558,536,21,171,150,0,-21,171
442,278,80,171,91,0,-80,171
7,570,231,231,0,61,-170,170
6,572,183,231,48,61,-122,170
6,570,82,231,149,61,-21,170
7,571,178,231,53,61,-117,170
460,63,18,188,170,18,0,170
7,568,61,231,170,61,0,170
504,55,207,254,47,84,-123,170
5,570,61,231,170,61,0,170
335,364,140,204,64,34,-106,170
40,360,128,209,81,39,-89,170
8,570,178,231,53,61,-117,170
375,360,34,170,136,0,-34,170
8,571,62,231,169,61,-1,170
486,59,212,252,40,82,-130,170
340,259,206,246,40,76,-130,170
365,284,225,238,13,68,-157,170
448,347,158,216,58,46,-112,170
321,283,21,170,149,0,-21,170
502,534,28,191,163,21,-7,170
382,80,39,198,159,28,-11,170
304,408,0,170,170,0,0,170
456,62,237,253,16,83,-154,170
9,570,61,231,170,61,0,170
5,571,82,231,149,61,-21,170
7,572,62,231,169,61,-1,170
6,571,231,231,0,61,-170,170
14,280,181,250,69,80,-101,170
472,529,0,170,170,0,0,170
136,381,213,254,41,84,-129,170
388,281,53,209,156,39,-14,170
473,63,252,252,0,82,-170,170
85,383,0,170,170,0,0,170
269,229,120,238,118,68,-52,170
358,511,68,198,130,28,-40,170
454,345,219,223,4,53,-166,170
525,56,21,170,149,0,-21,170
339,262,61,204,143,34,-27,170
383,282,56,170,114,0,-56,170
6,569,61,231,170,61,0,170
9,556,211,248,37,78,-133,170
7,569,82,231,149,61,-21,170
492,335,200,230,30,61,-139,169
315,289,216,243,27,74,-142,169
167,383,46,203,157,34,-12,169
292,208,210,253,43,84,-126,169
455,345,212,219,7,50,-162,169
342,257,225,247,22,78,-147,169
538,532,64,169,105,0,-64,169
340,261,72,203,131,34,-38,169
497,56,224,253,29,84,-140,169
389,281,50,197,147,28,-22,169
420,320,134,208,74,39,-95,169
181,378,84,215,131,46,-38,169
339,327,203,235,32,66,-137,169
182,379,215,253,38,84,-131,169
335,99,178,249,71,80,-98,169
169,383,123,230,107,61,-62,169
402,319,166,215,49,46,-120,169
330,470,237,253,16,84,-153,169
339,493,46,190,144,21,-25,169
539,532,61,169,108,0,-61,169
418,71,46,178,132,9,-37,169
15,320,215,253,38,84,-131,169
338,355,76,190,114,21,-55,169
509,330,39,190,151,21,-18,169
413,278,195,233,38,64,-131,169
537,532,56,169,113,0,-56,169
356,511,68,197,129,28,-40,169
478,277,98,190,92,21,-77,169
43,362,149,218,69,50,-99,168
336,95,233,253,20,85,-148,168
344,509,236,253,17,85,-151,168
183,377,43,211,168,43,0,168
338,354,161,202,41,34,-127,168
557,49,197,255,58,87,-110,168
316,288,171,246,75,78,-93,168
88,210,175,250,75,82,-93,168
139,381,227,244,17,76,-151,168
110,385,181,248,67,80,-101,168
530,55,39,168,129,0,-39,168
546,52,0,168,168,0,0,168
362,362,34,196,162,28,-6,168
188,375,93,224,131,56,-37,168
339,354,120,202,82,34,-86,168
443,278,78,168,90,0,-78,168
340,285,66,189,123,21,-45,168
568,538,50,179,129,11,-39,168
314,435,239,253,14,85,-154,168
392,74,248,255,7,87,-161,168
390,281,46,189,143,21,-25,168
41,361,164,227,63,59,-105,168
421,320,122,202,80,34,-88,168
188,376,186,254,68,87,-99,167
194,367,68,210,142,43,-25,167
395,515,210,254,44,87,-123,167
194,366,124,210,86,43,-81,167
122,213,90,210,120,43,-47,167
492,533,43,167,124,0,-43,167
260,359,174,249,75,82,-92,167
473,277,101,195,94,28,-73,167
311,428,238,254,16,87,-151,167
31,354,188,251,63,84,-104,167
456,277,117,195,78,28,-89,167
410,515,34,167,133,0,-34,167
107,210,168,249,81,82,-86,167
143,389,170,245,75,78,-92,167
122,383,105,220,115,53,-52,167
416,353,175,223,48,56,-119,167
408,71,199,254,55,87,-112,167
516,534,28,188,160,21,-7,167
319,282,232,249,17,82,-150,167
422,320,115,195,80,28,-87,167
340,327,138,233,95,66,-72,167
423,320,105,188,83,21,-84,167
315,290,165,241,76,74,-91,167
290,385,232,252,20,85,-147,167
382,358,167,228,61,61,-106,167
112,211,72,206,134,39,-33,167
552,51,0,167,167,0,0,167
273,230,21,188,167,21,0,167
322,278,228,247,19,80,-148,167
281,221,76,220,144,53,-23,167
192,374,223,251,28,84,-139,167
270,228,122,239,117,72,-50,167
569,540,241,253,12,86,-155,167
119,211,191,252,61,85,-106,167
137,218,123,223,100,56,-67,167
373,511,50,188,138,21,-29,167
327,460,28,167,139,0,-28,167
482,340,21,166,145,0,-21,166
416,319,74,166,92,0,-74,166
414,516,43,166,123,0,-43,166
459,277,112,194,82,28,-84,166
316,289,118,240,122,74,-44,166
563,539,245,254,9,88,-157,166
13,291,103,216,113,50,-53,166
285,216,214,253,39,87,-127,166
531,53,229,255,26,89,-140,166
373,359,184,225,41,59,-125,166
458,277,114,194,80,28,-86,166
175,382,228,253,25,87,-141,166
326,360,135,166,31,0,-135,166
394,356,220,225,5,59,-161,166
288,379,28,181,153,15,-13,166
327,360,101,166,65,0,-101,166
187,376,145,251,106,85,-60,166
358,361,234,234,0,68,-166,166
357,511,66,194,128,28,-38,166
475,340,225,232,7,66,-159,166
270,231,4,170,166,4,0,166
369,512,229,255,26,89,-140,166
519,56,21,166,145,0,-21,166
16,560,243,248,5,82,-161,166
403,318,46,166,120,0,-46,166
457,277,115,194,79,28,-87,166
284,217,213,253,40,87,-126,166
270,233,215,251,36,85,-130,166
473,341,192,232,40,66,-126,166
13,299,72,200,128,34,-38,166
43,363,195,238,43,72,-123,166
301,406,220,253,33,87,-133,166
193,373,228,253,25,87,-141,166
460,528,230,255,25,89,-141,166
108,210,175,250,75,85,-90,165
380,78,231,254,23,89,-142,165
92,384,74,186,112,21,-53,165
275,223,206,254,48,89,-117,165
455,525,0,165,165,0,0,165
507,329,215,221,6,56,-159,165
262,360,169,250,81,85,-84,165
485,339,0,165,165,0,0,165
312,430,224,254,30,89,-135,165
560,538,209,254,45,89,-120,165
104,210,164,250,86,85,-79,165
287,214,225,252,27,87,-138,165
377,512,28,186,158,21,-7,165
100,210,209,255,46,90,-119,165
277,370,12,177,165,12,0,165
383,80,43,204,161,39,-4,165
86,210,144,237,93,72,-72,165
417,279,0,165,165,0,0,165
123,212,210,255,45,90,-120,165
185,378,238,252,14,87,-151,165
529,533,50,186,136,21,-29,165
444,278,72,165,93,0,-72,165
355,363,56,186,130,21,-35,165
339,325,53,199,146,34,-19,165
535,54,43,165,122,0,-43,165
336,96,202,250,48,85,-117,165
525,535,237,252,15,87,-150,165
272,226,140,250,110,85,-55,165
139,219,84,199,115,34,-50,165
515,534,28,186,158,21,-7,165
401,73,0,165,165,0,0,165
127,215,39,193,154,28,-11,165
290,228,178,237,59,72,-106,165
169,384,218,250,32,85,-133,165
436,349,210,229,19,64,-146,165
340,85,95,225,130,61,-34,164
12,294,177,249,72,85,-92,164
387,317,90,185,95,21,-69,164
516,326,102,164,62,0,-102,164
292,209,140,246,106,82,-58,164
50,367,21,164,143,0,-21,164
111,385,188,249,61,85,-103,164
554,535,0,164,164,0,0,164
386,317,109,185,76,21,-88,164
105,210,152,246,94,82,-70,164
404,280,0,164,164,0,0,164
464,63,17,181,164,17,0,164
414,518,253,253,0,89,-164,164
179,380,204,254,50,90,-114,164
397,74,21,164,143,0,-21,164
514,328,0,164,164,0,0,164
141,382,0,164,164,0,0,164
388,317,68,185,117,21,-47,164
111,211,80,203,123,39,-41,164
340,326,66,203,137,39,-27,164
138,386,198,254,56,90,-108,164
406,356,0,164,164,0,0,164
352,362,213,232,19,68,-145,164
502,333,0,164,164,0,0,164
422,352,167,230,63,66,-101,164
138,385,193,254,61,90,-103,164
340,356,151,198,47,34,-117,164
138,384,208,254,46,90,-118,164
494,535,236,251,15,87,-149,164
480,531,28,164,136,0,-28,164
460,277,111,192,81,28,-83,164
106,210,156,246,90,82,-74,164
13,308,197,253,56,90,-107,163
571,48,204,255,51,92,-112,163
25,346,43,184,141,21,-22,163
570,48,206,255,49,92,-114,163
18,328,53,197,144,34,-19,163
19,333,66,191,125,28,-38,163
310,421,21,163,142,0,-21,163
426,351,209,229,20,66,-143,163
99,210,219,255,36,92,-127,163
316,434,34,163,129,0,-34,163
469,64,39,189,150,26,-13,163
574,48,206,255,49,92,-114,163
573,48,204,255,51,92,-112,163
33,354,89,197,108,34,-55,163
452,526,213,252,39,89,-124,163
338,88,131,248,117,85,-46,163
46,367,221,250,29,87,-134,163
345,255,177,247,70,84,-93,163
322,308,182,245,63,82,-100,163
159,387,228,253,25,90,-138,163
126,213,216,252,36,89,-127,163
476,62,242,252,10,89,-153,163
140,218,199,247,48,84,-115,163
289,384,245,254,9,91,-154,163
540,532,46,163,117,0,-46,163
572,48,204,255,51,92,-112,163
98,210,228,255,27,92,-136,163
34,356,152,227,75,64,-88,163
347,363,174,229,55,66,-108,163
38,358,82,197,115,34,-48,163
290,211,146,253,107,90,-56,163
419,320,147,209,62,46,-101,163
305,416,250,255,5,92,-158,163
326,463,247,253,6,90,-157,163
341,356,192,213,21,50,-142,163
341,355,127,213,86,50,-77,163
364,512,233,255,22,92,-141,163
477,532,206,253,47,90,-116,163
263,360,126,241,115,78,-48,163
149,263,111,202,91,39,-72,163
508,56,0,163,163,0,0,163
513,276,80,184,104,21,-59,163
293,340,28,191,163,28,0,163
407,516,214,253,39,90,-124,163
274,368,21,163,142,0,-21,163
424,320,98,184,86,21,-77,163
296,202,184,251,67,89,-95,162
465,343,194,226,32,64,-130,162
575,48,209,255,46,93,-116,162
550,534,21,162,141,0,-21,162
264,361,203,247,44,85,-118,162
388,318,183,205,22,43,-140,162
40,361,182,246,64,84,-98,162
330,466,21,183,162,21,0,162
330,114,185,247,62,85,-100,162
284,229,215,254,39,92,-123,162
489,336,195,230,35,68,-127,162
515,326,154,183,29,21,-133,162
512,329,0,162,162,0,0,162
227,359,175,255,80,93,-82,162
389,317,43,183,140,21,-22,162
291,383,17,179,162,17,0,162
24,348,233,252,19,90,-143,162
401,355,212,223,11,61,-151,162
297,392,21,162,141,0,-21,162
330,113,209,251,42,89,-120,162
189,376,224,255,31,93,-131,162
309,419,0,162,162,0,0,162
115,210,233,254,21,92,-141,162
383,515,210,254,44,92,-118,162
300,399,39,190,151,28,-11,162
555,537,212,255,43,93,-119,162
300,404,235,254,19,92,-143,162
455,277,122,196,74,34,-88,162
569,48,208,255,47,93,-115,162
109,210,183,251,68,89,-94,162
324,279,0,161,161,0,0,161
307,228,98,189,91,28,-70,161
389,357,182,229,47,68,-114,161
323,307,82,182,100,21,-61,161
34,355,101,195,94,34,-67,161
430,68,3,164,161,3,0,161
515,276,68,182,114,21,-47,161
390,358,68,182,114,21,-47,161
267,234,205,253,48,92,-113,161
282,376,250,254,4,93,-157,161
535,52,243,254,11,93,-150,161
527,54,209,254,45,93,-116,161
140,378,34,182,148,21,-13,161
53,372,244,253,9,92,-152,161
325,456,0,161,161,0,0,161
531,276,61,182,121,21,-40,161
422,353,74,182,108,21,-53,161
45,366,229,254,25,93,-136,161
365,80,43,189,146,28,-15,161
514,534,21,182,161,21,0,161
496,277,85,161,76,0,-85,161
32,355,197,250,53,89,-108,161
503,534,21,182,161,21,0,161
445,278,70,161,91,0,-70,161
428,522,226,254,28,93,-133,161
339,85,159,253,94,92,-67,161
271,227,119,243,124,82,-37,161
61,375,34,182,148,21,-13,161
367,80,43,189,146,28,-15,161
530,276,61,182,121,21,-40,161
529,276,61,182,121,21,-40,161
436,522,50,182,132,21,-29,161
273,226,101,245,144,84,-17,161
366,80,43,189,146,28,-15,161
497,333,212,222,10,61,-151,161
281,228,59,182,123,21,-38,161
323,293,87,161,74,0,-87,161
327,465,246,253,7,92,-154,161
17,561,248,249,1,88,-160,161
514,276,74,182,108,21,-53,161
425,69,31,184,153,24,-7,160
391,281,43,181,138,21,-22,160
440,350,0,160,160,0,0,160
261,359,116,242,126,82,-34,160
460,344,214,224,10,64,-150,160
336,484,0,160,160,0,0,160
387,77,234,253,19,93,-141,160
96,211,147,236,89,76,-71,160
13,309,209,253,44,93,-116,160
396,513,0,160,160,0,0,160
342,355,185,213,28,53,-132,160
290,210,207,253,46,93,-114,160
273,225,178,253,75,93,-85,160
265,232,213,252,39,92,-121,160
459,528,242,255,13,95,-147,160
16,316,0,160,160,0,0,160
461,63,18,177,159,17,-1,160
417,319,70,160,90,0,-70,160
266,234,165,252,87,92,-73,160
329,273,0,160,160,0,0,160
296,203,152,242,90,82,-70,160
506,276,115,194,79,34,-81,160
134,216,182,249,67,89,-93,160
185,377,156,247,91,87,-69,160
492,59,43,178,135,18,-25,160
338,357,109,181,72,21,-88,160
278,222,128,253,125,93,-35,160
277,222,183,253,70,93,-90,160
15,559,248,248,0,88,-160,160
342,83,70,221,151,61,-9,160
370,78,235,253,18,93,-142,160
319,148,197,250,53,90,-107,160
21,571,248,249,1,89,-159,160
410,517,241,253,12,93,-148,160
337,95,127,245,118,85,-42,160
488,58,251,252,1,92,-159,160
500,334,0,160,160,0,0,160
37,359,197,242,45,82,-115,160
334,101,186,252,66,92,-94,160
323,292,70,160,90,0,-70,160
418,279,0,160,160,0,0,160
340,353,154,212,58,53,-101,159
5,555,248,248,0,89,-159,159
528,276,61,180,119,21,-40,159
407,71,203,254,51,95,-108,159
379,281,212,239,27,80,-132,159
329,117,189,251,62,92,-97,159
328,360,61,159,98,0,-61,159
286,380,236,253,17,94,-142,159
518,276,61,180,119,21,-40,159
74,383,242,254,12,95,-147,159
341,284,189,225,36,66,-123,159
556,49,203,255,52,96,-107,159
57,372,28,159,131,0,-28,159
42,361,134,209,75,50,-84,159
277,229,50,193,143,34,-16,159
532,276,61,180,119,21,-40,159
516,276,64,180,116,21,-43,159
343,258,78,225,147,66,-12,159
19,564,249,249,0,90,-159,159
66,378,0,159,159,0,0,159
333,480,227,254,27,95,-132,159
491,337,34,159,125,0,-34,159
101,211,90,209,119,50,-40,159
517,276,61,180,119,21,-40,159
316,287,217,246,29,87,-130,159
334,356,165,198,33,39,-126,159
339,285,21,159,138,0,-21,159
458,346,34,180,146,21,-13,159
545,535,242,252,10,93,-149,159
318,445,223,252,29,93,-130,159
21,573,248,248,0,89,-159,159
191,375,232,252,20,93,-139,159
21,574,248,248,0,89,-159,159
21,572,248,248,0,89,-159,159
89,385,206,254,48,95,-111,159
451,346,195,223,28,64,-131,159
370,361,0,159,159,0,0,159
131,216,96,218,122,59,-37,159
51,368,43,180,137,21,-22,159
401,319,174,218,44,59,-115,159
275,224,139,241,102,82,-57,159
390,317,28,180,152,21,-7,159
335,356,118,198,80,39,-79,159
3,555,248,248,0,89,-159,159
4,555,248,248,0,89,-159,159
342,354,90,211,121,53,-37,158
283,377,254,254,0,96,-158,158
12,557,248,248,0,90,-158,158
265,361,172,243,71,85,-87,158
21,570,249,249,0,91,-158,158
536,532,43,158,115,0,-43,158
131,381,61,208,147,50,-11,158
492,57,249,254,5,96,-153,158
513,534,21,179,158,21,0,158
512,276,85,186,101,28,-57,158
265,234,197,250,53,92,-105,158
195,370,239,254,15,96,-143,158
449,348,46,158,112,0,-46,158
163,384,68,197,129,39,-29,158
112,385,195,250,55,92,-103,158
472,531,225,253,28,95,-130,158
497,277,68,158,90,0,-68,158
442,348,191,226,35,68,-123,158
138,387,223,254,31,96,-127,158
176,380,99,214,115,56,-43,158
446,278,66,158,92,0,-66,158
289,212,167,253,86,95,-72,158
279,221,163,253,90,95,-68,158
322,309,228,248,20,90,-138,158
325,461,241,251,10,93,-148,158
342,259,68,217,149,59,-9,158
336,97,160,243,83,85,-75,158
398,357,46,186,140,28,-18,158
344,506,39,186,147,28,-11,158
339,84,225,253,28,95,-130,158
334,102,160,250,90,92,-68,158
454,277,125,197,72,39,-86,158
340,355,50,192,142,34,-16,158
568,48,209,254,45,96,-113,158
533,276,56,179,123,21,-35,158
120,211,207,253,46,95,-112,158
276,223,155,247,92,89,-66,158
377,514,230,253,23,95,-135,158
567,48,212,254,42,96,-116,158
173,383,238,253,15,95,-143,158
171,382,66,219,153,61,-5,158
507,276,110,192,82,34,-76,158
456,527,216,255,39,98,-118,157
21,575,248,248,0,91,-157,157
464,345,0,157,157,0,0,157
293,208,116,241,125,84,-32,157
502,57,0,157,157,0,0,157
541,275,135,196,61,39,-96,157
315,291,114,231,117,74,-40,157
146,259,99,157,58,0,-99,157
146,260,59,157,98,0,-59,157
86,383,0,157,157,0,0,157
146,258,112,157,45,0,-112,157
264,360,96,227,131,70,-26,157
341,353,106,210,104,53,-53,157
508,276,105,191,86,34,-71,157
118,212,85,191,106,34,-51,157
6,555,248,248,0,91,-157,157
349,364,50,157,107,0,-50,157
331,365,93,157,64,0,-93,157
505,330,199,221,22,64,-135,157
462,63,17,174,157,17,0,157
341,84,61,218,157,61,0,157
425,320,90,178,88,21,-69,157
271,226,207,252,45,95,-112,157
288,214,109,244,135,87,-22,157
476,530,0,157,157,0,0,157
333,365,72,157,85,0,-72,157
418,69,252,252,0,95,-157,157
2,555,248,248,0,91,-157,157
330,365,95,157,62,0,-95,157
336,283,84,157,73,0,-84,157
306,413,43,178,135,21,-22,157
332,365,84,157,73,0,-84,157
419,279,0,157,157,0,0,157
481,533,224,255,31,98,-126,157
322,307,125,239,114,82,-43,157
510,276,96,190,94,34,-62,156
488,338,0,156,156,0,0,156
290,346,155,199,44,43,-112,156
372,284,0,156,156,0,0,156
385,317,122,184,62,28,-94,156
386,80,28,184,156,28,0,156
505,276,119,195,76,39,-80,156
301,228,186,234,48,78,-108,156
574,539,29,172,143,16,-13,156
443,523,28,184,156,28,0,156
405,280,0,156,156,0,0,156
338,93,156,249,93,93,-63,156
498,277,64,156,92,0,-64,156
453,277,129,199,70,43,-86,156
509,276,99,190,91,34,-65,156
382,513,0,156,156,0,0,156
418,319,64,156,92,0,-64,156
346,254,186,245,59,89,-97,156
74,381,43,184,141,28,-15,156
321,453,241,255,14,99,-142,156
328,313,4,160,156,4,0,156
221,362,197,249,52,93,-104,156
404,318,39,156,117,0,-39,156
279,371,26,158,132,2,-24,156
314,159,192,248,56,92,-100,156
340,354,76,190,114,34,-42,156
94,211,142,230,88,74,-68,156
412,355,0,156,156,0,0,156
420,279,0,156,156,0,0,156
364,80,39,184,145,28,-11,156
134,382,240,255,15,99,-141,156
299,402,246,252,6,96,-150,156
334,477,56,177,121,21,-35,156
17,321,0,156,156,0,0,156
474,277,118,195,77,39,-79,156
217,363,180,248,68,92,-88,156
290,345,95,199,104,43,-52,156
145,263,103,156,53,0,-103,156
330,272,0,156,156,0,0,156
145,264,89,156,67,0,-89,156
19,338,225,254,29,98,-127,156
145,262,111,156,45,0,-111,156
348,285,235,243,8,87,-148,156
160,385,78,195,117,39,-39,156
335,100,143,236,93,80,-63,156
272,364,106,156,50,0,-106,156
68,381,236,254,18,98,-138,156
502,276,124,199,75,43,-81,156
132,215,218,252,34,96,-122,156
464,527,34,156,122,0,-34,156
268,363,106,228,122,72,-34,156
60,374,21,156,135,0,-21,156
527,276,59,177,118,21,-38,156
12,293,178,251,73,96,-82,155
388,79,21,176,155,21,0,155
266,230,247,253,6,98,-149,155
265,233,182,247,65,92,-90,155
137,381,232,254,22,99,-133,155
194,372,248,254,6,99,-149,155
234,358,156,231,75,76,-80,155
450,66,11,166,155,11,0,155
233,358,143,231,88,76,-67,155
329,118,167,245,78,90,-77,155
18,327,50,189,139,34,-16,155
157,386,72,201,129,46,-26,155
331,271,21,155,134,0,-21,155
337,93,229,253,24,98,-131,155
271,364,87,155,68,0,-87,155
328,122,158,250,92,95,-63,155
402,73,0,155,155,0,0,155
137,217,201,254,53,99,-102,155
339,92,101,189,88,34,-67,155
348,511,229,253,24,98,-131,155
339,91,72,189,117,34,-38,155
144,219,178,225,47,70,-108,155
415,70,220,252,32,97,-123,155
566,48,217,254,37,99,-118,155
314,158,225,250,25,95,-130,155
394,279,226,235,9,80,-146,155
134,380,70,189,119,34,-36,155
344,257,103,221,118,66,-37,155
177,381,214,254,40,99,-115,155
261,360,217,251,34,96,-121,155
331,358,102,183,81,28,-74,155
486,532,28,155,127,0,-28,155
452,63,248,254,6,99,-149,155
511,276,92,188,96,34,-58,154
391,317,21,175,154,21,0,154
13,284,202,252,50,98,-104,154
18,562,249,249,0,95,-154,154
78,382,28,175,147,21,-7,154
430,350,233,236,3,82,-151,154
218,363,199,252,53,98,-101,154
284,352,129,182,53,28,-101,154
351,510,56,175,119,21,-35,154
298,394,0,154,154,0,0,154
285,229,222,253,31,99,-123,154
341,286,28,154,126,0,-28,154
553,51,3,154,151,0,-3,154
329,464,21,175,154,21,0,154
388,357,195,228,33,74,-121,154
325,130,218,253,35,99,-119,154
503,276,123,197,74,43,-80,154
124,214,46,197,151,43,-3,154
36,358,159,226,67,72,-87,154
376,360,21,154,133,0,-21,154
338,87,162,255,93,101,-61,154
425,351,218,226,8,72,-146,154
421,520,226,253,27,99,-127,154
110,384,85,188,103,34,-51,154
20,566,249,249,0,95,-154,154
142,380,66,182,116,28,-38,154
519,276,59,175,116,21,-38,154
550,536,220,252,32,98,-122,154
263,361,227,250,23,96,-131,154
517,326,76,154,78,0,-76,154
497,335,28,175,147,21,-7,154
418,517,34,175,141,21,-13,154
418,354,21,154,133,0,-21,154
259,358,168,249,81,95,-73,154
362,78,235,253,18,99,-136,154
500,276,133,200,67,46,-87,154
139,380,210,244,34,90,-120,154
530,53,239,255,16,101,-138,154
130,214,238,253,15,99,-139,154
516,327,21,154,133,0,-21,154
482,338,211,224,13,70,-141,154
504,534,21,175,154,21,0,154
274,225,110,236,126,82,-28,154
273,370,242,254,12,100,-142,154
291,228,183,238,55,84,-99,154
225,360,177,255,78,102,-75,153
504,276,122,196,74,43,-79,153
273,232,230,249,19,96,-134,153
542,275,127,192,65,39,-88,153
499,276,137,206,69,53,-84,153
295,388,28,174,146,21,-7,153
447,278,61,153,92,0,-61,153
220,362,168,240,72,87,-81,153
368,80,39,181,142,28,-11,153
349,78,238,254,16,101,-137,153
480,63,0,153,153,0,0,153
296,395,234,254,20,101,-133,153
335,481,43,174,131,21,-22,153
10,556,248,248,0,95,-153,153
337,94,186,251,65,98,-88,153
472,279,96,153,57,0,-96,153
332,469,21,174,153,21,0,153
452,277,133,199,66,46,-87,153
471,279,28,153,125,0,-28,153
12,304,236,252,16,99,-137,153
346,363,184,229,45,76,-108,153
306,418,235,255,20,102,-133,153
14,558,248,248,0,95,-153,153
501,276,128,199,71,46,-82,153
340,328,213,233,20,80,-133,153
493,533,39,153,114,0,-39,153
421,352,182,227,45,74,-108,153
42,362,188,231,43,78,-110,153
393,356,225,229,4,76,-149,153
561,50,21,153,132,0,-21,153
418,320,151,212,61,59,-92,153
308,228,106,192,86,39,-67,153
512,534,21,174,153,21,0,153
328,121,181,254,73,101,-80,153
134,217,106,212,106,59,-47,153
324,308,21,156,135,3,-18,153
337,284,50,152,102,0,-50,152
44,362,72,195,123,43,-29,152
325,131,191,248,57,96,-95,152
326,361,39,152,113,0,-39,152
14,279,200,251,51,99,-101,152
334,357,66,191,125,39,-27,152
216,363,160,239,79,87,-73,152
54,370,28,173,145,21,-7,152
318,150,193,253,60,101,-92,152
341,505,235,253,18,101,-134,152
390,75,249,255,6,103,-146,152
429,352,46,173,127,21,-25,152
146,329,21,152,131,0,-21,152
293,342,175,211,36,59,-116,152
449,64,248,254,6,102,-146,152
539,275,151,202,51,50,-101,152
329,365,92,152,60,0,-92,152
151,388,235,251,16,99,-136,152
555,49,210,255,45,103,-107,152
311,228,112,195,83,43,-69,152
499,277,56,152,96,0,-56,152
268,232,46,180,134,28,-18,152
384,282,39,152,113,0,-39,152
238,358,161,236,75,84,-77,152
478,341,39,173,134,21,-18,152
309,228,112,195,83,43,-69,152
538,275,156,202,46,50,-106,152
239,358,167,237,70,85,-82,152
319,149,161,242,81,90,-71,152
307,420,235,254,19,102,-133,152
38,359,142,230,88,78,-64,152
292,342,85,211,126,59,-26,152
265,231,245,253,8,101,-144,152
334,365,61,152,91,0,-61,152
270,364,68,152,84,0,-68,152
421,279,0,152,152,0,0,152
313,161,198,254,56,102,-96,152
537,275,160,202,42,50,-110,152
337,487,21,173,152,21,0,152
310,228,114,195,81,43,-71,152
147,329,90,152,62,0,-90,152
272,225,245,253,8,101,-144,152
89,210,199,254,55,102,-97,152
534,276,56,173,117,21,-35,152
463,63,17,169,152,17,0,152
403,515,225,254,29,102,-123,152
498,276,152,208,56,56,-96,152
166,383,34,180,146,28,-6,152
137,379,61,180,119,28,-33,152
406,71,209,254,45,103,-106,151
391,358,59,172,113,21,-38,151
302,187,187,252,65,101,-86,151
356,363,50,172,122,21,-29,151
505,534,21,172,151,21,0,151
469,342,199,229,30,78,-121,151
333,104,176,253,77,102,-74,151
186,376,117,236,119,85,-32,151
342,291,0,151,151,0,0,151
374,282,194,231,37,80,-114,151
273,367,0,151,151,0,0,151
87,383,0,151,151,0,0,151
224,360,139,241,102,90,-49,151
333,105,147,249,102,98,-49,151
341,292,151,151,0,0,-151,151
152,388,235,250,15,99,-136,151
431,68,3,154,151,3,0,151
337,90,229,253,24,102,-127,151
445,68,3,154,151,3,0,151
243,358,173,244,71,93,-80,151
153,388,234,250,16,99,-135,151
154,388,234,250,16,99,-135,151
342,292,68,151,83,0,-68,151
13,298,72,197,125,46,-26,151
330,115,158,236,78,85,-73,151
540,53,34,172,138,21,-13,151
244,358,175,244,69,93,-82,151
448,278,59,151,92,0,-59,151
526,276,59,172,113,21,-38,151
12,292,182,253,71,102,-80,151
346,255,125,225,100,74,-51,151
226,359,134,238,104,87,-47,151
444,68,3,154,151,3,0,151
339,357,152,194,42,43,-109,151
419,319,59,151,92,0,-59,151
21,343,233,253,20,102,-131,151
565,48,222,254,32,103,-119,151
443,68,3,154,151,3,0,151
45,363,56,185,129,34,-22,151
341,291,142,151,9,0,-142,151
337,91,249,253,4,102,-147,151
63,376,34,151,117,0,-34,151
442,68,3,154,151,3,0,151
22,340,21,172,151,21,0,151
266,361,142,236,94,85,-57,151
503,55,216,254,38,103,-113,151
384,359,39,150,111,0,-39,150
288,213,192,251,59,101,-91,150
147,262,28,150,122,0,-28,150
237,358,159,234,75,84,-75,150
341,260,76,206,130,56,-20,150
12,291,190,253,63,103,-87,150
536,534,246,255,9,105,-141,150
321,447,21,171,150,21,0,150
339,356,96,184,88,34,-62,150
417,320,156,214,58,64,-92,150
381,358,184,228,44,78,-106,150
324,133,206,252,46,102,-104,150
324,134,183,249,66,99,-84,150
14,314,207,252,45,102,-105,150
332,358,66,178,112,28,-38,150
29,350,0,150,150,0,0,150
19,568,78,211,133,61,-17,150
8,557,78,211,133,61,-17,150
12,290,216,253,37,103,-113,150
14,286,78,189,111,39,-39,150
150,265,21,150,129,0,-21,150
17,332,238,251,13,101,-137,150
299,396,21,150,129,0,-21,150
285,351,123,184,61,34,-89,150
329,359,105,171,66,21,-84,150
126,382,28,178,150,28,0,150
246,358,181,246,65,96,-85,150
245,358,178,245,67,95,-83,150
93,211,126,224,98,74,-52,150
319,442,0,150,150,0,0,150
400,319,182,220,38,70,-112,150
95,211,148,234,86,84,-64,150
536,275,163,202,39,53,-110,149
272,366,21,149,128,0,-21,149
535,276,56,170,114,21,-35,149
323,452,34,170,136,21,-13,149
21,569,249,249,0,100,-149,149
130,383,246,254,8,105,-141,149
276,365,89,149,60,0,-89,149
337,89,219,251,32,102,-117,149
450,277,137,202,65,53,-84,149
325,274,245,248,3,99,-146,149
351,362,217,227,10,78,-139,149
448,277,145,205,60,56,-89,149
369,285,0,149,149,0,0,149
331,109,233,254,21,105,-128,149
431,523,247,254,7,105,-142,149
331,110,202,250,48,101,-101,149
283,353,136,177,41,28,-108,149
363,362,28,177,149,28,0,149
281,230,248,254,6,105,-143,149
282,353,70,177,107,28,-42,149
240,358,169,238,69,89,-80,149
289,347,143,192,49,43,-100,149
334,484,222,254,32,105,-117,149
277,365,99,149,50,0,-99,149
288,215,87,225,138,76,-11,149
338,490,28,177,149,28,0,149
308,417,0,149,149,0,0,149
46,364,46,177,131,28,-18,149
102,211,78,199,121,50,-28,149
559,538,226,254,28,105,-121,149
543,275,119,188,69,39,-80,149
138,383,225,254,29,105,-120,149
110,211,92,199,107,50,-42,149
494,336,34,170,136,21,-13,149
485,59,235,252,17,103,-132,149
293,207,191,251,60,102,-89,149
69,379,0,149,149,0,0,149
520,276,56,170,114,21,-35,149
278,365,102,149,47,0,-102,149
323,137,180,251,71,102,-78,149
317,288,87,217,130,68,-19,149
345,256,117,221,104,72,-45,149
491,335,219,229,10,80,-139,149
426,320,84,170,86,21,-63,149
235,358,157,231,74,82,-75,149
535,275,166,202,36,53,-113,149
336,98,114,229,115,80,-34,149
540,534,241,254,13,105,-136,149
13,283,214,252,38,103,-111,149
479,61,229,252,23,103,-126,149
406,280,0,149,149,0,0,149
405,318,28,148,120,0,-28,148
511,534,21,169,148,21,0,148
141,378,107,182,75,34,-73,148
303,184,213,253,40,105,-108,148
0,577,240,242,2,94,-146,148
135,216,212,254,42,106,-106,148
242,358,173,241,68,93,-80,148
528,533,43,169,126,21,-22,148
449,277,141,204,63,56,-85,148
312,228,115,194,79,46,-69,148
278,221,218,253,35,105,-113,148
509,56,0,148,148,0,0,148
113,385,203,250,47,102,-101,148
506,534,21,169,148,21,0,148
518,56,0,148,148,0,0,148
447,277,151,207,56,59,-92,148
21,576,248,248,0,100,-148,148
306,229,189,241,52,93,-96,148
446,277,153,209,56,61,-92,148
355,285,237,250,13,102,-135,148
12,289,221,253,32,105,-116,148
337,96,85,233,148,85,0,148
305,229,206,241,35,93,-113,148
304,414,252,255,3,107,-145,148
544,275,114,182,68,34,-80,148
441,68,3,151,148,3,0,148
525,276,56,169,113,21,-35,148
292,228,187,238,51,90,-97,148
123,384,220,253,33,105,-115,148
284,378,248,254,6,106,-142,148
54,224,144,194,50,46,-98,148
19,563,249,249,0,101,-148,148
279,365,105,148,43,0,-105,148
317,153,167,253,86,105,-62,148
323,138,159,246,87,98,-61,148
377,283,28,148,120,0,-28,148
365,360,214,224,10,76,-138,148
85,210,129,220,91,72,-57,148
165,385,217,251,34,103,-114,148
162,386,225,253,28,105,-120,148
315,158,130,243,113,95,-35,148
403,73,0,148,148,0,0,148
13,557,248,248,0,101,-147,147
241,358,171,240,69,93,-78,147
291,344,109,208,99,61,-48,147
335,365,50,147,97,0,-50,147
232,358,144,223,79,76,-68,147
324,459,235,253,18,106,-129,147
13,310,226,253,27,106,-120,147
526,56,0,147,147,0,0,147
325,278,0,147,147,0,0,147
480,533,237,254,17,107,-130,147
15,278,157,232,75,85,-72,147
547,50,218,254,36,107,-111,147
451,277,136,200,64,53,-83,147
247,358,183,246,63,99,-84,147
337,356,21,168,147,21,0,147
286,229,229,253,24,106,-123,147
453,347,46,168,122,21,-25,147
314,160,152,239,87,92,-60,147
323,291,59,147,88,0,-59,147
16,315,0,147,147,0,0,147
420,319,46,147,101,0,-46,147
452,524,0,147,147,0,0,147
333,357,110,193,83,46,-64,147
7,555,248,248,0,101,-147,147
289,211,226,253,27,106,-120,147
308,172,211,253,42,106,-105,147
468,344,0,147,147,0,0,147
334,364,147,197,50,50,-97,147
288,348,137,197,60,50,-87,147
347,254,140,234,94,87,-53,147
66,380,222,253,31,106,-116,147
40,359,70,175,105,28,-42,147
268,234,230,253,23,106,-124,147
341,327,80,213,133,66,-14,147
422,279,0,147,147,0,0,147
425,519,0,147,147,0,0,147
39,359,139,186,47,39,-100,147
319,448,236,254,18,107,-129,147
297,199,202,249,47,102,-100,147
292,341,59,175,116,28,-31,147
456,64,31,167,136,20,-11,147
343,256,221,250,29,103,-118,147
33,356,195,248,53,101,-94,147
291,345,172,208,36,61,-111,147
366,286,21,147,126,0,-21,147
1,555,248,248,0,101,-147,147
236,358,157,231,74,84,-73,147
447,347,180,216,36,70,-110,146
387,357,207,228,21,82,-125,146
507,534,21,167,146,21,0,146
307,175,189,253,64,107,-82,146
319,147,225,253,28,107,-118,146
20,565,249,249,0,103,-146,146
521,276,56,167,111,21,-35,146
155,388,240,251,11,105,-135,146
329,116,208,253,45,107,-101,146
524,276,56,167,111,21,-35,146
526,533,39,146,107,0,-39,146
267,363,197,252,55,106,-91,146
267,364,228,252,24,106,-122,146
534,275,170,202,32,56,-114,146
346,81,66,192,126,46,-20,146
339,86,128,238,110,92,-36,146
88,211,102,199,97,53,-49,146
384,280,240,245,5,99,-141,146
341,328,156,226,70,80,-76,146
384,317,132,180,48,34,-98,146
332,109,127,251,124,105,-22,146
149,324,87,180,93,34,-53,146
423,353,66,167,101,21,-45,146
328,123,140,241,101,95,-45,146
35,357,132,214,82,68,-64,146
35,358,182,241,59,95,-87,146
334,100,214,253,39,107,-107,146
468,528,28,167,139,21,-7,146
279,220,253,253,0,107,-146,146
413,355,0,146,146,0,0,146
338,283,152,196,44,50,-102,146
381,80,28,174,146,28,0,146
312,164,173,249,76,103,-70,146
288,227,56,167,111,21,-35,146
383,359,61,167,106,21,-40,146
444,523,28,167,139,21,-7,146
422,518,0,146,146,0,0,146
258,358,192,251,59,105,-87,146
547,52,9,146,137,0,-9,146
337,88,233,253,20,107,-126,146
224,361,213,252,39,106,-107,146
121,383,80,207,127,61,-19,146
344,82,61,191,130,46,-15,145
472,343,0,145,145,0,0,145
285,218,87,213,126,68,-19,145
416,320,160,215,55,70,-90,145
396,295,107,145,38,0,-107,145
287,216,76,221,145,76,0,145
421,68,250,253,3,108,-142,145
222,362,223,254,31,109,-114,145
260,358,118,227,109,82,-36,145
445,349,0,145,145,0,0,145
533,275,173,201,28,56,-117,145
295,339,164,209,45,64,-100,145
302,186,213,254,41,109,-104,145
347,253,206,246,40,101,-105,145
397,295,21,145,124,0,-21,145
536,276,53,166,113,21,-32,145
295,205,158,251,93,106,-52,145
186,377,205,250,45,105,-100,145
332,270,34,166,132,21,-13,145
39,360,175,215,40,70,-105,145
150,324,102,195,93,50,-52,145
322,141,160,252,92,107,-53,145
136,218,99,201,102,56,-43,145
369,283,200,225,25,80,-120,145
440,68,3,147,144,2,-1,145
11,556,248,248,0,103,-145,145
304,229,225,241,16,96,-129,145
449,278,56,145,89,0,-56,145
349,285,237,243,6,98,-139,145
395,295,140,145,5,0,-140,145
318,151,160,244,84,99,-61,145
412,278,205,234,29,89,-116,145
432,68,3,148,145,3,0,145
81,384,206,248,42,103,-103,145
532,275,179,201,22,56,-123,145
248,358,184,247,63,102,-82,145
407,280,0,145,145,0,0,145
522,276,56,166,110,21,-35,145
546,275,101,173,72,28,-73,145
44,365,229,251,22,106,-123,145
283,352,70,173,103,28,-42,145
318,287,70,190,120,46,-24,144
267,362,168,250,82,106,-62,144
142,381,28,144,116,0,-28,144
307,229,182,237,55,93,-89,144
446,523,21,144,123,0,-21,144
89,211,117,208,91,64,-53,144
88,385,215,254,39,110,-105,144
437,524,248,254,6,110,-138,144
437,522,43,165,122,21,-22,144
330,359,68,165,97,21,-47,144
435,351,21,165,144,21,0,144
368,512,237,255,18,111,-126,144
445,277,158,210,52,66,-92,144
510,534,21,165,144,21,0,144
13,297,72,197,125,53,-19,144
407,356,0,144,144,0,0,144
223,361,174,247,73,103,-71,144
287,213,244,253,9,109,-135,144
563,48,230,254,24,110,-120,144
189,374,56,183,127,39,-17,144
574,541,232,254,22,110,-122,144
322,455,244,254,10,110,-134,144
497,276,156,208,52,64,-92,144
316,155,164,255,91,111,-53,144
297,200,175,245,70,101,-74,144
447,65,232,253,21,109,-123,144
289,346,82,187,105,43,-39,144
275,365,80,144,64,0,-80,144
54,225,164,190,26,46,-118,144
292,384,21,161,140,17,-4,144
330,112,226,253,27,109,-117,144
285,350,53,178,125,34,-19,144
294,206,173,253,80,109,-64,144
49,369,217,242,25,98,-119,144
150,388,237,251,14,107,-130,144
315,156,224,254,30,110,-114,144
375,315,76,144,68,0,-76,144
564,48,226,253,27,109,-117,144
469,62,241,253,12,109,-132,144
428,520,0,144,144,0,0,144
344,353,137,226,89,82,-55,144
344,354,210,226,16,82,-128,144
308,173,183,247,64,103,-80,144
289,213,111,239,128,95,-16,144
404,513,0,144,144,0,0,144
523,276,56,164,108,21,-35,143
324,454,21,164,143,21,0,143
545,275,107,177,70,34,-73,143
296,204,128,225,97,82,-46,143
373,513,246,252,6,109,-137,143
371,361,0,143,143,0,0,143
292,343,143,211,68,68,-75,143
328,359,137,171,34,28,-109,143
273,224,236,253,17,110,-126,143
34,357,182,244,62,101,-81,143
448,67,6,149,143,6,0,143
301,329,190,233,43,90,-100,143
295,204,205,253,48,110,-95,143
313,162,168,245,77,102,-66,143
332,357,149,193,44,50,-99,143
415,320,166,217,51,74,-92,143
425,67,231,251,20,108,-123,143
12,288,225,252,27,109,-116,143
316,156,127,252,125,109,-18,143
226,360,212,255,43,112,-100,143
338,86,200,255,55,112,-88,143
317,443,235,255,20,112,-123,143
331,111,175,244,69,101,-74,143
526,54,227,253,26,110,-117,143
546,533,28,143,115,0,-28,143
306,178,165,253,88,110,-55,143
489,60,21,152,131,9,-12,143
93,384,68,177,109,34,-34,143
41,360,84,182,98,39,-45,143
212,364,160,241,81,98,-62,143
342,81,240,254,14,111,-129,143
301,328,144,233,89,90,-54,143
392,317,21,164,143,21,0,143
575,541,221,253,32,110,-111,143
408,354,200,225,25,82,-118,143
311,167,147,253,106,110,-37,143
476,532,223,253,30,110,-113,143
327,126,147,248,101,105,-42,143
213,364,171,248,77,105,-66,143
424,351,226,230,4,87,-139,143
423,279,0,143,143,0,0,143
284,351,59,171,112,28,-31,143
313,228,117,193,76,50,-67,143
314,291,209,244,35,101,-108,143
293,228,188,238,50,95,-93,143
332,108,156,252,96,109,-47,143
295,338,122,207,85,64,-58,143
329,119,151,232,81,90,-61,142
329,314,16,146,130,4,-12,142
249,358,186,247,61,105,-81,142
14,305,46,163,117,21,-25,142
335,355,192,203,11,61,-131,142
193,370,78,195,117,53,-25,142
399,357,43,170,127,28,-15,142
23,347,246,254,8,112,-134,142
282,218,240,253,13,111,-129,142
323,457,234,254,20,112,-122,142
342,290,0,142,142,0,0,142
320,145,227,251,24,109,-118,142
325,132,157,238,81,96,-61,142
90,211,130,208,78,66,-64,142
32,353,84,188,104,46,-38,142
320,444,0,142,142,0,0,142
327,125,178,252,74,110,-68,142
318,303,208,249,41,107,-101,142
328,365,87,142,55,0,-87,142
319,286,46,163,117,21,-25,142
219,362,140,229,89,87,-53,142
554,51,4,142,138,0,-4,142
508,534,21,163,142,21,0,142
429,321,131,203,72,61,-70,142
404,286,128,142,14,0,-128,142
309,170,212,252,40,110,-102,142
537,276,53,163,110,21,-32,142
301,190,162,247,85,105,-57,142
404,284,28,142,114,0,-28,142
404,285,78,142,64,0,-78,142
18,336,242,252,10,110,-132,142
415,353,186,224,38,82,-104,142
301,189,191,254,63,112,-79,142
316,290,74,216,142,74,0,142
378,281,222,232,10,90,-132,142
341,290,102,142,40,0,-102,142
317,437,46,170,124,28,-18,142
483,62,3,145,142,3,0,142
288,212,239,253,14,111,-128,142
288,347,68,185,117,43,-25,142
339,292,50,142,92,0,-50,142
339,291,68,142,74,0,-68,142
339,290,82,142,60,0,-82,142
564,537,6,142,136,0,-6,142
287,348,64,192,128,50,-14,142
333,472,39,163,124,21,-18,142
408,280,0,142,142,0,0,142
302,188,159,243,84,101,-58,142
450,346,204,219,15,78,-126,141
406,318,21,141,120,0,-21,141
303,185,178,246,68,105,-73,141
339,289,85,141,56,0,-85,141
333,106,125,239,114,98,-27,141
509,534,21,162,141,21,0,141
57,375,240,252,12,111,-129,141
341,289,61,141,80,0,-61,141
315,157,179,250,71,109,-70,141
203,365,154,248,94,107,-47,141
12,287,229,252,23,111,-118,141
332,107,186,252,66,111,-75,141
422,70,38,161,123,20,-18,141
332,477,246,253,7,112,-134,141
148,388,241,251,10,110,-131,141
547,275,95,169,74,28,-67,141
345,363,191,228,37,87,-104,141
555,535,0,141,141,0,0,141
541,532,28,141,113,0,-28,141
503,57,0,141,141,0,0,141
450,278,56,141,85,0,-56,141
349,80,43,184,141,43,0,141
569,538,36,152,116,11,-25,141
142,388,78,175,97,34,-44,141
554,49,220,255,35,114,-106,141
441,350,0,141,141,0,0,141
141,218,215,250,35,109,-106,141
430,321,119,200,81,59,-60,141
318,302,179,248,69,107,-72,141
334,103,137,233,96,92,-45,141
540,51,241,255,14,114,-127,141
15,279,125,217,92,76,-49,141
444,277,161,211,50,70,-91,141
365,512,240,255,15,114,-126,141
439,68,2,143,141,2,0,141
336,365,34,140,106,0,-34,140
404,73,0,140,140,0,0,140
286,217,87,214,127,74,-13,140
385,78,244,254,10,114,-130,140
317,285,234,249,15,109,-125,140
377,360,0,140,140,0,0,140
149,388,240,251,11,111,-129,140
320,146,191,249,58,109,-82,140
330,358,141,183,42,43,-98,140
342,353,90,193,103,53,-37,140
228,359,217,255,38,115,-102,140
472,341,214,230,16,90,-124,140
314,429,0,140,140,0,0,140
517,56,0,140,140,0,0,140
505,332,21,140,119,0,-21,140
496,276,158,208,50,68,-90,140
298,196,224,250,26,110,-114,140
497,58,21,161,140,21,0,140
311,166,179,255,76,115,-64,140
482,60,228,252,24,112,-116,140
395,513,0,140,140,0,0,140
574,141,39,140,101,0,-39,140
575,143,46,140,94,0,-46,140
396,296,0,140,140,0,0,140
272,230,21,151,130,11,-10,140
323,294,95,161,66,21,-74,140
562,48,234,254,20,114,-120,140
396,515,223,254,31,114,-109,140
392,281,39,161,122,21,-18,140
296,337,146,214,68,74,-72,140
574,143,21,140,119,0,-21,140
348,253,153,236,83,96,-57,140
250,358,188,247,59,107,-81,140
574,142,39,140,101,0,-39,140
395,296,90,140,50,0,-90,140
335,97,229,254,25,114,-115,140
54,226,182,186,4,46,-136,140
229,358,156,220,64,80,-76,140
455,527,232,255,23,115,-117,140
473,529,0,140,140,0,0,140
443,277,165,212,47,72,-93,140
121,211,226,254,28,114,-112,140
228,358,141,220,79,80,-61,140
173,381,74,193,119,53,-21,140
214,364,188,251,63,111,-77,140
323,136,201,254,53,114,-87,140
446,68,9,143,134,3,-6,140
88,383,0,140,140,0,0,140
405,71,214,254,40,114,-100,140
117,212,80,178,98,39,-41,139
326,128,191,249,58,110,-81,139
326,127,224,249,25,110,-114,139
396,72,234,254,20,115,-119,139
382,515,222,254,32,115,-107,139
145,265,87,139,52,0,-87,139
390,78,0,139,139,0,0,139
294,207,117,241,124,102,-15,139
339,498,243,254,11,115,-128,139
525,533,28,139,111,0,-28,139
114,385,207,251,44,112,-95,139
314,228,116,192,76,53,-63,139
381,78,238,254,16,115,-123,139
31,352,78,182,104,43,-35,139
257,358,197,251,54,112,-85,139
376,315,59,139,80,0,-59,139
427,522,238,254,16,115,-123,139
427,320,78,160,82,21,-57,139
285,379,243,253,10,114,-129,139
424,279,0,139,139,0,0,139
204,365,160,248,88,109,-51,139
286,350,117,192,75,53,-64,139
286,351,178,192,14,53,-125,139
414,70,235,252,17,113,-122,139
267,229,241,253,12,114,-127,139
433,68,3,141,138,2,-1,139
554,537,226,255,29,116,-110,139
342,352,157,221,64,82,-75,139
282,373,11,150,139,11,0,139
445,525,230,254,24,115,-115,139
307,415,28,160,132,21,-7,139
540,275,144,200,56,61,-83,139
363,80,34,167,133,28,-6,139
330,116,132,224,92,85,-47,139
364,362,28,160,132,21,-7,139
142,378,106,182,76,43,-63,139
343,352,84,221,137,82,-2,139
485,534,252,254,2,115,-137,139
395,317,21,139,118,0,-21,139
142,379,117,182,65,43,-74,139
486,339,0,139,139,0,0,139
211,364,149,231,82,92,-57,139
399,319,186,221,35,82,-104,139
531,275,180,200,20,61,-119,139
274,365,68,139,71,0,-68,139
178,379,90,204,114,66,-24,138
279,374,241,254,13,116,-125,138
21,337,0,138,138,0,0,138
322,140,184,253,69,115,-69,138
351,512,247,253,6,115,-132,138
315,431,21,138,117,0,-21,138
316,154,206,255,49,117,-89,138
428,321,140,206,66,68,-72,138
43,361,78,188,110,50,-28,138
284,219,68,206,138,68,0,138
251,358,190,248,58,110,-80,138
103,211,95,188,93,50,-45,138
427,321,150,210,60,72,-78,138
229,240,206,252,46,114,-92,138
372,359,199,225,26,87,-112,138
424,521,229,253,24,115,-114,138
317,152,198,253,55,115,-83,138
130,381,53,188,135,50,-3,138
386,357,217,228,11,90,-127,138
219,363,215,254,39,116,-99,138
15,310,39,159,120,21,-18,138
80,384,212,249,37,111,-101,138
13,296,68,194,126,56,-12,138
383,513,0,138,138,0,0,138
310,169,150,249,99,111,-39,138
222,361,135,239,104,101,-34,138
15,321,226,253,27,115,-111,138
312,163,201,253,52,115,-86,138
343,354,165,220,55,82,-83,138
328,462,39,159,120,21,-18,138
530,275,182,199,17,61,-121,138
406,516,228,253,25,115,-113,138
494,533,34,138,104,0,-34,138
120,383,61,191,130,53,-8,138
144,387,84,197,113,59,-25,138
300,192,175,252,77,114,-61,138
315,228,116,191,75,53,-63,138
340,500,238,253,15,115,-123,138
139,378,21,159,138,21,0,138
294,228,189,236,47,98,-91,138
14,315,217,252,35,114,-103,138
289,380,36,166,130,28,-8,138
419,71,22,146,124,9,-13,137
16,327,241,252,11,115,-126,137
338,496,251,254,3,117,-134,137
292,207,241,253,12,116,-125,137
350,285,238,244,6,107,-131,137
344,351,151,221,70,84,-67,137
314,292,169,238,69,101,-68,137
328,120,202,254,52,117,-85,137
322,142,139,244,105,107,-32,137
291,343,78,198,120,61,-17,137
475,342,39,158,119,21,-18,137
500,277,53,137,84,0,-53,137
409,280,0,137,137,0,0,137
307,176,162,244,82,107,-55,137
331,467,21,158,137,21,0,137
516,56,0,137,137,0,0,137
296,201,211,254,43,117,-94,137
332,106,213,253,40,116,-97,137
459,346,28,158,130,21,-7,137
331,112,137,238,101,101,-36,137
90,210,208,254,46,117,-91,137
331,113,109,226,117,89,-20,137
420,352,199,222,23,85,-114,137
313,160,224,254,30,117,-107,137
215,363,140,224,84,87,-53,137
342,351,221,221,0,84,-137,137
343,351,200,221,21,84,-116,137
205,365,167,249,82,112,-55,137
202,365,150,244,94,107,-43,137
180,378,46,183,137,46,0,137
298,197,195,247,52,110,-85,137
324,135,158,236,78,99,-59,137
324,312,245,246,1,109,-136,137
510,56,0,137,137,0,0,137
299,333,209,221,12,84,-125,137
299,332,167,221,54,84,-83,137
190,376,248,255,7,118,-130,137
142,220,50,180,130,43,-7,137
326,130,118,236,118,99,-19,137
227,358,115,217,102,80,-35,137
151,324,130,203,73,66,-64,137
395,297,28,137,109,0,-28,137
326,129,150,247,97,110,-40,137
292,388,249,253,4,116,-133,137
507,331,34,158,124,21,-13,137
463,529,250,254,4,117,-133,137
20,341,232,253,21,116,-116,137
369,80,34,164,130,28,-6,136
324,132,225,254,29,118,-107,136
300,228,191,232,41,96,-95,136
318,301,203,243,40,107,-96,136
276,222,225,253,28,117,-108,136
17,320,21,136,115,0,-21,136
529,275,180,197,17,61,-119,136
293,206,241,253,12,117,-124,136
55,226,134,182,48,46,-88,136
325,129,236,254,18,118,-118,136
28,352,224,252,28,116,-108,136
280,228,39,157,118,21,-18,136
15,277,186,243,57,107,-79,136
294,391,251,255,4,119,-132,136
305,180,175,252,77,116,-59,136
306,177,195,253,58,117,-78,136
460,526,0,136,136,0,0,136
309,171,169,246,77,110,-59,136
469,344,0,136,136,0,0,136
290,212,106,226,120,90,-16,136
333,103,207,253,46,117,-90,136
13,282,227,252,25,116,-111,136
287,349,122,197,75,61,-61,136
310,168,190,252,62,116,-74,136
516,324,107,164,57,28,-79,136
390,301,78,136,58,0,-78,136
339,353,190,212,22,76,-114,136
390,300,136,136,0,0,-136,136
391,300,89,136,47,0,-89,136
55,225,46,182,136,46,0,136
287,229,234,252,18,116,-118,136
302,409,234,253,19,117,-117,136
287,350,187,197,10,61,-126,136
391,301,0,136,136,0,0,136
256,358,197,251,54,115,-82,136
380,358,193,228,35,92,-101,136
271,228,82,195,113,59,-23,136
493,279,115,136,21,0,-115,136
392,300,28,136,108,0,-28,136
453,65,30,150,120,14,-16,136
300,193,144,246,102,110,-34,136
493,278,34,136,102,0,-34,136
392,358,43,157,114,21,-22,136
338,94,98,229,131,93,-5,136
337,357,66,157,91,21,-45,136
486,61,0,136,136,0,0,136
277,223,117,225,108,89,-28,136
357,361,231,234,3,98,-133,136
321,306,128,250,122,115,-13,135
320,148,107,225,118,90,-17,135
298,333,109,219,110,84,-25,135
336,483,0,135,135,0,0,135
252,358,194,249,55,114,-80,135
317,154,135,240,105,105,-30,135
492,279,46,135,89,0,-46,135
297,335,128,217,89,82,-46,135
442,277,168,213,45,78,-90,135
321,143,197,252,55,117,-80,135
321,307,206,250,44,115,-91,135
425,279,0,135,135,0,0,135
320,289,105,135,30,0,-105,135
406,282,34,135,101,0,-34,135
210,364,136,224,88,89,-47,135
327,361,0,135,135,0,0,135
393,317,21,156,135,21,0,135
333,481,238,254,16,119,-119,135
424,353,43,156,113,21,-22,135
393,76,34,156,122,21,-13,135
12,305,242,252,10,117,-125,135
407,282,70,135,65,0,-70,135
408,282,130,135,5,0,-130,135
260,360,242,251,9,116,-126,135
138,219,64,178,114,43,-21,135
253,358,195,250,55,115,-80,135
426,321,160,213,53,78,-82,135
319,150,123,225,102,90,-33,135
146,257,131,156,25,21,-110,135
182,377,46,178,132,43,-3,135
548,275,87,163,76,28,-59,135
265,360,85,203,118,68,-17,135
63,379,236,253,17,118,-118,135
341,354,53,185,132,50,-3,135
262,359,96,217,121,82,-14,135
26,347,21,156,135,21,0,135
304,182,197,250,53,115,-82,135
147,257,66,156,90,21,-45,135
414,320,171,217,46,82,-89,135
255,358,197,250,53,115,-82,135
270,229,72,188,116,53,-19,135
254,358,196,250,54,115,-81,135
561,48,239,254,15,119,-120,135
298,335,207,219,12,85,-122,134
67,378,0,134,134,0,0,134
299,195,163,249,86,115,-48,134
299,194,202,251,49,117,-85,134
187,377,236,251,15,117,-119,134
320,147,145,241,96,107,-38,134
354,285,239,250,11,116,-123,134
276,229,39,168,129,34,-5,134
441,277,171,214,43,80,-91,134
115,385,211,252,41,118,-93,134
400,357,34,155,121,21,-13,134
47,368,221,250,29,116,-105,134
143,388,80,212,132,78,-2,134
283,220,76,187,111,53,-23,134
373,297,28,134,106,0,-28,134
527,533,43,155,112,21,-22,134
231,358,153,223,70,89,-64,134
315,438,250,254,4,120,-130,134
327,124,205,254,49,120,-85,134
316,228,116,187,71,53,-63,134
374,511,39,155,116,21,-18,134
370,297,122,134,12,0,-122,134
370,296,78,134,56,0,-78,134
370,295,21,134,113,0,-21,134
526,535,243,253,10,119,-124,134
373,296,80,134,54,0,-80,134
373,295,132,134,2,0,-132,134
298,334,173,219,46,85,-88,134
327,127,120,239,119,105,-15,134
559,536,0,134,134,0,0,134
494,277,80,168,88,34,-46,134
286,349,61,187,126,53,-8,134
421,319,39,134,95,0,-39,134
407,514,0,134,134,0,0,134
312,165,145,237,92,103,-42,134
148,264,202,202,0,68,-134,134
121,213,56,177,121,43,-13,134
303,183,237,254,17,120,-117,134
270,226,243,253,10,119,-124,134
515,56,0,134,134,0,0,134
304,181,233,253,20,119,-114,134
139,389,246,253,7,119,-127,134
415,516,28,134,106,0,-28,134
342,328,115,214,99,80,-35,134
309,169,238,253,15,119,-119,134
305,181,139,248,109,114,-25,134
145,267,89,134,45,0,-89,134
145,266,87,134,47,0,-87,134
511,56,0,134,134,0,0,134
536,54,28,133,105,0,-28,133
92,211,128,207,79,74,-54,133
295,393,247,255,8,122,-125,133
296,336,109,207,98,74,-35,133
321,144,158,249,91,116,-42,133
315,159,95,225,130,92,-3,133
335,283,53,133,80,0,-53,133
201,365,145,240,95,107,-38,133
267,361,141,228,87,95,-46,133
344,363,195,226,31,93,-102,133
385,357,221,228,7,95,-126,133
308,229,184,231,47,98,-86,133
321,145,125,242,117,109,-16,133
373,284,0,133,133,0,0,133
288,349,192,197,5,64,-128,133
273,365,59,133,74,0,-59,133
323,139,140,231,91,98,-42,133
407,318,0,133,133,0,0,133
531,55,0,133,133,0,0,133
325,361,84,154,70,21,-63,133
562,50,0,133,133,0,0,133
414,355,0,133,133,0,0,133
292,344,198,211,13,78,-120,133
268,228,238,253,15,120,-118,133
324,361,126,154,28,21,-105,133
445,523,21,154,133,21,0,133
320,306,224,250,26,117,-107,133
501,277,46,133,87,0,-46,133
200,365,140,240,100,107,-33,133
568,540,251,254,3,121,-130,133
477,530,0,133,133,0,0,133
477,64,22,152,130,20,-2,132
535,532,28,132,104,0,-28,132
165,383,28,160,132,28,0,132
425,321,170,216,46,84,-86,132
343,80,253,254,1,122,-131,132
374,296,0,132,132,0,0,132
297,198,224,250,26,118,-106,132
383,317,138,171,33,39,-99,132
431,321,111,191,80,59,-52,132
333,356,191,198,7,66,-125,132
292,210,82,214,132,82,0,132
528,275,177,191,14,59,-118,132
295,228,189,233,44,101,-88,132
13,295,85,188,103,56,-29,132
331,473,250,254,4,122,-128,132
332,110,105,233,128,101,-4,132
336,491,246,254,8,122,-124,132
357,363,39,153,114,21,-18,132
97,210,236,255,19,123,-113,132
430,352,39,153,114,21,-18,132
374,295,92,132,40,0,-92,132
301,401,34,153,119,21,-13,132
493,535,241,252,11,120,-121,132
404,71,219,254,35,122,-97,132
451,526,227,252,25,120,-107,132
162,384,46,171,125,39,-7,132
206,365,177,249,72,117,-60,132
259,359,227,250,23,118,-109,132
335,101,107,214,107,82,-25,132
384,284,53,132,79,0,-53,132
304,184,120,237,117,105,-15,132
385,284,111,132,21,0,-111,132
126,215,28,160,132,28,0,132
456,525,0,132,132,0,0,132
208,365,195,251,56,119,-76,132
314,161,117,224,107,92,-25,132
518,326,56,132,76,0,-56,132
488,336,215,230,15,98,-117,132
156,388,249,253,4,122,-127,131
147,328,152,152,0,21,-131,131
269,227,239,253,14,122,-117,131
449,346,214,216,2,85,-129,131
373,282,207,230,23,99,-108,131
147,258,21,131,110,0,-21,131
319,305,226,248,22,117,-109,131
146,265,0,131,131,0,0,131
387,318,185,199,14,68,-117,131
405,73,0,131,131,0,0,131
558,538,233,254,21,123,-110,131
426,279,0,131,131,0,0,131
338,356,43,152,109,21,-22,131
146,264,21,131,110,0,-21,131
109,384,80,181,101,50,-30,131
318,149,225,254,29,123,-102,131
147,327,96,152,56,21,-75,131
413,320,174,218,44,87,-87,131
299,196,130,241,111,110,-20,131
190,373,39,170,131,39,0,131
324,362,39,152,113,21,-18,131
551,534,0,131,131,0,0,131
79,384,217,250,33,119,-98,131
15,309,21,131,110,0,-21,131
341,352,193,221,28,90,-103,131
146,328,21,152,131,21,0,131
306,179,141,241,100,110,-31,131
307,174,214,254,40,123,-91,131
146,263,0,131,131,0,0,131
502,55,225,254,29,123,-102,131
481,531,0,131,131,0,0,131
13,292,105,190,85,59,-46,131
55,224,128,177,49,46,-82,131
308,174,151,234,83,103,-48,131
146,327,21,152,131,21,0,131
207,365,184,250,66,119,-65,131
271,365,0,131,131,0,0,131
148,329,72,152,80,21,-51,131
138,217,223,254,31,123,-100,131
56,224,157,177,20,46,-111,131
434,68,2,133,131,2,0,131
351,285,239,245,6,114,-125,131
319,304,190,248,58,117,-73,131
72,380,28,131,103,0,-28,131
344,255,221,248,27,117,-104,131
328,362,61,131,70,0,-61,131
141,220,43,165,122,34,-9,131
552,273,72,131,59,0,-72,131
124,384,224,254,30,123,-101,131
300,194,126,240,114,109,-17,131
339,90,61,165,104,34,-27,131
527,56,0,131,131,0,0,131
287,227,34,152,118,21,-13,131
148,324,70,152,82,21,-49,131
17,564,69,192,123,61,-8,131
335,488,236,254,18,124,-112,130
494,276,164,208,44,78,-86,130
398,319,190,222,32,92,-98,130
493,276,168,208,40,78,-90,130
187,375,87,186,99,56,-31,130
393,281,34,151,117,21,-13,130
12,559,69,191,122,61,-8,130
492,276,171,208,37,78,-93,130
297,336,178,217,39,87,-91,130
299,331,122,214,92,84,-38,130
304,183,156,245,89,115,-41,130
314,290,231,244,13,114,-117,130
300,331,193,223,30,93,-100,130
300,330,161,223,62,93,-68,130
228,240,165,244,79,114,-51,130
491,276,174,208,34,78,-96,130
333,364,152,191,39,61,-91,130
143,220,70,180,110,50,-20,130
345,353,193,226,33,96,-97,130
408,281,76,130,54,0,-76,130
377,281,227,228,1,98,-129,130
409,281,102,130,28,0,-102,130
502,331,206,222,16,92,-114,130
281,354,85,173,88,43,-42,130
468,64,29,152,123,22,-7,130
221,361,109,223,114,93,-16,130
372,361,0,130,130,0,0,130
317,228,114,186,72,56,-58,130
215,364,207,254,47,124,-83,130
145,261,123,151,28,21,-102,130
343,355,211,220,9,90,-121,130
407,281,0,130,130,0,0,130
279,356,146,164,18,34,-112,130
294,205,234,253,19,123,-111,130
297,201,148,231,83,101,-47,130
279,355,70,164,94,34,-36,130
133,215,239,253,14,123,-116,130
512,56,0,130,130,0,0,130
440,277,175,215,40,85,-90,130
289,348,185,197,12,68,-117,129
485,337,214,228,14,99,-115,129
290,344,61,172,111,43,-18,129
321,142,226,253,27,124,-102,129
148,262,39,150,111,21,-18,129
16,314,0,129,129,0,0,129
343,363,199,225,26,96,-103,129
145,260,142,157,15,28,-114,129
109,211,98,190,92,61,-37,129
180,380,223,254,31,125,-98,129
12,286,234,252,18,123,-111,129
87,385,224,254,30,125,-99,129
325,133,118,225,107,96,-22,129
316,441,254,255,1,126,-128,129
54,373,244,252,8,123,-121,129
119,383,53,179,126,50,-3,129
428,320,72,150,78,21,-51,129
192,371,53,175,122,46,-7,129
87,211,82,175,93,46,-36,129
478,339,213,218,5,89,-124,129
326,126,239,249,10,120,-119,129
408,356,0,129,129,0,0,129
311,165,214,255,41,126,-88,129
402,287,80,129,49,0,-80,129
504,330,219,222,3,93,-126,129
328,124,130,224,94,95,-35,129
305,321,170,234,64,105,-65,129
367,512,242,255,13,126,-116,129
160,387,245,252,7,123,-122,129
426,69,25,151,126,22,-3,129
514,56,0,129,129,0,0,129
377,315,50,129,79,0,-50,129
26,351,242,252,10,123,-119,129
170,382,61,190,129,61,0,129
296,228,189,231,42,102,-87,129
117,383,43,163,120,34,-9,129
116,383,34,150,116,21,-13,129
396,317,0,129,129,0,0,129
35,356,101,182,81,53,-48,129
150,263,46,150,104,21,-25,129
118,383,50,172,122,43,-7,129
305,322,205,234,29,105,-100,129
17,560,248,249,1,120,-128,129
150,264,61,150,89,21,-40,129
15,282,53,163,110,34,-19,129
401,287,21,129,108,0,-21,129
94,210,224,255,31,126,-98,129
403,287,128,129,1,0,-128,129
353,285,240,249,9,120,-120,129
320,285,21,129,108,0,-21,129
339,93,109,189,80,61,-48,128
16,559,248,248,0,120,-128,128
514,54,224,253,29,125,-99,128
343,504,28,156,128,28,0,128
337,358,124,178,54,50,-74,128
8,555,248,248,0,120,-128,128
301,407,242,253,11,125,-117,128
295,206,123,234,111,106,-17,128
455,62,242,253,11,125,-117,128
147,256,101,156,55,28,-73,128
16,276,154,233,79,105,-49,128
310,167,230,255,25,127,-103,128
21,568,249,249,0,121,-128,128
329,120,134,218,84,90,-44,128
348,351,200,221,21,93,-107,128
553,49,230,255,25,127,-103,128
496,56,234,253,19,125,-109,128
348,252,216,246,30,118,-98,128
311,312,206,247,41,119,-87,128
153,325,130,181,51,53,-77,128
408,318,0,128,128,0,0,128
218,362,116,215,99,87,-29,128
319,303,144,235,91,107,-37,128
152,325,82,181,99,53,-29,128
402,286,0,128,128,0,0,128
310,170,119,238,119,110,-9,128
343,353,82,210,128,82,0,128
332,105,239,253,14,125,-114,128
549,275,84,149,65,21,-63,128
170,384,230,251,21,123,-107,128
0,555,247,248,1,120,-127,128
116,385,215,252,37,124,-91,128
329,362,82,149,67,21,-61,128
392,297,118,128,10,0,-118,128
385,359,0,128,128,0,0,128
415,72,9,137,128,9,0,128
15,281,80,181,101,53,-27,128
403,286,84,128,44,0,-84,128
392,296,53,128,75,0,-53,128
91,211,137,208,71,80,-57,128
305,179,213,253,40,125,-88,128
306,320,194,238,44,110,-84,128
438,322,128,202,74,74,-54,128
307,318,183,244,61,116,-67,128
307,317,146,244,98,116,-30,128
495,276,161,208,47,80,-81,128
437,322,136,204,68,76,-60,128
438,68,2,130,128,2,0,128
502,277,46,128,82,0,-46,128
326,277,21,128,107,0,-21,128
130,216,80,184,104,56,-24,128
464,343,206,226,20,98,-108,128
320,305,149,245,96,117,-32,128
320,144,242,253,11,125,-117,128
369,78,237,253,16,125,-112,128
304,227,21,149,128,21,0,128
331,361,82,149,67,21,-61,128
410,280,28,128,100,0,-28,128
513,54,223,253,30,125,-98,128
293,209,84,210,126,82,-2,128
315,155,252,255,3,127,-125,128
298,198,154,238,84,110,-44,128
546,50,226,253,27,125,-101,128
378,360,0,128,128,0,0,128
424,321,178,218,40,90,-88,128
315,288,240,246,6,118,-122,128
300,191,206,254,48,126,-80,128
403,285,0,128,128,0,0,128
441,348,203,226,23,98,-105,128
327,365,78,128,50,0,-78,128
322,139,209,253,44,125,-84,128
512,54,224,253,29,125,-99,128
272,227,95,207,112,80,-15,127
323,295,92,161,69,34,-58,127
199,365,139,234,95,107,-32,127
345,510,242,254,12,127,-115,127
209,365,203,251,48,124,-79,127
379,358,198,228,30,101,-97,127
138,382,243,254,11,127,-116,127
347,349,190,220,30,93,-97,127
347,508,0,127,127,0,0,127
346,349,211,220,9,93,-118,127
337,354,190,203,13,76,-114,127
490,276,176,207,31,80,-96,127
348,349,158,220,62,93,-65,127
412,280,0,127,127,0,0,127
339,355,34,161,127,34,0,127
390,302,21,127,106,0,-21,127
391,297,53,127,74,0,-53,127
303,186,141,232,91,105,-36,127
438,277,180,217,37,90,-90,127
331,357,178,193,15,66,-112,127
140,384,0,127,127,0,0,127
347,511,244,253,9,126,-118,127
515,54,227,253,26,126,-101,127
427,279,0,127,127,0,0,127
296,338,186,214,28,87,-99,127
366,512,243,255,12,128,-115,127
411,280,43,127,84,0,-43,127
14,278,217,252,35,125,-92,127
127,213,230,253,23,126,-104,127
21,577,248,248,0,121,-127,127
394,317,21,148,127,21,0,127
352,285,240,247,7,120,-120,127
336,99,80,207,127,80,0,127
465,345,0,127,127,0,0,127
20,335,34,155,121,28,-6,127
178,381,240,254,14,127,-113,127
392,356,229,232,3,105,-124,127
325,360,152,166,14,39,-113,127
147,210,201,252,51,125,-76,127
16,277,127,212,85,85,-42,127
331,108,251,254,3,127,-124,127
93,210,207,253,46,126,-81,127
503,333,0,127,127,0,0,127
282,354,150,177,27,50,-100,127
511,54,227,253,26,126,-101,127
555,51,0,127,127,0,0,127
338,85,238,255,17,128,-110,127
439,322,122,200,78,74,-48,126
301,191,139,231,92,105,-34,126
435,66,219,254,35,128,-91,126
436,66,219,254,35,128,-91,126
385,282,28,126,98,0,-28,126
148,210,188,251,63,125,-63,126
434,66,219,254,35,128,-91,126
436,68,2,128,126,2,0,126
414,353,197,224,27,98,-99,126
29,353,225,253,28,127,-98,126
335,357,39,165,126,39,0,126
347,351,158,219,61,93,-65,126
513,56,0,126,126,0,0,126
346,350,160,219,59,93,-67,126
336,94,245,253,8,127,-118,126
297,228,189,229,40,103,-86,126
92,210,188,252,64,126,-62,126
435,68,2,128,126,2,0,126
18,326,43,160,117,34,-9,126
437,66,219,254,35,128,-91,126
298,400,248,254,6,128,-120,126
302,326,143,235,92,109,-34,126
318,228,111,182,71,56,-55,126
125,384,226,254,28,128,-98,126
386,302,68,126,58,0,-68,126
386,303,117,126,9,0,-117,126
308,171,232,254,22,128,-104,126
412,320,179,218,39,92,-87,126
302,327,179,235,56,109,-70,126
91,210,200,254,54,128,-72,126
517,324,109,154,45,28,-81,126
318,364,85,126,41,0,-85,126
318,152,133,225,92,99,-34,126
387,301,68,126,58,0,-68,126
439,277,178,216,38,90,-88,126
451,323,146,200,54,74,-72,126
303,229,233,240,7,114,-119,126
151,320,143,190,47,64,-79,126
438,66,219,254,35,128,-91,126
305,410,28,147,119,21,-7,126
124,212,233,255,22,129,-104,126
439,66,220,254,34,128,-92,126
387,302,126,126,0,0,-126,126
515,324,105,165,60,39,-66,126
293,343,211,211,0,85,-126,126
191,372,46,165,119,39,-7,126
433,66,222,254,32,128,-94,126
309,172,128,232,104,106,-22,126
319,364,64,126,62,0,-64,126
310,313,186,243,57,117,-69,126
310,314,224,243,19,117,-107,126
350,362,220,224,4,98,-122,126
349,509,0,126,126,0,0,126
15,280,99,200,101,74,-25,126
437,68,2,128,126,2,0,126
386,301,0,126,126,0,0,126
79,382,21,147,126,21,0,126
515,328,0,126,126,0,0,126
377,316,119,168,49,43,-76,125
280,365,106,146,40,21,-85,125
4,576,61,186,125,61,0,125
285,352,171,184,13,59,-112,125
453,345,223,223,0,98,-125,125
338,365,21,125,104,0,-21,125
345,352,136,221,85,96,-40,125
149,210,174,250,76,125,-49,125
295,203,225,253,28,128,-97,125
297,334,85,207,122,82,-3,125
575,539,23,141,118,16,-7,125
146,210,199,253,54,128,-71,125
277,221,253,253,0,128,-125,125
42,360,59,164,105,39,-20,125
89,383,0,125,125,0,0,125
471,280,111,153,42,28,-83,125
17,275,151,224,73,99,-52,125
313,163,138,227,89,102,-36,125
268,366,254,254,0,129,-125,125
498,58,21,125,104,0,-21,125
432,321,105,184,79,59,-46,125
225,359,112,212,100,87,-25,125
433,321,96,175,79,50,-46,125
227,239,194,252,58,127,-67,125
472,280,153,153,0,28,-125,125
299,193,240,251,11,126,-114,125
298,332,84,209,125,84,0,125
495,277,101,164,63,39,-62,125
262,361,241,251,10,126,-115,125
376,316,129,175,46,50,-79,125
473,279,124,153,29,28,-96,125
288,383,254,254,0,129,-125,125
308,316,164,251,87,126,-38,125
472,281,90,153,63,28,-62,125
489,276,178,207,29,82,-96,125
342,363,202,224,22,99,-103,125
473,281,34,153,119,28,-6,125
334,476,39,146,107,21,-18,125
384,357,224,226,2,101,-123,125
291,211,93,207,114,82,-11,125
126,384,230,254,24,129,-101,125
541,53,28,146,118,21,-7,125
303,405,0,125,125,0,0,125
175,380,76,178,102,53,-23,125
321,308,239,250,11,125,-114,125
363,78,238,253,15,128,-110,125
279,222,105,218,113,93,-12,125
452,323,142,199,57,74,-68,125
440,322,115,199,84,74,-41,125
94,384,61,168,107,43,-18,125
548,52,8,125,117,0,-8,125
396,294,145,145,0,21,-124,124
322,306,115,206,91,82,-33,124
397,294,95,145,50,21,-74,124
335,480,21,145,124,21,0,124
336,358,89,163,74,39,-50,124
337,87,248,255,7,131,-117,124
349,350,164,223,59,99,-65,124
432,521,34,145,111,21,-13,124
440,66,226,254,28,130,-96,124
550,275,80,145,65,21,-59,124
322,282,21,124,103,0,-21,124
280,355,125,167,42,43,-82,124
511,327,213,222,9,98,-115,124
299,228,194,230,36,106,-88,124
309,314,151,241,90,117,-34,124
352,510,43,145,102,21,-22,124
448,323,151,202,51,78,-73,124
85,209,197,241,44,117,-80,124
498,335,21,124,103,0,-21,124
449,323,148,200,52,76,-72,124
330,315,21,140,119,16,-5,124
269,231,46,128,82,4,-42,124
503,277,43,124,81,0,-43,124
382,317,141,167,26,43,-98,124
349,351,216,223,7,99,-117,124
347,352,206,222,16,98,-108,124
209,364,128,213,85,89,-39,124
345,351,105,220,115,96,-9,124
327,123,224,254,30,130,-94,124
472,278,28,124,96,0,-28,124
328,467,245,253,8,129,-116,124
276,224,89,206,117,82,-7,124
446,349,0,124,124,0,0,124
148,328,126,152,26,28,-98,124
331,114,89,209,120,85,-4,124
450,323,148,200,52,76,-72,124
210,365,213,252,39,128,-85,124
320,288,89,124,35,0,-89,124
43,364,226,251,25,127,-99,124
315,292,101,209,108,85,-16,124
338,285,0,124,124,0,0,124
346,352,172,222,50,98,-74,124
145,389,243,253,10,129,-114,124
471,341,226,229,3,105,-121,124
516,54,231,253,22,129,-102,124
14,316,229,253,24,129,-100,124
150,321,125,192,67,68,-57,124
26,252,214,246,32,122,-92,124
411,278,212,236,24,112,-100,124
574,140,28,124,96,0,-28,124
483,340,0,123,123,0,0,123
435,322,152,207,55,84,-68,123
378,316,109,162,53,39,-70,123
296,205,110,205,95,82,-28,123
541,276,61,144,83,21,-40,123
342,293,122,151,29,28,-94,123
409,517,253,253,0,130,-123,123
36,357,95,182,87,59,-36,123
342,295,131,144,13,21,-110,123
527,275,172,182,10,59,-113,123
436,322,144,205,61,82,-62,123
436,277,183,219,36,96,-87,123
276,369,18,135,117,12,-6,123
50,370,231,250,19,127,-104,123
223,360,106,213,107,90,-16,123
269,367,247,254,7,131,-116,123
337,494,253,254,1,131,-122,123
504,277,43,123,80,0,-43,123
194,290,115,169,54,46,-69,123
537,534,255,255,0,132,-123,123
28,349,34,123,89,0,-34,123
281,355,161,173,12,50,-111,123
341,295,61,144,83,21,-40,123
331,316,28,144,116,21,-7,123
305,182,119,233,114,110,-9,123
306,319,161,233,72,110,-51,123
133,217,89,182,93,59,-30,123
403,71,224,254,30,131,-93,123
560,536,0,123,123,0,0,123
273,364,123,157,34,34,-89,123
152,324,173,203,30,80,-93,123
446,347,199,215,16,92,-107,123
348,350,99,216,117,93,-6,123
320,280,245,247,2,124,-121,123
474,340,232,232,0,109,-123,123
504,57,1,123,122,0,-1,123
272,365,34,123,89,0,-34,123
271,233,238,251,13,128,-110,123
340,293,68,151,83,28,-40,123
454,527,242,255,13,132,-110,123
300,329,123,213,90,90,-33,123
314,293,148,224,76,101,-47,123
380,316,87,151,64,28,-59,123
506,329,221,221,0,98,-123,123
196,366,211,249,38,126,-85,123
338,358,157,189,32,66,-91,123
393,279,232,235,3,112,-120,123
301,188,221,255,34,132,-89,123
146,262,21,123,102,0,-21,123
365,362,21,144,123,21,0,123
510,54,232,253,21,130,-102,123
3,577,61,184,123,61,0,123
397,319,194,223,29,101,-93,122
7,573,61,183,122,61,0,122
293,385,21,143,122,21,0,122
295,337,87,186,99,64,-23,122
30,354,226,253,27,131,-95,122
151,321,175,206,31,84,-91,122
326,131,99,218,119,96,-3,122
428,279,0,122,122,0,0,122
297,391,0,122,122,0,0,122
298,199,118,224,106,102,-16,122
316,286,246,249,3,127,-119,122
375,295,21,122,101,0,-21,122
375,316,139,181,42,59,-80,122
225,238,192,253,61,131,-61,122
406,73,0,122,122,0,0,122
301,327,123,212,89,90,-33,122
505,277,43,122,79,0,-43,122
300,405,249,254,5,132,-117,122
549,272,68,122,54,0,-68,122
378,512,21,143,122,21,0,122
453,323,140,196,56,74,-66,122
27,348,28,143,115,21,-7,122
26,253,187,244,57,122,-65,122
97,386,235,254,19,132,-103,122
70,382,248,253,5,131,-117,122
374,293,72,122,50,0,-72,122
108,384,76,175,99,53,-23,122
17,333,244,252,8,130,-114,122
493,59,26,140,114,18,-8,122
231,241,215,247,32,125,-90,122
98,386,227,254,27,132,-95,122
324,275,243,250,7,128,-115,122
455,323,135,194,59,72,-63,122
434,322,160,209,49,87,-73,122
311,311,167,241,74,119,-48,122
297,202,117,211,94,89,-28,122
78,384,224,251,27,129,-95,122
375,293,110,122,12,0,-110,122
152,271,95,178,83,56,-39,122
116,210,240,254,14,132,-108,122
387,300,28,122,94,0,-28,122
501,334,21,122,101,0,-21,122
304,323,177,234,57,112,-65,122
304,324,220,234,14,112,-108,122
99,386,224,254,30,132,-92,122
15,276,212,249,37,127,-85,122
319,228,109,178,69,56,-53,122
329,115,224,254,30,132,-92,122
323,296,93,156,63,34,-59,122
281,353,50,150,100,28,-22,122
479,533,247,253,6,131,-116,122
13,311,239,253,14,131,-108,122
373,293,43,122,79,0,-43,122
325,309,15,137,122,15,0,122
320,307,250,250,0,128,-122,122
525,54,239,253,14,131,-108,122
553,273,46,122,76,0,-46,122
343,292,28,122,94,0,-28,122
488,276,180,207,27,85,-95,122
369,297,76,122,46,0,-76,122
369,296,0,122,122,0,0,122
437,277,181,217,36,95,-86,122
23,342,39,156,117,34,-5,122
379,316,98,156,58,34,-64,122
345,254,225,247,22,125,-100,122
345,350,203,220,17,98,-105,122
153,271,141,178,37,56,-85,122
560,48,244,255,11,133,-111,122
422,319,34,122,88,0,-34,122
534,52,251,255,4,133,-118,122
423,321,184,219,35,98,-86,121
529,53,249,254,5,133,-116,121
256,357,115,197,82,76,-39,121
333,358,50,149,99,28,-22,121
549,536,230,252,22,131,-99,121
153,324,181,203,22,82,-99,121
432,66,225,254,29,133,-92,121
257,357,115,197,82,76,-39,121
318,283,240,250,10,129,-111,121
254,357,115,197,82,76,-39,121
136,216,235,254,19,133,-102,121
447,323,157,203,46,82,-75,121
311,168,127,230,103,109,-18,121
518,275,175,180,5,59,-116,121
308,317,210,251,41,130,-80,121
381,316,74,142,68,21,-53,121
311,423,28,142,114,21,-7,121
258,357,112,197,85,76,-36,121
144,220,96,180,84,59,-37,121
322,362,107,160,53,39,-68,121
227,360,238,255,17,134,-104,121
151,255,110,160,50,39,-71,121
298,195,241,251,10,130,-111,121
298,228,191,227,36,106,-85,121
340,363,204,224,20,103,-101,121
341,363,202,224,22,103,-99,121
323,362,70,160,90,39,-31,121
146,261,28,142,114,21,-7,121
303,324,133,233,100,112,-21,121
454,323,138,195,57,74,-64,121
323,361,152,160,8,39,-113,121
304,322,123,226,103,105,-18,121
320,451,251,255,4,134,-117,121
313,427,21,142,121,21,0,121
138,388,251,254,3,133,-118,121
123,214,43,164,121,43,0,121
255,357,115,197,82,76,-39,121
339,283,180,210,30,89,-91,121
323,135,219,254,35,133,-86,121
156,386,68,167,99,46,-22,121
435,349,219,229,10,109,-110,120
400,355,221,226,5,106,-115,120
336,284,0,120,120,0,0,120
317,151,225,253,28,133,-92,120
183,379,235,253,18,133,-102,120
435,277,186,219,33,99,-87,120
370,80,28,141,113,21,-7,120
383,316,43,141,98,21,-22,120
383,280,245,246,1,126,-119,120
324,136,133,219,86,99,-34,120
267,365,252,254,2,134,-118,120
382,316,59,141,82,21,-38,120
487,276,181,207,26,87,-94,120
320,290,109,148,39,28,-81,120
316,153,240,255,15,135,-105,120
84,209,176,235,59,115,-61,120
328,119,218,254,36,134,-84,120
253,357,117,196,79,76,-41,120
230,241,181,244,63,124,-57,120
491,279,28,120,92,0,-28,120
336,359,136,176,40,56,-80,120
151,325,80,173,93,53,-27,120
86,209,220,249,29,129,-91,120
198,365,139,230,91,110,-29,120
489,338,0,120,120,0,0,120
302,189,132,221,89,101,-31,120
557,538,246,254,8,134,-112,120
349,253,118,216,98,96,-22,120
453,524,0,120,120,0,0,120
323,290,53,120,67,0,-53,120
314,157,243,250,7,130,-113,120
331,359,43,141,98,21,-22,120
332,317,39,141,102,21,-18,120
59,219,154,192,38,72,-82,120
409,318,0,120,120,0,0,120
495,533,28,120,92,0,-28,120
333,269,34,154,120,34,0,120
107,384,74,173,99,53,-21,120
380,80,28,141,113,21,-7,120
185,376,105,205,100,85,-20,120
59,221,164,192,28,72,-92,120
59,220,146,192,46,72,-74,120
436,351,21,141,120,21,0,120
419,352,212,219,7,99,-113,120
125,382,28,148,120,28,0,120
419,517,21,141,120,21,0,120
37,357,72,159,87,39,-33,120
411,320,182,218,36,98,-84,120
214,363,124,207,83,87,-37,120
554,285,0,119,119,0,0,119
554,284,64,119,55,0,-64,119
519,275,170,175,5,56,-114,119
405,516,244,253,9,134,-110,119
223,362,239,254,15,135,-104,119
378,315,43,119,76,0,-43,119
321,363,59,140,81,21,-38,119
145,220,118,178,60,59,-59,119
506,277,39,119,80,0,-39,119
24,344,39,147,108,28,-11,119
467,530,240,253,13,134,-106,119
53,369,21,140,119,21,0,119
327,128,110,224,114,105,-5,119
479,293,98,119,21,0,-98,119
65,380,232,253,21,134,-98,119
81,382,21,119,98,0,-21,119
334,485,234,254,20,135,-99,119
176,382,246,253,7,134,-112,119
61,220,105,191,86,72,-33,119
34,358,214,251,37,132,-82,119
509,54,234,253,19,134,-100,119
442,350,0,119,119,0,0,119
575,142,140,140,0,21,-119,119
478,293,39,119,80,0,-39,119
348,254,101,206,105,87,-14,119
397,317,0,119,119,0,0,119
395,75,21,140,119,21,0,119
61,219,153,191,38,72,-81,119
322,143,124,226,102,107,-17,119
150,256,103,162,59,43,-60,119
17,274,175,235,60,116,-59,119
320,363,93,140,47,21,-72,119
332,229,118,189,71,70,-48,119
320,364,39,119,80,0,-39,119
319,229,173,224,51,105,-68,119
290,209,253,253,0,134,-119,119
438,522,34,140,106,21,-13,119
551,273,89,140,51,21,-68,119
551,275,76,140,64,21,-55,119
277,231,250,250,0,131,-119,119
433,277,189,221,32,102,-87,119
486,276,181,206,25,87,-94,119
274,371,253,254,1,135,-118,119
433,322,167,211,44,92,-75,119
332,361,110,162,52,43,-67,119
475,532,236,252,16,133,-103,119
516,275,180,180,0,61,-119,119
552,285,116,119,3,0,-116,119
473,280,102,153,51,34,-68,119
413,518,253,253,0,134,-119,119
312,425,28,140,112,21,-7,119
471,281,135,153,18,34,-101,119
329,229,133,197,64,78,-55,119
517,54,234,253,19,134,-100,119
16,275,194,247,53,128,-66,119
517,275,180,180,0,61,-119,119
553,285,59,119,60,0,-59,119
553,284,119,119,0,0,-119,119
288,229,236,251,15,132,-104,119
100,386,229,254,25,135,-94,119
563,50,0,119,119,0,0,119
295,340,201,209,8,90,-111,119
524,533,21,119,98,0,-21,119
278,356,114,152,38,34,-80,118
153,259,148,186,38,68,-80,118
456,323,133,190,57,72,-61,118
330,229,129,194,65,76,-53,118
309,229,192,224,32,106,-86,118
330,362,102,161,59,43,-59,118
434,277,186,220,34,102,-84,118
458,528,249,254,5,136,-113,118
368,283,219,230,11,112,-107,118
320,229,167,220,53,102,-65,118
391,296,0,118,118,0,0,118
306,176,224,253,29,135,-89,118
333,322,237,238,1,120,-117,118
515,275,180,182,2,64,-116,118
392,295,21,118,97,0,-21,118
378,283,0,118,118,0,0,118
468,342,215,228,13,110,-105,118
280,354,50,161,111,43,-7,118
65,377,28,118,90,0,-28,118
39,361,209,246,37,128,-81,118
35,355,64,152,88,34,-30,118
116,212,78,164,86,46,-32,118
335,359,109,164,55,46,-63,118
347,350,93,211,118,93,0,118
318,229,178,227,49,109,-69,118
224,238,164,245,81,127,-37,118
194,289,101,161,60,43,-58,118
454,347,34,139,105,21,-13,118
106,384,66,171,105,53,-13,118
475,278,39,118,79,0,-39,118
321,229,164,217,53,99,-65,118
340,286,39,118,79,0,-39,118
407,354,207,225,18,107,-100,118
390,297,21,118,97,0,-21,118
344,352,96,200,104,82,-14,118
321,146,109,227,118,109,0,118
19,332,64,151,87,34,-30,117
83,209,167,232,65,115,-52,117
317,229,182,228,46,111,-71,117
9,571,61,178,117,61,0,117
8,572,61,178,117,61,0,117
396,293,98,145,47,28,-70,117
520,275,167,173,6,56,-111,117
395,293,50,145,95,28,-22,117
230,358,160,220,60,103,-57,117
538,276,50,160,110,43,-7,117
432,322,175,213,38,96,-79,117
18,566,68,178,110,61,-7,117
95,384,53,160,107,43,-10,117
337,97,85,202,117,85,0,117
229,241,138,231,93,114,-24,117
82,209,173,232,59,115,-58,117
514,326,183,197,14,80,-103,117
290,347,187,199,12,82,-105,117
321,362,135,160,25,43,-92,117
485,276,182,206,24,89,-93,117
327,229,140,202,62,85,-55,117
150,210,167,245,78,128,-39,117
550,273,101,145,44,28,-73,117
108,211,89,183,94,66,-23,117
211,365,224,253,29,136,-88,117
312,229,193,229,36,112,-81,117
307,177,135,224,89,107,-28,117
457,323,130,189,59,72,-58,117
480,292,98,117,19,0,-98,117
384,316,39,138,99,21,-18,117
385,302,0,117,117,0,0,117
465,527,21,117,96,0,-21,117
374,315,89,151,62,34,-55,117
385,283,43,117,74,0,-43,117
117,385,223,252,29,135,-88,117
397,293,135,145,10,28,-107,117
324,229,152,209,57,92,-60,117
311,313,233,247,14,130,-103,117
339,365,0,117,117,0,0,117
486,285,46,117,71,0,-46,117
379,360,0,117,117,0,0,117
80,214,110,145,35,28,-82,117
410,320,184,219,35,102,-82,117
486,286,105,117,12,0,-105,117
526,275,169,173,4,56,-113,117
304,407,21,117,96,0,-21,117
340,292,105,151,46,34,-71,117
328,229,136,199,63,82,-54,117
333,360,92,145,53,28,-64,117
252,357,116,195,79,78,-38,117
540,276,84,151,67,34,-50,117
311,229,194,229,35,112,-82,117
434,321,92,167,75,50,-42,117
480,291,46,117,71,0,-46,117
320,228,105,173,68,56,-49,117
15,322,231,253,22,136,-95,117
385,303,68,117,49,0,-68,117
153,260,92,184,92,68,-24,116
400,290,136,137,1,21,-115,116
400,291,98,137,39,21,-77,116
400,288,34,137,103,21,-13,116
293,339,66,144,78,28,-38,116
484,59,252,252,0,136,-116,116
429,279,0,116,116,0,0,116
430,277,194,223,29,107,-87,116
400,292,34,137,103,21,-13,116
324,300,53,116,63,0,-53,116
324,301,51,116,65,0,-51,116
324,299,53,116,63,0,-53,116
309,316,241,251,10,135,-106,116
330,117,107,208,101,92,-15,116
474,248,80,116,36,0,-80,116
310,312,130,233,103,117,-13,116
383,284,39,116,77,0,-39,116
552,286,70,116,46,0,-70,116
330,111,238,253,15,137,-101,116
553,286,0,116,116,0,0,116
370,314,92,144,52,28,-64,116
343,295,87,144,57,28,-59,116
343,294,46,144,98,28,-18,116
474,65,22,128,106,12,-10,116
343,293,28,144,116,28,0,116
473,65,39,128,89,12,-27,116
325,229,148,206,58,90,-58,116
332,321,238,238,0,122,-116,116
460,346,28,137,109,21,-7,116
313,433,240,254,14,138,-102,116
381,515,231,254,23,138,-93,116
193,224,202,253,51,137,-65,116
518,54,237,253,16,137,-100,116
342,294,144,144,0,28,-116,116
446,323,162,203,41,87,-75,116
194,291,133,169,36,53,-80,116
479,341,34,137,103,21,-13,116
331,229,126,190,64,74,-52,116
413,70,252,253,1,137,-115,116
329,360,28,137,109,21,-7,116
270,230,68,120,52,4,-64,116
19,339,237,254,17,138,-99,116
344,350,220,221,1,105,-115,116
472,65,38,128,90,12,-26,116
49,366,0,116,116,0,0,116
350,364,39,137,98,21,-18,116
333,102,233,253,20,137,-96,116
402,288,129,137,8,21,-108,116
225,361,241,255,14,139,-102,116
378,358,206,226,20,110,-96,116
149,257,84,144,60,28,-56,116
149,258,112,144,32,28,-84,116
149,262,43,150,107,34,-9,116
323,229,156,211,55,95,-61,116
432,277,189,221,32,105,-84,116
12,306,246,252,6,136,-110,116
13,293,102,182,80,66,-36,116
431,277,190,222,32,106,-84,116
393,296,118,137,19,21,-97,116
393,295,43,137,94,21,-22,116
334,360,117,162,45,46,-71,116
401,288,72,137,65,21,-51,116
401,289,137,137,0,21,-116,116
401,290,117,137,20,21,-96,116
556,535,0,116,116,0,0,116
478,249,74,116,42,0,-74,116
30,350,28,116,88,0,-28,116
374,284,0,116,116,0,0,116
10,558,68,177,109,61,-7,116
362,80,28,144,116,28,0,116
484,276,183,205,22,89,-94,116
322,229,160,214,54,98,-62,116
402,289,106,137,31,21,-85,116
402,290,21,137,116,21,0,116
508,54,243,253,10,137,-106,116
326,229,145,203,58,87,-58,116
152,259,101,184,83,68,-33,116
467,284,102,143,41,28,-74,115
484,291,21,136,115,21,0,115
466,286,126,143,17,28,-98,115
484,290,74,136,62,21,-53,115
466,284,28,143,115,28,0,115
466,285,101,143,42,28,-73,115
467,286,89,143,54,28,-61,115
84,210,117,197,80,82,-35,115
401,291,21,136,115,21,0,115
482,291,125,136,11,21,-104,115
394,281,28,136,108,21,-7,115
86,211,72,161,89,46,-26,115
230,240,231,253,22,138,-93,115
467,285,143,143,0,28,-115,115
507,277,34,115,81,0,-34,115
483,289,95,136,41,21,-74,115
483,290,136,136,0,21,-115,115
441,322,111,187,76,72,-39,115
483,276,184,205,21,90,-94,115
482,289,34,136,102,21,-13,115
490,335,229,230,1,115,-114,115
274,223,241,254,13,139,-102,115
391,298,118,136,18,21,-97,115
334,323,235,237,2,122,-113,115
393,73,251,255,4,140,-111,115
316,157,110,224,114,109,-1,115
429,520,0,115,115,0,0,115
226,239,166,240,74,125,-41,115
334,104,117,207,90,92,-25,115
300,190,231,254,23,139,-92,115
459,344,220,224,4,109,-111,115
305,320,131,220,89,105,-26,115
329,358,165,183,18,68,-97,115
313,229,192,230,38,115,-77,115
494,280,61,136,75,21,-40,115
495,280,21,136,115,21,0,115
283,217,253,253,0,138,-115,115
483,291,74,136,62,21,-53,115
494,279,136,136,0,21,-115,115
149,256,59,143,84,28,-31,115
422,321,188,220,32,105,-83,115
482,276,185,205,20,90,-95,115
426,519,0,115,115,0,0,115
468,285,93,143,50,28,-65,115
468,286,39,143,104,28,-11,115
49,232,136,210,74,95,-41,115
333,107,116,213,97,98,-18,115
303,325,176,234,58,119,-57,115
281,365,107,143,36,28,-79,115
388,76,246,254,8,139,-107,115
354,345,224,234,10,119,-105,115
481,276,186,205,19,90,-96,115
354,346,129,234,105,119,-10,115
389,301,127,136,9,21,-106,115
80,215,82,143,61,28,-54,115
223,237,200,251,51,136,-64,115
163,386,245,253,8,138,-107,115
471,65,25,128,103,13,-12,115
166,385,231,252,21,137,-94,115
222,237,179,249,70,134,-45,115
408,514,0,115,115,0,0,115
390,298,59,136,77,21,-38,115
447,523,0,115,115,0,0,115
309,315,201,243,42,128,-73,115
476,278,0,115,115,0,0,115
342,498,0,115,115,0,0,115
44,361,50,149,99,34,-16,115
310,229,195,227,32,112,-83,115
312,162,227,253,26,138,-89,115
310,427,251,255,4,140,-111,115
487,532,0,115,115,0,0,115
75,381,34,143,109,28,-6,115
341,496,0,115,115,0,0,115
398,74,0,115,115,0,0,115
495,279,87,136,49,21,-66,115
138,381,244,254,10,139,-105,115
345,79,254,254,0,139,-115,115
154,325,140,181,41,66,-74,115
384,513,0,115,115,0,0,115
457,525,0,115,115,0,0,115
492,278,0,115,115,0,0,115
100,384,53,158,105,43,-10,115
308,315,135,241,106,126,-9,115
322,363,43,135,92,21,-22,114
491,57,254,254,0,140,-114,114
483,288,34,114,80,0,-34,114
484,288,101,114,13,0,-101,114
115,383,21,135,114,21,0,114
402,71,228,254,26,140,-88,114
556,51,0,114,114,0,0,114
299,197,110,224,114,110,0,114
229,359,220,255,35,141,-79,114
394,513,0,114,114,0,0,114
322,292,147,173,26,59,-88,114
539,534,249,255,6,141,-108,114
307,319,217,244,27,130,-87,114
331,320,237,238,1,124,-113,114
104,384,56,167,111,53,-3,114
220,363,229,254,25,140,-89,114
470,280,43,135,92,21,-22,114
470,281,109,135,26,21,-88,114
327,122,241,254,13,140,-101,114
410,318,0,114,114,0,0,114
445,323,165,204,39,90,-75,114
525,275,167,170,3,56,-111,114
281,372,12,116,104,2,-10,114
304,180,248,253,5,139,-109,114
332,364,157,186,29,72,-85,114
321,141,244,253,9,139,-105,114
135,218,70,170,100,56,-14,114
251,357,114,194,80,80,-34,114
405,285,142,142,0,28,-114,114
405,284,66,142,76,28,-38,114
514,275,182,182,0,68,-114,114
338,264,50,142,92,28,-22,114
26,254,175,234,59,120,-55,114
316,229,186,228,42,114,-72,114
102,384,68,167,99,53,-15,114
406,285,125,142,17,28,-97,114
406,286,46,142,96,28,-18,114
32,356,240,251,11,137,-103,114
60,219,115,186,71,72,-43,114
13,281,238,252,14,138,-100,114
407,73,0,114,114,0,0,114
471,282,92,135,43,21,-71,114
159,385,56,160,104,46,-10,114
155,260,150,184,34,70,-80,114
312,431,247,254,7,140,-107,114
275,225,82,196,114,82,0,114
479,292,46,114,68,0,-46,114
148,254,98,157,59,43,-55,114
16,278,107,186,79,72,-35,114
564,50,0,114,114,0,0,114
436,524,251,254,3,140,-111,114
492,535,243,252,9,138,-105,114
195,371,249,254,5,140,-109,114
315,229,187,230,43,116,-71,114
472,282,34,135,101,21,-13,114
458,323,129,186,57,72,-57,114
103,384,68,167,99,53,-15,114
154,260,128,184,56,70,-58,114
554,273,21,114,93,0,-21,114
314,229,191,230,39,116,-75,114
86,385,229,254,25,140,-89,114
16,313,0,114,114,0,0,114
101,384,61,167,106,53,-8,114
216,364,224,254,30,140,-84,114
200,366,234,253,19,139,-95,114
349,349,128,213,85,99,-29,114
349,252,172,232,60,118,-54,114
553,537,238,255,17,141,-97,114
208,364,124,203,79,89,-35,114
542,276,39,135,96,21,-18,114
527,535,246,253,7,139,-107,114
494,281,34,135,101,21,-13,114
521,275,166,170,4,56,-110,114
398,294,39,135,96,21,-18,114
397,515,232,254,22,140,-92,114
338,260,237,246,9,133,-104,113
291,346,199,208,9,95,-104,113
148,322,72,152,80,39,-33,113
148,323,105,152,47,39,-66,113
429,277,194,223,29,110,-84,113
338,327,235,235,0,122,-113,113
396,319,198,223,25,110,-88,113
519,54,240,253,13,140,-100,113
460,291,76,134,58,21,-55,113
376,281,228,231,3,118,-110,113
271,225,250,253,3,140,-110,113
201,366,240,253,13,140,-100,113
148,327,92,152,60,39,-53,113
303,326,215,235,20,122,-93,113
461,290,85,134,49,21,-64,113
461,291,134,134,0,21,-113,113
471,531,236,253,17,140,-96,113
122,211,242,254,12,141,-101,113
469,528,21,134,113,21,0,113
333,229,110,179,69,66,-44,113
312,310,182,244,62,131,-51,113
228,239,221,254,33,141,-80,113
431,66,227,254,27,141,-86,113
459,323,127,185,58,72,-55,113
323,297,106,156,50,43,-63,113
460,323,124,183,59,70,-54,113
340,289,110,141,31,28,-82,113
460,290,21,134,113,21,0,113
524,275,164,169,5,56,-108,113
401,357,28,134,106,21,-7,113
573,541,240,254,14,141,-99,113
371,295,56,134,78,21,-35,113
342,284,208,231,23,118,-90,113
337,326,234,235,1,122,-112,113
371,296,134,134,0,21,-113,113
337,261,242,249,7,136,-106,113
346,351,98,206,108,93,-5,113
371,359,205,225,20,112,-93,113
49,231,175,218,43,105,-70,113
522,275,164,169,5,56,-108,113
302,185,232,254,22,141,-91,113
552,49,237,255,18,142,-95,113
291,208,246,253,7,140,-106,113
18,271,190,252,62,139,-51,113
501,55,232,254,22,141,-91,113
382,78,243,254,11,141,-102,113
197,365,140,225,85,112,-28,113
79,218,87,147,60,34,-53,113
462,290,133,134,1,21,-112,113
154,326,111,147,36,34,-77,113
95,210,230,255,25,142,-88,113
184,376,101,156,55,43,-58,113
322,138,231,253,22,140,-91,113
413,280,0,112,112,0,0,112
302,328,212,235,23,123,-89,112
368,78,241,253,12,141,-100,112
393,358,34,133,99,21,-13,112
409,320,188,219,31,107,-81,112
428,277,199,223,24,111,-88,112
289,345,43,155,112,43,0,112
326,365,68,112,44,0,-68,112
347,255,89,186,97,74,-15,112
36,359,216,246,30,134,-82,112
305,178,241,253,12,141,-100,112
373,361,0,112,112,0,0,112
140,386,28,133,105,21,-7,112
96,210,234,255,21,143,-91,112
575,141,124,140,16,28,-96,112
340,365,0,112,112,0,0,112
510,330,21,133,112,21,0,112
442,322,107,182,75,70,-37,112
134,281,124,165,41,53,-71,112
461,289,21,133,112,21,0,112
148,259,43,112,69,0,-43,112
325,455,21,112,91,0,-21,112
381,317,141,171,30,59,-82,112
198,366,225,251,26,139,-86,112
199,366,230,251,21,139,-91,112
315,365,82,112,30,0,-82,112
337,365,21,133,112,21,0,112
309,425,250,254,4,142,-108,112
384,303,21,112,91,0,-21,112
339,363,206,219,13,107,-99,112
284,353,173,182,9,70,-103,112
479,276,187,204,17,92,-95,112
482,250,64,112,48,0,-64,112
550,272,46,112,66,0,-46,112
493,334,230,230,0,118,-112,112
429,320,68,140,72,28,-40,112
480,276,187,204,17,92,-95,112
317,365,46,112,66,0,-46,112
318,446,240,254,14,142,-98,112
413,353,211,224,13,112,-99,112
415,355,0,112,112,0,0,112
51,371,241,252,11,140,-101,112
316,365,68,112,44,0,-68,112
79,219,66,133,67,21,-45,112
562,539,252,254,2,142,-110,112
417,519,244,253,9,141,-103,112
148,258,61,112,51,0,-61,112
394,295,96,140,44,28,-68,112
394,294,53,140,87,28,-25,112
269,234,244,253,9,141,-103,112
147,259,0,112,112,0,0,112
394,296,137,140,3,28,-109,112
299,334,219,221,2,109,-110,112
319,441,0,112,112,0,0,112
311,429,254,254,0,142,-112,112
370,285,0,112,112,0,0,112
278,355,34,146,112,34,0,112
462,289,84,133,49,21,-63,112
303,187,109,213,104,101,-8,112
486,284,28,111,83,0,-28,111
336,325,230,234,4,123,-107,111
372,282,220,227,7,116,-104,111
99,384,43,145,102,34,-9,111
40,358,39,139,100,28,-11,111
340,294,46,139,93,28,-18,111
470,279,28,111,83,0,-28,111
327,362,39,111,72,0,-39,111
10,570,61,172,111,61,0,111
337,265,46,139,93,28,-18,111
73,383,249,254,5,143,-106,111
150,322,164,195,31,84,-80,111
150,320,84,175,91,64,-20,111
131,214,247,253,6,142,-105,111
409,278,217,238,21,127,-90,111
105,384,59,164,105,53,-6,111
321,228,102,167,65,56,-46,111
341,329,214,226,12,115,-99,111
56,225,119,157,38,46,-73,111
423,351,230,230,0,119,-111,111
441,66,228,254,26,143,-85,111
82,382,0,111,111,0,0,111
174,383,247,253,6,142,-105,111
96,384,43,150,107,39,-4,111
334,99,236,254,18,143,-93,111
286,227,21,132,111,21,0,111
299,226,0,111,111,0,0,111
447,349,0,111,111,0,0,111
384,283,0,111,111,0,0,111
395,294,96,145,49,34,-62,111
335,324,229,235,6,124,-105,111
151,256,144,170,26,59,-85,111
300,226,0,111,111,0,0,111
385,316,34,132,98,21,-13,111
523,275,164,167,3,56,-108,111
374,294,122,132,10,21,-101,111
59,373,0,111,111,0,0,111
312,166,126,214,88,103,-23,111
314,365,90,111,21,0,-90,111
302,403,21,132,111,21,0,111
308,175,123,214,91,103,-20,111
374,316,144,187,43,76,-68,111
305,323,226,234,8,123,-103,111
430,279,0,111,111,0,0,111
136,379,28,139,111,28,0,111
194,225,209,252,43,141,-68,111
323,311,242,248,6,137,-105,111
37,360,230,253,23,142,-88,111
444,66,230,254,24,143,-87,111
298,226,0,111,111,0,0,111
197,366,218,250,32,139,-79,111
323,140,125,209,84,98,-27,111
462,323,120,180,60,70,-50,110
418,352,217,222,5,112,-105,110
548,290,74,110,36,0,-74,110
348,78,245,254,9,144,-101,110
340,288,76,110,34,0,-76,110
398,317,0,110,110,0,0,110
435,321,87,160,73,50,-37,110
259,357,105,192,87,82,-23,110
339,492,21,131,110,21,0,110
95,386,234,254,20,144,-90,110
33,353,56,144,88,34,-22,110
508,277,34,110,76,0,-34,110
402,515,237,254,17,144,-93,110
311,164,237,255,18,145,-92,110
340,352,210,216,6,106,-104,110
544,535,246,253,7,143,-103,110
553,282,56,110,54,0,-56,110
297,226,0,110,110,0,0,110
327,359,159,171,12,61,-98,110
293,366,76,110,34,0,-76,110
513,275,182,184,2,74,-108,110
292,366,78,110,32,0,-78,110
250,357,110,190,80,80,-30,110
553,281,0,110,110,0,0,110
470,344,0,110,110,0,0,110
343,259,70,169,99,59,-11,110
376,514,242,253,11,143,-99,110
471,247,82,110,28,0,-82,110
374,292,0,110,110,0,0,110
331,362,117,180,63,70,-47,110
290,381,32,129,97,19,-13,110
13,294,96,180,84,70,-26,110
90,383,0,110,110,0,0,110
426,522,247,254,7,144,-103,110
478,276,188,203,15,93,-95,110
376,292,92,110,18,0,-92,110
478,530,0,110,110,0,0,110
147,255,127,156,29,46,-81,110
410,278,214,237,23,127,-87,110
18,272,175,237,62,127,-48,110
145,268,93,131,38,21,-72,110
431,279,0,110,110,0,0,110
226,238,219,254,35,144,-75,110
149,323,152,180,28,70,-82,110
322,290,61,138,77,28,-33,110
276,357,107,144,37,34,-73,110
181,380,241,254,13,144,-97,110
342,296,105,131,26,21,-84,110
565,50,0,110,110,0,0,110
552,275,72,131,59,21,-51,110
335,230,149,200,51,90,-59,110
528,56,0,110,110,0,0,110
313,308,165,246,81,136,-29,110
475,248,70,110,40,0,-70,110
547,290,109,110,1,0,-109,110
15,283,34,138,104,28,-6,110
547,271,61,110,49,0,-61,110
549,290,21,110,89,0,-21,110
341,288,28,110,82,0,-28,110
408,278,221,238,17,128,-93,110
50,229,127,190,63,80,-47,110
341,296,21,131,110,21,0,110
375,292,72,110,38,0,-72,110
301,330,213,233,20,123,-90,110
570,538,22,121,99,11,-11,110
321,290,64,138,74,28,-36,110
41,362,209,244,35,134,-75,110
555,284,21,110,89,0,-21,110
555,281,106,110,4,0,-106,110
334,230,159,206,47,96,-63,110
444,525,233,254,21,144,-89,110
97,384,39,144,105,34,-5,110
492,253,76,110,34,0,-76,110
277,356,76,144,68,34,-42,110
333,230,169,213,44,103,-66,110
285,215,253,253,0,143,-110,110
221,237,158,244,86,134,-24,110
220,361,93,197,104,87,-6,110
266,362,228,251,23,141,-87,110
463,323,119,178,59,68,-51,110
232,359,223,253,30,143,-80,110
231,359,218,254,36,144,-74,110
461,323,123,180,57,70,-53,110
98,384,34,144,110,34,0,110
234,359,231,253,22,143,-88,110
96,386,233,254,21,144,-89,110
554,281,66,110,44,0,-66,110
554,282,110,110,0,0,-110,110
380,360,0,110,110,0,0,110
284,216,253,253,0,143,-110,110
291,366,80,110,30,0,-80,110
398,290,28,137,109,28,0,109
294,342,208,211,3,102,-106,109
294,366,72,109,37,0,-72,109
17,276,128,194,66,85,-43,109
468,284,127,143,16,34,-93,109
164,383,39,137,98,28,-11,109
224,237,228,253,25,144,-84,109
291,387,249,252,3,143,-106,109
233,359,223,252,29,143,-80,109
484,62,3,112,109,3,0,109
328,125,120,205,85,96,-24,109
79,217,106,152,46,43,-63,109
231,242,146,228,82,119,-27,109
516,323,39,109,70,0,-39,109
382,285,21,109,88,0,-21,109
217,362,98,199,101,90,-8,109
566,50,0,109,109,0,0,109
514,324,106,165,59,56,-50,109
485,286,56,109,53,0,-56,109
364,78,241,253,12,144,-97,109
107,211,85,175,90,66,-19,109
485,287,101,109,8,0,-101,109
101,386,237,254,17,145,-92,109
188,377,251,254,3,145,-106,109
411,515,21,130,109,21,0,109
430,523,252,254,2,145,-107,109
479,249,64,109,45,0,-64,109
486,251,50,109,59,0,-50,109
290,366,80,109,29,0,-80,109
265,362,236,251,15,142,-94,109
341,261,56,143,87,34,-22,109
216,235,201,246,45,137,-64,109
194,226,162,250,88,141,-21,109
321,305,117,224,107,115,-2,109
547,291,70,109,39,0,-70,109
321,289,28,109,81,0,-28,109
135,382,251,255,4,146,-105,109
334,264,242,247,5,138,-104,109
394,297,84,137,53,28,-56,109
399,290,80,137,57,28,-52,109
451,278,53,137,84,28,-25,109
333,265,242,248,6,139,-103,109
379,315,39,109,70,0,-39,109
517,323,28,109,81,0,-28,109
444,323,168,204,36,95,-73,109
333,482,246,254,8,145,-101,109
399,291,137,137,0,28,-109,109
399,292,90,137,47,28,-62,109
142,218,230,250,20,141,-89,109
398,292,131,137,6,28,-103,109
398,291,103,137,34,28,-75,109
498,319,70,109,39,0,-70,109
19,270,177,237,60,128,-49,109
382,286,61,109,48,0,-61,109
320,304,117,226,109,117,0,109
147,266,46,109,63,0,-46,109
539,51,245,255,10,146,-99,109
382,287,102,109,7,0,-102,109
548,291,0,109,109,0,0,109
335,263,241,248,7,139,-102,109
149,266,28,109,81,0,-28,109
499,319,21,109,88,0,-21,109
431,322,184,214,30,105,-79,109
286,214,249,253,4,144,-105,109
518,323,34,109,75,0,-34,109
313,309,202,248,46,139,-63,109
322,228,99,164,65,56,-43,108
349,362,224,226,2,118,-106,108
377,358,213,225,12,117,-96,108
39,358,78,142,64,34,-44,108
25,350,246,251,5,143,-103,108
194,292,129,169,40,61,-68,108
303,323,112,220,108,112,0,108
332,478,251,254,3,146,-105,108
330,465,21,129,108,21,0,108
323,301,110,156,46,48,-62,108
310,166,253,255,2,147,-106,108
220,236,206,247,41,139,-67,108
332,230,179,218,39,110,-69,108
364,360,223,224,1,116,-107,108
392,299,82,136,54,28,-54,108
482,290,92,136,44,28,-64,108
369,314,105,151,46,43,-62,108
282,352,28,136,108,28,0,108
194,288,90,151,61,43,-47,108
545,50,235,254,19,146,-89,108
350,512,253,253,0,145,-108,108
403,289,39,129,90,21,-18,108
406,284,129,142,13,34,-95,108
450,348,21,129,108,21,0,108
339,87,112,200,88,92,-20,108
26,255,170,226,56,118,-52,108
297,337,207,217,10,109,-98,108
182,219,229,252,23,144,-85,108
391,299,136,136,0,28,-108,108
280,219,247,253,6,145,-102,108
390,299,117,136,19,28,-89,108
319,146,241,253,12,145,-96,108
479,296,28,129,101,21,-7,108
479,295,85,129,44,21,-64,108
431,352,28,129,101,21,-7,108
548,272,92,136,44,28,-64,108
249,357,107,188,81,80,-27,108
464,323,116,176,60,68,-48,108
75,209,186,239,53,131,-55,108
202,366,240,253,13,145,-95,108
143,390,230,253,23,145,-85,108
299,192,246,252,6,144,-102,108
322,293,160,178,18,70,-90,108
389,300,112,136,24,28,-84,108
149,322,115,180,65,72,-43,108
191,286,115,151,36,43,-72,108
487,336,223,228,5,120,-103,108
342,329,162,223,61,115,-47,108
275,357,89,142,53,34,-55,108
157,388,253,253,0,145,-108,108
142,390,220,253,33,145,-75,108
309,173,106,211,105,103,-3,108
478,294,93,129,36,21,-72,108
443,322,102,176,74,68,-34,108
104,211,98,176,78,68,-30,108
80,382,21,129,108,21,0,108
452,278,53,136,83,28,-25,108
389,299,61,136,75,28,-33,108
427,277,202,224,22,116,-86,108
150,323,180,195,15,87,-93,108
177,379,66,164,98,56,-10,108
477,294,34,129,95,21,-13,108
304,185,105,213,108,105,0,108
14,304,43,136,93,28,-15,108
399,289,39,136,97,28,-11,108
336,230,138,193,55,85,-53,108
181,219,209,249,40,141,-68,108
141,390,236,253,17,145,-91,108
358,363,28,128,100,21,-7,107
336,262,246,249,3,142,-104,107
396,292,28,135,107,28,0,107
397,296,39,107,68,0,-39,107
397,292,105,135,30,28,-77,107
300,398,34,128,94,21,-13,107
334,268,34,141,107,34,0,107
543,296,0,107,107,0,0,107
543,295,78,107,29,0,-78,107
280,366,28,107,79,0,-28,107
409,356,0,107,107,0,0,107
533,282,96,107,11,0,-96,107
332,266,243,248,5,141,-102,107
321,446,34,107,73,0,-34,107
429,350,236,236,0,129,-107,107
348,287,21,107,86,0,-21,107
463,278,21,107,86,0,-21,107
283,366,66,107,41,0,-66,107
283,354,177,177,0,70,-107,107
289,366,80,107,27,0,-80,107
146,270,61,107,46,0,-61,107
140,220,34,141,107,34,0,107
440,348,214,226,12,119,-95,107
445,347,210,218,8,111,-99,107
303,412,246,254,8,147,-99,107
482,531,0,107,107,0,0,107
323,228,98,160,62,53,-45,107
281,366,39,107,68,0,-39,107
306,321,220,238,18,131,-89,107
306,318,130,217,87,110,-20,107
411,318,0,107,107,0,0,107
221,236,227,252,25,145,-82,107
532,282,43,107,64,0,-43,107
341,365,0,107,107,0,0,107
227,240,141,221,80,114,-27,107
477,276,190,203,13,96,-94,107
24,258,205,251,46,144,-61,107
50,232,105,175,70,68,-37,107
50,231,127,175,48,68,-59,107
528,535,247,253,6,146,-101,107
492,280,120,135,15,28,-92,107
282,366,53,107,54,0,-53,107
481,60,245,252,7,145,-100,107
320,149,90,197,107,90,0,107
289,210,253,253,0,146,-107,107
31,355,235,251,16,144,-91,107
549,52,0,107,107,0,0,107
327,363,90,128,38,21,-69,107
120,213,43,141,98,34,-9,107
442,66,229,254,25,147,-82,107
322,291,120,160,40,53,-67,107
457,64,23,125,102,18,-5,107
309,313,117,224,107,117,0,107
476,276,194,203,9,96,-98,107
148,253,131,157,26,50,-81,107
371,314,78,135,57,28,-50,107
154,327,87,141,54,34,-53,107
131,383,249,254,5,147,-102,107
329,121,117,202,85,95,-22,107
268,362,151,197,46,90,-61,107
87,209,237,251,14,144,-93,107
443,323,171,205,34,98,-73,107
541,269,82,107,25,0,-82,107
312,311,218,244,26,137,-81,107
529,286,82,107,25,0,-82,107
325,134,102,206,104,99,-3,107
542,295,107,107,0,0,-107,107
22,346,249,254,5,147,-102,107
432,279,0,107,107,0,0,107
420,520,238,253,15,146,-92,107
314,308,230,249,19,142,-88,107
314,307,197,249,52,142,-55,107
294,208,102,191,89,84,-18,107
529,285,34,107,73,0,-34,107
542,296,80,107,27,0,-80,107
398,293,90,135,45,28,-62,107
7,557,69,167,98,61,-8,106
465,323,114,174,60,68,-46,106
296,226,0,106,106,0,0,106
524,54,245,253,8,147,-98,106
52,368,28,127,99,21,-7,106
302,325,122,215,93,109,-13,106
21,277,112,174,62,68,-44,106
194,293,116,167,51,61,-55,106
356,361,232,234,2,128,-104,106
301,226,0,106,106,0,0,106
145,219,169,202,33,96,-73,106
356,347,196,225,29,119,-77,106
19,576,69,167,98,61,-8,106
461,292,114,134,20,28,-86,106
19,577,78,167,89,61,-17,106
150,274,126,162,36,56,-70,106
468,283,99,127,28,21,-78,106
462,292,43,134,91,28,-15,106
543,276,39,127,88,21,-18,106
355,347,167,225,58,119,-48,106
469,284,87,127,40,21,-66,106
483,250,46,106,60,0,-46,106
469,285,39,127,88,21,-18,106
410,281,80,106,26,0,-80,106
460,292,120,134,14,28,-92,106
389,302,68,127,59,21,-47,106
537,301,89,106,17,0,-89,106
326,457,34,106,72,0,-34,106
430,66,230,254,24,148,-82,106
151,258,154,170,16,64,-90,106
151,210,165,240,75,134,-31,106
366,510,50,134,84,28,-22,106
68,378,0,106,106,0,0,106
538,301,21,106,85,0,-21,106
19,569,69,167,98,61,-8,106
365,510,46,134,88,28,-18,106
342,298,21,106,85,0,-21,106
353,287,39,127,88,21,-18,106
288,366,80,106,26,0,-80,106
471,301,61,134,73,28,-33,106
471,302,118,134,16,28,-90,106
539,276,80,156,76,50,-30,106
459,244,68,106,38,0,-68,106
472,301,134,134,0,28,-106,106
472,302,109,134,25,28,-81,106
322,449,34,134,100,28,-6,106
524,312,50,106,56,0,-50,106
15,308,0,106,106,0,0,106
471,300,28,134,106,28,0,106
367,510,50,134,84,28,-22,106
306,419,249,255,6,149,-100,106
146,269,39,106,67,0,-39,106
323,298,107,156,49,50,-57,106
332,104,249,253,4,147,-102,106
14,317,236,253,17,147,-89,106
287,366,78,106,28,0,-78,106
217,235,218,250,32,144,-74,106
127,384,238,254,16,148,-90,106
134,280,101,159,58,53,-48,106
295,366,70,106,36,0,-70,106
372,297,68,134,66,28,-40,106
555,280,61,106,45,0,-61,106
351,287,34,127,93,21,-13,106
38,360,186,245,59,139,-47,106
372,296,134,134,0,28,-106,106
536,301,99,106,7,0,-99,106
467,283,34,127,93,21,-13,106
512,275,184,186,2,80,-104,106
296,200,231,254,23,148,-83,106
554,280,0,106,106,0,0,106
542,297,21,106,85,0,-21,106
433,279,0,106,106,0,0,106
352,287,39,127,88,21,-18,106
155,261,103,156,53,50,-53,106
27,252,164,228,64,122,-42,106
207,364,119,195,76,89,-30,106
346,253,234,246,12,140,-94,106
77,384,233,253,20,147,-86,106
473,300,118,134,16,28,-90,106
524,313,96,106,10,0,-96,106
472,300,70,134,64,28,-42,106
152,258,164,184,20,78,-86,106
279,366,21,106,85,0,-21,106
473,301,101,134,33,28,-73,106
473,302,28,134,106,28,0,106
540,295,28,106,78,0,-28,106
153,326,66,140,74,34,-32,106
423,521,245,253,8,147,-98,106
524,311,28,106,78,0,-28,106
417,69,252,252,0,146,-106,106
81,209,180,232,52,126,-54,106
195,227,217,251,34,145,-72,106
286,366,76,106,30,0,-76,106
195,226,234,253,19,147,-87,106
401,71,233,254,21,148,-85,106
343,298,78,106,28,0,-78,106
540,296,74,106,32,0,-74,106
520,54,243,253,10,148,-95,105
145,334,74,105,31,0,-74,105
145,333,66,105,39,0,-66,105
326,125,248,252,4,147,-101,105
544,270,68,105,37,0,-68,105
520,317,105,105,0,0,-105,105
465,285,28,126,98,21,-7,105
465,286,90,126,36,21,-69,105
336,482,21,105,84,0,-21,105
520,318,84,105,21,0,-84,105
355,346,119,224,105,119,0,105
355,345,167,224,57,119,-48,105
408,320,193,219,26,114,-79,105
533,281,53,105,52,0,-53,105
278,366,0,105,105,0,0,105
339,83,248,253,5,148,-100,105
548,271,46,105,59,0,-46,105
547,292,21,105,84,0,-21,105
317,444,249,255,6,150,-99,105
368,510,46,133,87,28,-18,105
430,322,191,216,25,111,-80,105
368,299,66,105,39,0,-66,105
346,256,84,177,93,72,-12,105
453,278,46,133,87,28,-18,105
467,287,28,126,98,21,-7,105
149,274,74,151,77,46,-28,105
369,299,64,105,41,0,-64,105
545,290,34,105,71,0,-34,105
552,282,21,105,84,0,-21,105
473,343,21,105,84,0,-21,105
369,510,39,126,87,21,-18,105
151,271,89,151,62,46,-43,105
308,318,244,251,7,146,-98,105
450,526,239,252,13,147,-92,105
289,214,101,192,91,87,-14,105
324,302,48,110,62,5,-43,105
545,291,85,105,20,0,-85,105
353,345,234,234,0,129,-105,105
353,346,184,234,50,129,-55,105
151,275,126,173,47,68,-58,105
507,54,249,253,4,148,-101,105
334,229,103,169,66,64,-39,105
485,285,0,105,105,0,0,105
321,288,0,105,105,0,0,105
323,300,116,156,40,51,-65,105
446,65,248,254,6,149,-99,105
285,366,72,105,33,0,-72,105
522,317,21,105,84,0,-21,105
341,293,139,151,12,46,-93,105
341,294,106,144,38,39,-67,105
140,385,21,105,84,0,-21,105
368,297,43,105,62,0,-43,105
463,290,105,133,28,28,-77,105
463,291,43,133,90,28,-15,105
519,323,43,105,62,0,-43,105
319,301,147,212,65,107,-40,105
318,304,235,249,14,144,-91,105
318,439,21,126,105,21,0,105
192,223,210,253,43,148,-62,105
534,280,53,105,52,0,-53,105
534,281,98,105,7,0,-98,105
464,278,0,105,105,0,0,105
325,362,21,126,105,21,0,105
67,381,250,254,4,149,-101,105
150,255,59,144,85,39,-20,105
149,328,50,126,76,21,-29,105
149,273,112,151,39,46,-66,105
219,236,184,241,57,136,-48,105
561,536,0,105,105,0,0,105
370,299,43,105,62,0,-43,105
149,329,28,126,98,21,-7,105
434,279,0,105,105,0,0,105
193,225,154,242,88,137,-17,105
0,557,78,166,88,61,-17,105
466,287,93,126,33,21,-72,105
212,365,231,254,23,149,-82,105
284,366,68,105,37,0,-68,105
466,323,111,173,62,68,-43,105
542,532,0,105,105,0,0,105
521,318,0,105,105,0,0,105
421,321,195,220,25,115,-80,105
18,561,249,249,0,144,-105,105
521,317,87,105,18,0,-87,105
335,267,34,139,105,34,0,105
335,282,84,133,49,28,-56,105
1,557,69,166,97,61,-8,105
196,365,141,218,77,114,-27,104
483,292,21,125,104,21,0,104
145,210,208,253,45,149,-59,104
195,229,209,249,40,145,-64,104
195,228,209,249,40,145,-64,104
442,323,176,206,30,102,-74,104
355,344,212,224,12,120,-92,104
351,349,153,228,75,124,-29,104
351,350,228,228,0,124,-104,104
248,357,105,186,81,82,-23,104
350,348,157,228,71,124,-33,104
232,242,175,228,53,124,-51,104
371,80,21,125,104,21,0,104
25,257,187,232,45,128,-59,104
76,209,155,234,79,130,-25,104
455,295,28,132,104,28,0,104
455,296,59,132,73,28,-31,104
487,284,43,132,89,28,-15,104
456,295,66,132,66,28,-38,104
487,285,111,132,21,28,-83,104
457,295,118,132,14,28,-90,104
275,229,34,131,97,27,-7,104
280,375,250,254,4,150,-100,104
451,63,254,254,0,150,-104,104
270,368,247,253,6,149,-98,104
325,128,247,254,7,150,-97,104
487,286,117,132,15,28,-89,104
349,348,186,228,42,124,-62,104
266,360,95,172,77,68,-27,104
350,350,213,228,15,124,-89,104
350,349,124,228,104,124,0,104
151,323,195,206,11,102,-93,104
385,286,53,132,79,28,-25,104
150,271,76,132,56,28,-48,104
386,286,43,132,89,28,-15,104
149,271,70,125,55,21,-49,104
315,306,227,248,21,144,-83,104
476,297,122,132,10,28,-94,104
476,296,85,132,47,28,-57,104
481,291,102,125,23,21,-81,104
481,290,34,125,91,21,-13,104
482,292,80,125,45,21,-59,104
395,319,202,223,21,119,-83,104
475,276,195,202,7,98,-97,104
15,558,248,248,0,144,-104,104
203,366,244,254,10,150,-94,104
476,295,28,132,104,28,0,104
477,295,85,132,47,28,-57,104
456,296,132,132,0,28,-104,104
518,324,105,132,27,28,-77,104
488,284,111,132,21,28,-83,104
336,266,34,138,104,34,0,104
467,323,109,170,61,66,-43,104
336,282,133,157,24,53,-80,104
478,296,93,132,39,28,-65,104
337,230,126,182,56,78,-48,104
478,295,129,132,3,28,-101,104
49,230,167,218,51,114,-53,104
297,398,244,254,10,150,-94,104
49,229,177,218,41,114,-63,104
478,297,28,132,104,28,0,104
296,335,87,178,91,74,-13,104
94,386,238,254,16,150,-88,104
309,168,249,254,5,150,-99,104
477,296,132,132,0,28,-104,104
477,297,96,132,36,28,-68,104
489,286,28,132,104,28,0,104
488,285,132,132,0,28,-104,104
416,72,9,113,104,9,0,104
332,362,149,186,37,82,-67,104
488,286,66,132,66,28,-38,104
489,285,64,132,68,28,-36,104
489,284,122,132,10,28,-94,104
384,286,109,132,23,28,-81,104
449,67,12,109,97,6,-6,103
543,293,76,103,27,0,-76,103
323,276,242,250,8,147,-95,103
544,295,21,103,82,0,-21,103
443,66,231,254,23,151,-80,103
575,140,43,124,81,21,-22,103
534,279,21,103,82,0,-21,103
114,383,21,124,103,21,0,103
117,210,245,254,9,151,-94,103
354,287,34,124,90,21,-13,103
444,322,98,171,73,68,-30,103
484,287,56,103,47,0,-56,103
118,385,229,253,24,150,-79,103
324,228,95,156,61,53,-42,103
83,382,21,103,82,0,-21,103
397,291,28,131,103,28,0,103
542,293,28,103,75,0,-28,103
549,273,112,149,37,46,-66,103
426,277,205,225,20,122,-83,103
427,69,22,108,86,5,-17,103
342,365,0,103,103,0,0,103
307,173,234,254,20,151,-83,103
306,180,125,213,88,110,-15,103
505,57,0,103,103,0,0,103
336,357,50,124,74,21,-29,103
337,322,34,124,90,21,-13,103
337,486,21,124,103,21,0,103
381,290,21,103,82,0,-21,103
381,288,102,103,1,0,-102,103
380,288,56,103,47,0,-56,103
405,286,110,142,32,39,-71,103
146,220,135,169,34,66,-69,103
379,290,87,103,16,0,-87,103
339,259,237,246,9,143,-94,103
34,354,43,137,94,34,-9,103
380,290,76,103,27,0,-76,103
299,330,93,193,100,90,-3,103
511,275,186,188,2,85,-101,103
295,226,0,103,103,0,0,103
379,288,34,103,69,0,-34,103
430,320,61,131,70,28,-33,103
145,329,66,103,37,0,-66,103
145,330,56,103,47,0,-56,103
133,277,116,167,51,64,-52,103
373,316,151,192,41,89,-62,103
345,257,72,169,97,66,-6,103
487,61,0,103,103,0,0,103
56,226,125,149,24,46,-79,103
343,365,0,103,103,0,0,103
499,332,215,225,10,122,-93,103
333,318,28,124,96,21,-7,103
468,306,107,124,17,21,-86,103
468,307,28,124,96,21,-7,103
474,280,34,124,90,21,-13,103
474,279,95,124,29,21,-74,103
558,280,50,103,53,0,-50,103
558,279,103,103,0,0,-103,103
150,257,143,162,19,59,-84,103
557,278,46,103,57,0,-46,103
150,258,144,162,18,59,-85,103
472,247,68,103,35,0,-68,103
151,319,102,167,65,64,-38,103
567,50,0,103,103,0,0,103
557,51,0,103,103,0,0,103
151,259,78,164,86,61,-17,103
408,73,0,103,103,0,0,103
559,280,0,103,103,0,0,103
559,279,46,103,57,0,-46,103
139,217,238,254,16,151,-87,103
148,255,70,146,76,43,-27,103
328,118,232,254,22,151,-81,103
316,304,228,249,21,146,-82,103
316,303,224,249,25,146,-78,103
328,363,111,142,31,39,-72,103
317,289,78,171,93,68,-10,103
85,385,232,254,22,151,-81,103
328,317,242,243,1,140,-102,103
61,378,249,254,5,151,-98,103
399,293,43,131,88,28,-15,103
400,289,68,137,69,34,-34,103
323,299,111,156,45,53,-58,103
11,569,61,164,103,61,0,103
11,568,61,164,103,61,0,103
11,567,61,164,103,61,0,103
481,63,21,103,82,0,-21,103
69,218,120,168,48,66,-54,102
483,324,140,184,44,82,-58,102
316,302,228,248,20,146,-82,102
476,248,56,102,46,0,-56,102
220,287,102,158,56,56,-46,102
436,279,0,102,102,0,0,102
230,359,218,255,37,153,-65,102
16,312,0,102,102,0,0,102
445,322,95,168,73,66,-29,102
435,279,0,102,102,0,0,102
25,258,158,221,63,119,-39,102
436,321,84,152,68,50,-34,102
408,285,39,130,91,28,-11,102
357,287,21,102,81,0,-21,102
484,324,137,182,45,80,-57,102
559,48,248,255,7,153,-95,102
493,280,135,136,1,34,-101,102
484,289,114,136,22,34,-80,102
247,357,102,184,82,82,-20,102
493,253,66,102,36,0,-66,102
271,369,251,253,2,151,-100,102
145,332,59,102,43,0,-59,102
485,324,135,180,45,78,-57,102
480,290,21,102,81,0,-21,102
138,378,46,123,77,21,-25,102
467,278,0,102,102,0,0,102
419,354,21,123,102,21,0,102
381,286,0,102,102,0,0,102
465,245,43,102,59,0,-43,102
308,416,21,102,81,0,-21,102
466,278,0,102,102,0,0,102
310,171,110,212,102,110,0,102
151,254,74,141,67,39,-35,102
18,274,147,194,47,92,-55,102
313,159,239,254,15,152,-87,102
550,286,87,102,15,0,-87,102
340,357,184,198,14,96,-88,102
460,244,56,102,46,0,-56,102
339,263,43,136,93,34,-9,102
407,285,34,130,96,28,-6,102
471,283,39,123,84,21,-18,102
320,287,64,102,38,0,-64,102
297,203,89,184,95,82,-7,102
405,513,21,102,81,0,-21,102
392,279,235,238,3,136,-99,102
567,540,254,254,0,152,-102,102
550,285,43,102,59,0,-43,102
66,219,119,182,63,80,-39,102
294,226,0,102,102,0,0,102
496,254,68,102,34,0,-68,102
487,252,90,123,33,21,-69,102
520,319,28,102,74,0,-28,102
517,327,0,102,102,0,0,102
519,319,74,102,28,0,-74,102
342,289,21,102,81,0,-21,102
277,366,0,102,102,0,0,102
454,243,74,102,28,0,-74,102
21,276,114,174,60,72,-42,102
494,278,53,136,83,34,-19,102
412,318,0,102,102,0,0,102
134,215,249,253,4,151,-98,102
277,357,127,148,21,46,-81,102
27,352,243,252,9,150,-93,102
338,323,34,123,89,21,-13,102
380,317,142,176,34,74,-68,102
380,287,0,102,102,0,0,102
552,287,28,102,74,0,-28,102
309,418,28,102,74,0,-28,102
465,278,0,102,102,0,0,102
153,270,92,158,66,56,-36,102
318,365,28,102,74,0,-28,102
367,313,89,123,34,21,-68,102
323,302,105,148,43,46,-59,102
482,324,144,187,43,85,-59,102
469,282,101,123,22,21,-80,102
469,278,0,102,102,0,0,102
469,281,56,123,67,21,-35,102
468,278,0,102,102,0,0,102
555,279,21,102,81,0,-21,102
470,283,89,123,34,21,-68,102
151,272,132,178,46,76,-56,102
381,287,64,102,38,0,-64,102
133,278,128,173,45,72,-56,101
14,287,61,151,90,50,-11,101
532,55,14,101,87,0,-14,101
133,276,105,160,55,59,-46,101
149,259,59,144,85,43,-16,101
271,229,74,122,48,21,-53,101
408,284,56,135,79,34,-22,101
223,238,144,228,84,127,-17,101
356,344,178,221,43,120,-58,101
492,281,115,135,20,34,-81,101
328,361,21,101,80,0,-21,101
446,322,90,165,75,64,-26,101
232,241,228,247,19,146,-82,101
441,323,182,208,26,107,-75,101
368,313,78,122,44,21,-57,101
124,382,39,129,90,28,-11,101
317,155,117,206,89,105,-12,101
399,317,0,101,101,0,0,101
195,230,213,250,37,149,-64,101
493,281,70,135,65,34,-36,101
474,276,195,202,7,101,-94,101
350,80,50,144,94,43,-7,101
351,80,53,101,48,0,-53,101
480,249,46,101,55,0,-46,101
447,322,87,162,75,61,-26,101
246,357,99,183,84,82,-17,101
191,285,130,157,27,56,-74,101
191,287,101,140,39,39,-62,101
115,212,72,151,79,50,-22,101
370,298,89,122,33,21,-68,101
192,224,163,238,75,137,-26,101
476,298,92,122,30,21,-71,101
484,286,0,101,101,0,0,101
371,298,53,122,69,21,-32,101
491,324,122,171,49,70,-52,101
475,296,28,122,94,21,-7,101
475,297,82,122,40,21,-61,101
483,287,0,101,101,0,0,101
487,251,34,101,67,0,-34,101
403,288,98,129,31,28,-70,101
344,258,66,167,101,66,0,101
343,83,66,162,96,61,-5,101
314,306,153,243,90,142,-11,101
273,358,93,140,47,39,-54,101
386,359,21,101,80,0,-21,101
298,200,102,202,100,101,-1,101
551,272,28,101,73,0,-28,101
407,284,130,135,5,34,-96,101
471,278,0,101,101,0,0,101
407,283,135,135,0,34,-101,101
407,278,222,238,16,137,-85,101
405,283,34,129,95,28,-6,101
293,226,0,101,101,0,0,101
295,202,242,253,11,152,-90,101
17,334,248,252,4,151,-97,101
50,230,114,177,63,76,-38,101
551,49,242,255,13,154,-88,101
424,67,239,252,13,151,-88,101
340,258,239,246,7,145,-94,101
340,291,142,151,9,50,-92,101
340,82,247,254,7,153,-94,101
180,219,181,242,61,141,-40,101
454,278,43,129,86,28,-15,101
106,209,244,253,9,152,-92,101
278,248,178,252,74,151,-27,101
278,247,234,252,18,151,-83,101
375,294,85,122,37,21,-64,101
105,209,244,253,9,152,-92,101
21,278,106,165,59,64,-42,101
104,209,246,253,7,152,-94,101
386,316,28,122,94,21,-7,101
496,278,39,101,62,0,-39,101
283,351,28,129,101,28,0,101
300,332,214,223,9,122,-92,101
490,324,125,173,48,72,-53,101
332,111,101,202,101,101,0,101
298,393,0,101,101,0,0,101
505,323,80,129,49,28,-52,101
488,283,43,122,79,21,-22,101
406,283,66,135,69,34,-32,101
319,363,119,140,21,39,-80,101
319,306,245,250,5,149,-96,101
553,275,68,122,54,21,-47,101
488,324,131,175,44,74,-57,101
319,302,107,208,101,107,0,101
301,192,126,206,80,105,-21,101
553,274,114,122,8,21,-93,101
338,363,208,213,5,112,-96,101
338,489,28,122,94,21,-7,101
338,95,101,186,85,85,-16,101
299,403,252,254,2,153,-99,101
381,360,0,101,101,0,0,101
336,321,21,122,101,21,0,101
304,325,233,234,1,133,-100,101
489,283,111,122,11,21,-90,101
489,324,128,175,47,74,-54,101
477,298,34,122,88,21,-13,101
468,323,105,167,62,66,-39,101
333,361,128,171,43,70,-58,101
470,278,0,101,101,0,0,101
470,62,246,253,7,152,-94,101
215,235,185,238,53,137,-48,101
152,319,140,167,27,66,-74,101
334,319,21,122,101,21,0,101
440,323,187,212,25,111,-76,101
481,338,219,224,5,123,-96,101
481,324,146,190,44,89,-57,101
204,366,248,255,7,154,-94,101
12,285,252,252,0,151,-101,101
220,286,96,156,60,56,-40,100
304,321,105,205,100,105,0,100
356,346,146,219,73,119,-27,100
443,525,237,254,17,154,-83,100
357,346,188,220,32,120,-68,100
361,80,34,128,94,28,-6,100
383,357,226,228,2,128,-98,100
444,347,218,224,6,124,-94,100
394,298,39,128,89,28,-11,100
19,271,156,209,53,109,-47,100
17,273,194,247,53,147,-47,100
372,295,107,134,27,34,-73,100
371,297,111,134,23,34,-77,100
480,324,151,192,41,92,-59,100
315,305,200,244,44,144,-56,100
370,315,135,178,43,78,-57,100
68,218,142,168,26,68,-74,100
484,534,254,255,1,155,-99,100
492,324,120,170,50,70,-50,100
354,347,146,219,73,119,-27,100
475,62,246,252,6,152,-94,100
417,352,222,223,1,123,-99,100
79,216,119,153,34,53,-66,100
338,230,114,174,60,74,-40,100
150,275,82,156,74,56,-26,100
331,230,189,218,29,118,-71,100
300,328,90,190,100,90,0,100
462,291,115,134,19,34,-81,100
98,212,64,143,79,43,-21,100
292,345,208,209,1,109,-99,100
38,357,39,134,95,34,-5,100
70,218,115,166,51,66,-49,100
218,235,227,251,24,151,-76,100
324,303,46,105,59,5,-41,100
364,510,39,128,89,28,-11,100
294,338,64,164,100,64,0,100
166,214,214,250,36,150,-64,100
487,324,132,176,44,76,-56,100
154,261,70,150,80,50,-20,100
348,348,209,228,19,128,-81,100
429,66,233,254,21,154,-79,100
332,360,70,128,58,28,-42,100
41,359,39,128,89,28,-11,100
21,263,223,250,27,150,-73,100
56,221,160,212,52,112,-48,100
106,211,82,168,86,68,-14,100
282,365,107,139,32,39,-68,100
315,160,92,192,100,92,0,100
486,324,134,178,44,78,-56,100
372,513,252,255,3,155,-97,100
393,298,80,128,48,28,-52,100
487,58,252,252,0,152,-100,100
330,319,237,241,4,141,-96,100
331,115,85,185,100,85,0,100
15,275,233,254,21,154,-79,100
288,346,43,143,100,43,0,100
76,208,215,249,34,149,-66,100
404,288,56,128,72,28,-28,100
312,309,153,231,78,131,-22,100
296,396,249,254,5,154,-95,100
194,224,242,253,11,154,-88,99
357,345,128,219,91,120,-8,99
542,269,68,99,31,0,-68,99
360,80,39,99,60,0,-39,99
400,71,238,254,16,155,-83,99
491,280,56,120,64,21,-35,99
61,223,106,152,46,53,-53,99
491,281,110,120,10,21,-89,99
18,337,252,254,2,155,-97,99
220,285,92,152,60,53,-39,99
437,279,0,99,99,0,0,99
467,308,28,120,92,21,-7,99
147,260,28,99,71,0,-28,99
16,274,224,250,26,151,-73,99
391,74,255,255,0,156,-99,99
245,357,96,181,85,82,-14,99
26,256,168,217,49,118,-50,99
335,281,93,133,40,34,-59,99
449,242,82,99,17,0,-82,99
154,210,188,248,60,149,-39,99
466,308,105,120,15,21,-84,99
154,328,85,133,48,34,-51,99
355,287,34,120,86,21,-13,99
152,210,167,240,73,141,-26,99
469,323,105,165,60,66,-39,99
536,302,80,99,19,0,-80,99
537,302,0,99,99,0,0,99
478,61,241,252,11,153,-88,99
155,262,70,149,79,50,-20,99
464,290,46,120,74,21,-25,99
464,289,103,120,17,21,-82,99
344,365,0,99,99,0,0,99
276,366,0,99,99,0,0,99
558,281,21,99,78,0,-21,99
375,284,0,99,99,0,0,99
275,222,247,254,7,155,-92,99
330,118,92,189,97,90,-2,99
350,287,28,120,92,21,-7,99
81,214,56,127,71,28,-28,99
321,291,138,160,22,61,-77,99
470,324,164,201,37,102,-62,99
531,306,99,99,0,0,-99,99
531,307,85,99,14,0,-85,99
469,324,164,202,38,103,-61,99
532,306,85,99,14,0,-85,99
532,307,0,99,99,0,0,99
325,228,92,152,60,53,-39,99
148,256,46,127,81,28,-18,99
388,302,119,127,8,28,-91,99
388,300,61,127,66,28,-33,99
335,320,21,120,99,21,0,99
388,301,122,127,5,28,-94,99
341,506,247,255,8,156,-91,99
548,287,34,99,65,0,-34,99
31,351,43,127,84,28,-15,99
513,324,107,165,58,66,-41,99
479,324,152,194,42,95,-57,99
287,377,56,114,58,15,-41,99
470,246,34,99,65,0,-34,99
462,313,28,120,92,21,-7,99
462,311,114,120,6,21,-93,99
462,288,34,120,86,21,-13,99
311,310,137,218,81,119,-18,99
423,518,21,99,78,0,-21,99
425,277,208,226,18,127,-81,99
549,287,85,99,14,0,-85,99
341,326,68,138,70,39,-29,99
463,343,217,226,9,127,-90,99
463,289,120,133,13,34,-86,99
463,288,89,120,31,21,-68,99
393,299,39,127,88,28,-11,99
459,291,28,120,92,21,-7,99
459,292,78,120,42,21,-57,99
33,357,227,251,24,152,-75,99
462,529,254,255,1,156,-98,99
568,50,0,99,99,0,0,99
340,262,34,133,99,34,0,99
460,313,106,120,14,21,-85,99
460,312,46,120,74,21,-25,99
460,293,107,120,13,21,-86,99
460,311,28,120,92,21,-7,99
461,311,43,120,77,21,-22,99
461,313,105,120,15,21,-84,99
461,293,50,120,70,21,-29,99
487,339,0,99,99,0,0,99
161,384,39,138,99,39,0,99
391,356,232,232,0,133,-99,99
318,153,115,198,83,99,-16,99
407,320,196,219,23,120,-76,99
491,535,245,252,7,153,-92,99
324,137,114,201,87,102,-12,99
483,531,0,98,98,0,0,98
389,303,28,119,91,21,-7,98
533,284,76,119,43,21,-55,98
533,280,0,98,98,0,0,98
351,252,185,222,37,124,-61,98
466,345,0,98,98,0,0,98
303,182,245,254,9,156,-89,98
336,100,82,178,96,80,-2,98
471,323,102,164,62,66,-36,98
379,283,21,98,77,0,-21,98
218,236,165,234,69,136,-29,98
324,131,238,255,17,157,-81,98
490,338,0,98,98,0,0,98
21,336,28,98,70,0,-28,98
372,294,56,132,76,34,-22,98
350,509,21,98,77,0,-21,98
533,306,21,98,77,0,-21,98
533,305,74,98,24,0,-74,98
329,318,241,242,1,144,-97,98
493,324,119,168,49,70,-49,98
149,327,68,126,58,28,-40,98
552,283,50,119,69,21,-29,98
477,278,21,98,77,0,-21,98
501,331,220,225,5,127,-93,98
467,324,167,203,36,105,-62,98
538,298,70,98,28,0,-70,98
471,324,161,200,39,102,-59,98
387,303,105,126,21,28,-77,98
373,294,90,132,42,34,-56,98
532,285,82,119,37,21,-61,98
532,284,119,119,0,21,-98,98
532,283,95,119,24,21,-74,98
335,479,21,119,98,21,0,98
146,268,34,98,64,0,-34,98
470,323,103,164,61,66,-37,98
458,525,0,98,98,0,0,98
513,329,21,98,77,0,-21,98
510,275,188,190,2,92,-96,98
413,318,0,98,98,0,0,98
150,259,64,154,90,56,-8,98
472,324,159,199,40,101,-58,98
531,284,84,119,35,21,-63,98
531,308,21,98,77,0,-21,98
145,331,56,98,42,0,-56,98
531,283,39,119,80,21,-18,98
373,315,105,157,52,59,-46,98
530,308,74,98,24,0,-74,98
531,285,118,119,1,21,-97,98
504,323,82,132,50,34,-48,98
478,292,0,98,98,0,0,98
145,259,157,157,0,59,-98,98
480,295,34,119,85,21,-13,98
327,316,243,244,1,146,-97,98
554,283,110,119,9,21,-89,98
58,376,252,254,2,156,-96,98
277,246,235,250,15,152,-83,98
420,321,202,220,18,122,-80,98
380,315,34,98,64,0,-34,98
553,283,105,119,14,21,-84,98
552,534,0,98,98,0,0,98
552,284,92,119,27,21,-71,98
425,353,28,119,91,21,-7,98
550,284,21,98,77,0,-21,98
292,226,0,98,98,0,0,98
317,364,102,126,24,28,-74,98
276,246,192,250,58,152,-40,98
274,364,133,157,24,59,-74,98
347,287,21,98,77,0,-21,98
274,232,239,249,10,151,-88,98
274,226,93,178,85,80,-13,98
529,535,248,253,5,155,-93,98
343,297,106,119,13,21,-85,98
537,298,21,98,77,0,-21,98
388,303,61,126,65,28,-33,98
16,279,85,157,72,59,-26,98
380,515,239,254,15,156,-83,98
344,296,50,119,69,21,-29,98
344,295,43,119,76,21,-22,98
455,243,64,98,34,0,-64,98
335,229,96,159,63,61,-35,98
19,269,205,249,44,151,-54,98
416,355,0,98,98,0,0,98
480,294,84,119,35,21,-63,98
331,107,252,254,2,156,-96,98
342,297,59,119,60,21,-38,98
289,229,236,250,14,152,-84,98
457,297,53,132,79,34,-19,98
517,325,132,154,22,56,-76,98
456,297,114,132,18,34,-80,98
393,297,128,137,9,39,-89,98
479,291,0,98,98,0,0,98
85,211,82,144,62,46,-36,98
473,276,192,199,7,101,-91,98
473,247,50,98,48,0,-50,98
313,164,115,201,86,103,-12,98
179,378,68,144,76,46,-22,98
344,297,72,119,47,21,-51,98
455,297,114,132,18,34,-80,98
386,318,184,188,4,90,-94,98
334,359,78,144,66,46,-32,98
137,219,56,151,95,53,-3,98
125,215,43,126,83,28,-15,98
533,285,21,119,98,21,0,98
296,389,21,119,98,21,0,98
479,278,21,98,77,0,-21,98
544,276,39,119,80,21,-18,98
539,268,59,98,39,0,-59,98
70,379,0,98,98,0,0,98
443,350,21,98,77,0,-21,98
437,321,82,144,62,46,-36,98
364,284,238,245,7,147,-91,98
439,323,199,213,14,115,-84,98
24,259,192,242,50,144,-48,98
484,251,82,118,36,21,-61,97
470,284,34,118,84,21,-13,97
4,573,255,255,0,158,-97,97
392,298,127,136,9,39,-88,97
220,288,105,158,53,61,-44,97
468,282,50,118,68,21,-29,97
195,231,231,250,19,153,-78,97
220,289,106,158,52,61,-45,97
65,219,157,182,25,85,-72,97
335,358,56,136,80,39,-17,97
499,324,124,173,49,76,-48,97
455,278,39,125,86,28,-11,97
337,92,249,253,4,156,-93,97
473,299,74,118,44,21,-53,97
84,385,235,254,19,157,-78,97
458,296,46,118,72,21,-25,97
21,344,247,253,6,156,-91,97
538,534,255,255,0,158,-97,97
474,300,93,118,25,21,-72,97
191,223,182,245,63,148,-34,97
372,314,76,125,49,28,-48,97
235,359,230,253,23,156,-74,97
474,324,157,196,39,99,-58,97
530,284,34,118,84,21,-13,97
107,209,246,253,7,156,-90,97
182,220,164,241,77,144,-20,97
530,285,82,118,36,21,-61,97
274,357,70,131,61,34,-36,97
18,275,116,175,59,78,-38,97
277,247,179,248,69,151,-28,97
472,299,28,118,90,21,-7,97
474,301,34,118,84,21,-13,97
531,286,84,118,34,21,-63,97
429,322,200,216,16,119,-81,97
153,210,174,244,70,147,-27,97
495,336,21,118,97,21,0,97
282,230,254,254,0,157,-97,97
314,294,159,206,47,109,-50,97
495,278,72,136,64,39,-33,97
280,356,164,167,3,70,-94,97
113,383,21,118,97,21,0,97
297,197,238,251,13,154,-84,97
532,286,21,118,97,21,0,97
407,286,28,125,97,28,0,97
167,214,234,253,19,156,-78,97
471,303,99,118,19,21,-78,97
61,224,68,150,82,53,-15,97
339,328,233,235,2,138,-95,97
351,253,154,206,52,109,-45,97
195,365,126,211,85,114,-12,97
324,304,44,101,57,4,-40,97
351,364,28,118,90,21,-7,97
424,277,211,228,17,131,-80,97
458,295,109,118,9,21,-88,97
472,323,102,161,59,64,-38,97
472,303,34,118,84,21,-13,97
500,55,238,254,16,157,-81,97
496,333,216,221,5,124,-92,97
468,324,165,202,37,105,-60,97
555,273,21,96,75,0,-21,96
220,273,87,149,62,53,-34,96
389,298,28,117,89,21,-7,96
213,363,111,188,77,92,-19,96
497,324,120,170,50,74,-46,96
438,279,0,96,96,0,0,96
555,274,70,96,26,0,-70,96
468,305,106,124,18,28,-78,96
220,274,89,149,60,53,-36,96
521,57,0,96,96,0,0,96
75,208,234,251,17,155,-79,96
464,287,87,117,30,21,-66,96
155,210,203,249,46,153,-50,96
324,305,45,99,54,3,-42,96
470,282,123,135,12,39,-84,96
536,278,53,117,64,21,-32,96
536,280,115,117,2,21,-94,96
330,361,70,117,47,21,-49,96
473,324,158,197,39,101,-57,96
470,247,92,117,25,21,-71,96
473,278,39,124,85,28,-11,96
477,324,154,194,40,98,-56,96
320,291,102,160,58,64,-38,96
478,324,154,194,40,98,-56,96
220,275,87,149,62,53,-34,96
537,278,101,117,16,21,-80,96
537,279,117,117,0,21,-96,96
24,349,251,252,1,156,-95,96
537,280,56,117,61,21,-35,96
106,386,240,254,14,158,-82,96
102,386,243,254,11,158,-85,96
230,242,125,215,90,119,-6,96
494,324,120,168,48,72,-48,96
314,162,102,198,96,102,0,96
104,386,241,254,13,158,-83,96
558,51,0,96,96,0,0,96
335,360,144,174,30,78,-66,96
523,57,0,96,96,0,0,96
523,314,92,96,4,0,-92,96
523,313,59,96,37,0,-59,96
523,312,0,96,96,0,0,96
522,57,0,96,96,0,0,96
105,211,85,164,79,68,-17,96
105,386,239,254,15,158,-81,96
133,380,59,146,87,50,-9,96
14,303,34,117,83,21,-13,96
186,378,247,252,5,156,-91,96
450,242,70,96,26,0,-70,96
302,226,0,96,96,0,0,96
406,278,222,238,16,142,-80,96
465,288,96,117,21,21,-75,96
402,291,39,117,78,21,-18,96
569,50,0,96,96,0,0,96
315,307,243,249,6,153,-90,96
476,324,154,194,40,98,-56,96
570,50,0,96,96,0,0,96
385,304,112,117,5,21,-91,96
331,364,157,180,23,84,-73,96
171,384,240,252,12,156,-84,96
463,287,43,117,74,21,-22,96
506,323,78,124,46,28,-50,96
345,365,0,96,96,0,0,96
528,286,39,96,57,0,-39,96
528,287,76,96,20,0,-76,96
275,245,200,252,52,156,-44,96
301,187,243,255,12,159,-84,96
152,326,53,130,77,34,-19,96
329,114,236,254,18,158,-78,96
149,321,84,164,80,68,-16,96
538,280,21,117,96,21,0,96
532,281,0,96,96,0,0,96
556,278,28,96,68,0,-28,96
151,274,156,178,22,82,-74,96
386,304,102,117,15,21,-81,96
80,216,70,124,54,28,-42,96
461,244,46,96,50,0,-46,96
340,494,21,117,96,21,0,96
387,304,56,117,61,21,-35,96
467,306,124,124,0,28,-96,96
467,307,111,124,13,28,-83,96
19,331,50,130,80,34,-16,96
467,305,61,124,63,28,-33,96
538,278,102,117,15,21,-81,96
538,279,59,117,58,21,-38,96
408,283,119,135,16,39,-80,96
509,323,74,117,43,21,-53,96
379,317,151,183,32,87,-64,96
18,270,209,252,43,156,-53,96
466,306,50,124,74,28,-22,96
15,323,237,252,15,156,-81,96
327,121,250,254,4,158,-92,96
466,305,28,124,96,28,0,96
465,289,53,117,64,21,-32,96
466,307,120,124,4,28,-92,96
318,300,212,243,31,147,-65,96
42,363,218,245,27,149,-69,96
323,134,236,254,18,158,-78,96
244,357,95,178,83,82,-13,96
236,359,230,253,23,157,-73,96
237,359,231,253,22,157,-74,96
545,270,53,96,43,0,-53,96
191,291,95,135,40,39,-56,96
191,290,85,135,50,39,-46,96
448,322,82,157,75,61,-21,96
482,293,34,117,83,21,-13,96
475,324,156,195,39,99,-57,96
481,293,80,117,37,21,-59,96
574,50,0,96,96,0,0,96
575,50,0,96,96,0,0,96
323,303,101,139,38,44,-57,95
484,250,34,95,61,0,-34,95
22,339,34,116,82,21,-13,95
540,268,43,95,52,0,-43,95
440,315,28,95,67,0,-28,95
439,315,46,95,49,0,-46,95
439,279,0,95,95,0,0,95
383,286,109,116,7,21,-88,95
383,285,50,116,66,21,-29,95
220,290,106,156,50,61,-45,95
191,289,85,134,49,39,-46,95
352,346,217,234,17,139,-78,95
535,303,72,95,23,0,-72,95
466,324,170,204,34,109,-61,95
466,288,43,116,73,21,-22,95
488,252,76,116,40,21,-55,95
14,277,232,252,20,157,-75,95
486,252,101,129,28,34,-67,95
315,300,207,238,31,143,-64,95
149,253,89,134,45,39,-50,95
329,366,0,95,95,0,0,95
531,282,21,95,74,0,-21,95
466,245,34,95,61,0,-34,95
91,383,21,95,74,0,-21,95
324,293,21,95,74,0,-21,95
491,253,85,116,31,21,-64,95
474,529,0,95,95,0,0,95
382,305,28,95,67,0,-28,95
527,287,34,95,61,0,-34,95
274,244,209,252,43,157,-52,95
548,273,122,163,41,68,-54,95
547,272,105,141,36,46,-59,95
494,253,53,95,42,0,-53,95
329,469,248,253,5,158,-90,95
522,314,64,95,31,0,-64,95
279,248,222,252,30,157,-65,95
79,208,213,245,32,150,-63,95
500,324,129,173,44,78,-51,95
315,301,192,238,46,143,-49,95
446,309,43,123,80,28,-15,95
536,303,28,95,67,0,-28,95
326,228,90,148,58,53,-37,95
330,366,0,95,95,0,0,95
521,314,21,95,74,0,-21,95
21,264,201,245,44,150,-51,95
520,323,43,95,52,0,-43,95
103,386,244,254,10,159,-85,95
473,323,101,159,58,64,-37,95
313,310,231,248,17,153,-78,95
406,354,211,224,13,129,-82,95
291,226,0,95,95,0,0,95
376,358,219,223,4,128,-91,95
479,294,119,129,10,34,-85,95
285,227,21,116,95,21,0,95
284,350,34,123,89,28,-6,95
132,217,76,151,75,56,-20,95
445,309,68,123,55,28,-40,95
474,532,246,252,6,157,-89,95
334,281,39,95,56,0,-39,95
155,386,64,145,81,50,-14,95
338,84,253,254,1,159,-94,95
549,286,39,95,56,0,-39,95
477,248,43,95,52,0,-43,95
331,366,0,95,95,0,0,95
169,382,70,156,86,61,-9,95
294,204,251,253,2,158,-93,95
513,325,161,201,40,106,-55,95
464,286,39,116,77,21,-18,95
340,231,143,184,41,89,-54,95
294,386,28,116,88,21,-7,95
334,280,50,95,45,0,-50,95
305,417,254,255,1,160,-94,95
382,307,90,95,5,0,-90,95
382,306,61,95,34,0,-61,95
369,313,61,116,55,21,-40,95
356,287,28,116,88,21,-7,95
379,512,28,95,67,0,-28,95
461,526,21,95,74,0,-21,95
93,386,243,255,12,160,-83,95
551,285,98,116,18,21,-77,95
551,284,46,116,70,21,-25,95
320,143,249,253,4,158,-91,95
326,132,96,191,95,96,0,95
56,371,43,123,80,28,-15,95
222,236,244,253,9,158,-86,95
444,309,111,123,12,28,-83,95
544,292,78,95,17,0,-78,95
544,291,34,95,61,0,-34,95
194,287,85,138,53,43,-42,95
357,344,151,215,64,120,-31,95
539,297,72,95,23,0,-72,95
539,296,28,95,67,0,-28,95
438,315,85,95,10,0,-85,95
205,366,248,255,7,160,-88,95
220,284,84,145,61,50,-34,95
409,73,0,95,95,0,0,95
475,279,56,95,39,0,-56,95
481,250,78,116,38,21,-57,95
482,288,21,95,74,0,-21,95
366,362,21,116,95,21,0,95
129,381,61,147,86,53,-8,94
398,515,239,254,15,160,-79,94
405,287,56,128,72,34,-22,94
217,364,239,254,15,160,-79,94
322,137,246,253,7,159,-87,94
277,373,250,252,2,158,-92,94
337,282,157,178,21,84,-73,94
535,280,103,115,12,21,-82,94
213,365,241,254,13,160,-81,94
536,281,66,115,49,21,-45,94
382,280,246,246,0,152,-94,94
180,218,229,252,23,158,-71,94
535,279,46,115,69,21,-25,94
156,262,134,164,30,70,-64,94
156,263,128,164,36,70,-58,94
21,275,111,174,63,80,-31,94
404,287,102,128,26,34,-68,94
496,324,120,168,48,74,-46,94
546,271,74,115,41,21,-53,94
343,329,146,209,63,115,-31,94
77,208,202,243,41,149,-53,94
379,80,21,115,94,21,0,94
191,288,90,133,43,39,-51,94
134,279,92,147,55,53,-39,94
17,319,28,115,87,21,-7,94
225,239,144,219,75,125,-19,94
326,464,253,253,0,159,-94,94
490,284,66,122,56,28,-38,94
333,471,34,122,88,28,-6,94
490,285,28,122,94,28,0,94
307,316,130,210,80,116,-14,94
456,278,34,122,88,28,-6,94
179,218,215,252,37,158,-57,94
335,96,243,254,11,160,-83,94
334,486,247,254,7,160,-87,94
537,281,21,115,94,21,0,94
335,102,92,186,94,92,0,94
287,347,50,137,87,43,-7,94
502,323,85,133,48,39,-46,94
220,283,78,140,62,46,-32,94
507,323,76,122,46,28,-48,94
64,380,246,253,7,159,-87,94
326,310,26,109,83,15,-11,94
319,151,101,193,92,99,-2,94
507,536,233,253,20,159,-74,94
339,230,103,166,63,72,-31,94
465,324,173,205,32,111,-62,94
503,323,85,133,48,39,-46,94
193,290,53,133,80,39,-14,94
154,316,129,172,43,78,-51,94
154,259,184,186,2,92,-92,94
335,280,95,133,38,39,-56,94
193,291,61,133,72,39,-22,94
35,359,226,253,27,159,-67,94
133,279,139,176,37,82,-57,94
238,359,234,253,19,159,-75,94
220,237,145,227,82,133,-12,94
423,319,28,115,87,21,-7,94
492,337,21,115,94,21,0,94
474,323,101,158,57,64,-37,94
509,324,115,164,49,70,-45,94
508,536,233,253,20,159,-74,94
509,536,233,253,20,159,-74,94
340,283,200,218,18,124,-76,94
512,325,158,201,43,107,-51,94
458,297,39,115,76,21,-18,94
13,312,242,253,11,159,-83,94
183,220,197,249,52,155,-42,94
347,252,236,247,11,153,-83,94
371,315,125,170,45,76,-49,94
165,214,191,244,53,150,-41,94
509,275,190,190,0,96,-94,94
498,324,122,170,48,76,-46,94
495,324,120,168,48,74,-46,94
510,536,233,253,20,159,-74,94
510,323,70,115,45,21,-49,94
423,277,214,229,15,135,-79,94
313,307,142,230,88,136,-6,94
20,270,151,205,54,111,-40,94
459,295,56,114,58,21,-35,93
511,323,70,114,44,21,-49,93
547,533,0,93,93,0,0,93
278,223,93,183,90,90,-3,93
27,250,215,246,31,153,-62,93
27,251,195,238,43,145,-50,93
349,287,28,114,86,21,-7,93
459,294,106,114,8,21,-85,93
146,252,64,157,93,64,0,93
146,253,96,157,61,64,-32,93
276,356,46,127,81,34,-12,93
158,211,191,248,57,155,-36,93
78,208,204,242,38,149,-55,93
300,195,117,202,85,109,-8,93
371,282,226,226,0,133,-93,93
462,293,28,114,86,21,-7,93
462,310,61,114,53,21,-40,93
78,219,111,149,38,56,-55,93
463,312,39,114,75,21,-18,93
68,219,95,157,62,64,-31,93
337,86,255,255,0,162,-93,93
321,140,252,253,1,160,-92,93
337,359,163,182,19,89,-74,93
128,213,240,253,13,160,-80,93
463,310,99,114,15,21,-78,93
463,311,102,114,12,21,-81,93
325,365,61,93,32,0,-61,93
320,443,34,93,59,0,-34,93
146,267,21,93,72,0,-21,93
14,318,243,253,10,160,-83,93
214,235,174,230,56,137,-37,93
485,290,34,114,80,21,-13,93
321,364,21,93,72,0,-21,93
363,510,28,114,86,21,-7,93
485,251,66,114,48,21,-45,93
480,278,0,93,93,0,0,93
324,306,48,96,48,3,-45,93
571,50,0,93,93,0,0,93
543,270,80,114,34,21,-59,93
216,362,92,180,88,87,-5,93
339,231,155,188,33,95,-60,93
554,274,96,114,18,21,-75,93
384,285,116,132,16,39,-77,93
500,255,56,93,37,0,-56,93
333,101,250,253,3,160,-90,93
469,283,118,127,9,34,-84,93
529,56,0,93,93,0,0,93
305,227,21,114,93,21,0,93
147,252,98,157,59,64,-34,93
147,253,157,157,0,64,-93,93
389,79,34,93,59,0,-34,93
537,54,0,93,93,0,0,93
557,535,0,93,93,0,0,93
475,323,99,157,58,64,-35,93
334,282,34,93,59,0,-34,93
456,243,53,93,40,0,-53,93
518,320,64,93,29,0,-64,93
518,325,102,132,30,39,-63,93
318,148,242,254,12,161,-81,93
282,251,228,249,21,156,-72,93
281,251,177,249,72,156,-21,93
15,307,21,93,72,0,-21,93
457,296,115,132,17,39,-76,93
545,276,34,114,80,21,-13,93
370,359,207,223,16,130,-77,93
457,293,28,114,86,21,-7,93
554,275,64,114,50,21,-43,93
82,210,126,180,54,87,-39,93
317,150,244,253,9,160,-84,93
327,459,34,93,59,0,-34,93
24,257,221,251,30,158,-63,93
477,293,21,93,72,0,-21,93
368,314,116,154,38,61,-55,93
512,324,110,161,51,68,-42,93
45,362,43,127,84,34,-9,93
497,254,56,93,37,0,-56,93
194,227,147,234,87,141,-6,93
18,273,163,216,53,123,-40,93
356,345,120,212,92,119,-1,93
161,387,252,253,1,160,-92,93
315,304,164,237,73,144,-20,93
386,285,59,132,73,39,-20,93
460,294,59,114,55,21,-38,93
358,345,215,221,6,128,-87,93
306,284,215,241,26,148,-67,93
461,310,21,114,93,21,0,93
386,284,117,132,15,39,-78,93
330,230,190,219,29,126,-64,93
358,346,219,221,2,128,-91,93
387,80,34,114,80,21,-13,93
332,366,0,93,93,0,0,93
372,80,21,93,72,0,-21,93
283,252,234,246,12,153,-81,93
283,253,192,246,54,153,-39,93
519,320,34,93,59,0,-34,93
394,319,206,222,16,129,-77,93
430,520,0,93,93,0,0,93
350,252,164,211,47,118,-46,93
573,50,0,93,93,0,0,93
542,53,21,114,93,21,0,93
458,293,76,114,38,21,-55,93
458,292,34,114,80,21,-13,93
481,294,34,114,80,21,-13,93
323,458,251,254,3,161,-90,93
346,365,0,93,93,0,0,93
347,81,50,139,89,46,-4,93
399,355,226,226,0,134,-92,92
481,323,92,151,59,59,-33,92
572,50,0,92,92,0,0,92
150,272,125,162,37,70,-55,92
385,513,0,92,92,0,0,92
482,278,0,92,92,0,0,92
206,364,119,184,65,92,-27,92
322,310,248,248,0,156,-92,92
167,215,175,248,73,156,-19,92
437,316,82,92,10,0,-82,92
495,56,240,253,13,161,-79,92
272,243,189,252,63,160,-29,92
473,248,90,120,30,28,-62,92
331,267,246,246,0,154,-92,92
341,81,252,254,2,162,-90,92
311,291,206,241,35,149,-57,92
471,246,21,92,71,0,-21,92
358,344,209,220,11,128,-81,92
16,328,247,252,5,160,-87,92
461,312,120,120,0,28,-92,92
315,302,164,235,71,143,-21,92
149,272,111,151,40,59,-52,92
149,254,50,131,81,39,-11,92
372,316,157,197,40,105,-52,92
509,258,74,92,18,0,-74,92
295,394,254,254,0,162,-92,92
422,277,217,231,14,139,-78,92
296,339,207,214,7,122,-85,92
350,347,210,228,18,136,-74,92
80,208,223,249,26,157,-66,92
538,297,21,92,71,0,-21,92
310,289,223,242,19,150,-73,92
22,263,171,242,71,150,-21,92
310,315,241,243,2,151,-90,92
414,318,0,92,92,0,0,92
448,349,0,92,92,0,0,92
507,324,119,166,47,74,-45,92
508,275,190,191,1,99,-91,92
94,212,84,148,64,56,-28,92
438,316,46,92,46,0,-46,92
49,222,214,234,20,142,-72,92
476,323,99,156,57,64,-35,92
543,292,28,92,64,0,-28,92
382,360,21,92,71,0,-21,92
154,317,152,172,20,80,-72,92
353,348,160,229,69,137,-23,92
353,349,225,229,4,137,-88,92
303,327,235,235,0,143,-92,92
154,335,123,131,8,39,-84,92
505,324,124,170,46,78,-46,92
192,366,116,135,19,43,-73,92
228,241,114,206,92,114,0,92
307,421,249,254,5,162,-87,92
348,362,226,229,3,137,-89,92
271,230,53,96,43,4,-49,92
477,249,87,120,33,28,-59,92
327,228,87,145,58,53,-34,92
282,221,90,145,55,53,-37,92
282,355,173,177,4,85,-88,92
376,291,46,92,46,0,-46,92
375,296,34,92,58,0,-34,92
522,313,0,92,92,0,0,92
512,259,68,92,24,0,-68,92
491,252,39,92,53,0,-39,92
328,366,0,92,92,0,0,92
451,242,59,92,33,0,-59,92
58,225,106,151,45,59,-47,92
191,292,115,135,20,43,-72,92
462,312,112,120,8,28,-84,92
338,353,202,212,10,120,-82,92
156,210,217,251,34,159,-58,92
261,358,82,174,92,82,0,92
549,271,28,92,64,0,-28,92
60,220,72,164,92,72,0,92
60,221,122,164,42,72,-50,92
274,358,115,145,30,53,-62,92
400,317,0,92,92,0,0,92
323,304,99,136,37,44,-55,92
481,278,0,92,92,0,0,92
514,325,165,197,32,105,-60,92
317,436,28,120,92,28,0,92
449,322,78,151,73,59,-19,92
27,253,122,214,92,122,0,92
55,374,251,251,0,159,-92,92
375,291,0,92,92,0,0,92
342,84,98,153,55,61,-37,92
167,385,240,252,12,160,-80,92
352,349,202,228,26,136,-66,92
463,276,191,194,3,102,-89,92
420,68,253,253,0,161,-92,92
464,276,191,194,3,102,-89,92
239,359,236,253,17,161,-75,92
300,189,247,254,7,162,-85,92
133,275,96,151,55,59,-37,92
530,309,34,92,58,0,-34,92
465,306,28,120,92,28,0,92
465,307,59,120,61,28,-31,92
465,308,102,120,18,28,-74,92
504,333,0,92,92,0,0,92
154,334,90,131,41,39,-51,92
464,324,174,206,32,114,-60,92
447,241,59,92,33,0,-59,92
146,211,149,208,59,116,-33,92
405,278,223,237,14,145,-78,92
329,230,194,220,26,129,-65,91
329,363,131,152,21,61,-70,91
297,333,87,173,86,82,-5,91
80,217,53,119,66,28,-25,91
470,276,191,192,1,101,-90,91
385,305,99,112,13,21,-78,91
88,209,243,252,9,161,-82,91
135,283,118,165,47,74,-44,91
308,423,247,254,7,163,-84,91
463,324,176,207,31,116,-60,91
481,292,117,125,8,34,-83,91
183,367,116,147,31,56,-60,91
184,367,106,147,41,56,-50,91
525,289,28,112,84,21,-7,91
525,290,72,112,40,21,-51,91
526,290,112,112,0,21,-91,91
526,289,74,112,38,21,-53,91
83,210,115,176,61,85,-30,91
322,294,161,178,17,87,-74,91
178,218,206,249,43,158,-48,91
471,276,191,192,1,101,-90,91
331,474,254,254,0,163,-91,91
472,276,191,192,1,101,-90,91
378,317,156,189,33,98,-58,91
20,269,167,223,56,132,-35,91
483,251,95,125,30,34,-61,91
145,211,188,233,45,142,-46,91
510,324,114,161,47,70,-44,91
511,325,157,201,44,110,-47,91
511,536,234,253,19,162,-72,91
386,305,53,112,59,21,-32,91
329,269,246,246,0,155,-91,91
503,324,132,173,41,82,-50,91
19,272,139,190,51,99,-40,91
193,223,238,254,16,163,-75,91
148,211,125,201,76,110,-15,91
533,283,107,119,12,28,-79,91
508,323,74,119,45,28,-46,91
326,363,68,112,44,21,-47,91
409,283,66,130,64,39,-27,91
220,295,101,150,49,59,-42,91
467,246,76,112,36,21,-55,91
302,329,233,235,2,144,-89,91
195,225,250,253,3,162,-88,91
148,257,28,112,84,21,-7,91
315,154,255,255,0,164,-91,91
316,291,85,165,80,74,-11,91
451,66,13,102,89,11,-2,91
501,324,131,173,42,82,-49,91
334,475,21,112,91,21,0,91
272,358,72,130,58,39,-33,91
468,276,191,192,1,101,-90,91
384,304,59,112,53,21,-38,91
469,276,191,192,1,101,-90,91
467,342,219,227,8,136,-83,91
125,212,246,255,9,164,-82,91
273,244,182,248,66,157,-25,91
272,370,253,254,1,163,-90,91
306,175,244,253,9,162,-82,91
119,385,234,254,20,163,-71,91
337,363,207,208,1,117,-90,91
506,54,251,254,3,163,-88,91
506,324,122,167,45,76,-46,91
112,383,21,112,91,21,0,91
438,323,200,213,13,122,-78,91
406,320,198,219,21,128,-70,91
147,211,128,201,73,110,-18,91
147,220,135,165,30,74,-61,91
504,324,129,171,42,80,-49,91
290,386,252,252,0,161,-91,91
168,215,198,251,53,160,-38,91
279,249,181,248,67,157,-24,91
279,354,43,125,82,34,-9,91
185,367,90,147,57,56,-34,91
431,320,59,119,60,28,-31,91
420,354,21,112,91,21,0,91
480,323,95,152,57,61,-34,91
145,269,98,125,27,34,-64,91
263,359,85,169,84,78,-7,91
463,313,28,112,84,21,-7,91
351,347,176,227,51,136,-40,91
217,236,151,227,76,136,-15,91
43,360,50,134,84,43,-7,91
527,291,21,112,91,21,0,91
159,211,209,252,43,161,-48,91
243,357,93,175,82,84,-9,91
352,347,146,227,81,136,-10,91
276,245,233,252,19,161,-72,91
527,290,90,112,22,21,-69,91
526,291,95,112,17,21,-74,91
141,387,78,119,41,28,-50,91
346,353,221,226,5,136,-85,90
107,386,243,254,11,164,-79,90
484,278,0,90,90,0,0,90
324,298,53,111,58,21,-32,90
322,144,117,197,80,107,-10,90
322,361,160,160,0,70,-90,90
322,456,252,254,2,164,-88,90
483,278,0,90,90,0,0,90
338,231,166,193,27,103,-63,90
157,211,176,241,65,151,-25,90
506,536,235,253,18,163,-72,90
462,244,39,90,51,0,-39,90
191,293,129,140,11,50,-79,90
118,210,249,254,5,164,-85,90
552,537,246,254,8,164,-82,90
465,276,191,192,1,102,-89,90
233,242,190,228,38,138,-52,90
535,304,34,90,56,0,-34,90
269,363,90,158,68,68,-22,90
133,280,147,182,35,92,-55,90
457,294,72,118,46,28,-44,90
457,318,21,90,69,0,-21,90
548,536,240,252,12,162,-78,90
290,226,0,90,90,0,0,90
534,304,70,90,20,0,-70,90
193,292,61,133,72,43,-18,90
446,306,114,124,10,34,-80,90
446,308,68,124,56,34,-34,90
381,306,0,90,90,0,0,90
381,307,66,90,24,0,-66,90
381,308,82,90,8,0,-82,90
370,510,21,111,90,21,0,90
354,348,200,229,29,139,-61,90
192,285,89,140,51,50,-39,90
467,276,191,192,1,102,-89,90
466,276,191,192,1,102,-89,90
154,315,120,168,48,78,-42,90
534,305,34,90,56,0,-34,90
508,324,117,164,47,74,-43,90
298,336,217,218,1,128,-89,90
299,198,114,195,81,105,-9,90
434,349,224,231,7,141,-83,90
225,237,245,254,9,164,-81,90
428,66,244,254,10,164,-80,90
530,286,107,118,11,28,-79,90
270,363,138,158,20,68,-70,90
456,294,28,118,90,28,0,90
468,308,28,111,83,21,-7,90
79,220,56,111,55,21,-35,90
501,323,84,133,49,43,-41,90
193,369,66,140,74,50,-16,90
445,306,50,124,74,34,-16,90
445,307,124,124,0,34,-90,90
226,358,93,175,82,85,-8,90
334,361,145,182,37,92,-53,90
306,285,184,238,54,148,-36,90
461,278,28,111,83,21,-7,90
164,213,223,252,29,162,-61,90
444,307,56,124,68,34,-22,90
444,308,109,124,15,34,-75,90
310,290,195,240,45,150,-45,90
470,301,28,118,90,28,0,90
470,302,66,118,52,28,-38,90
470,303,110,118,8,28,-82,90
224,359,102,177,75,87,-15,90
193,366,109,133,24,43,-66,90
372,298,34,111,77,21,-13,90
533,52,255,255,0,165,-90,90
265,235,245,255,10,165,-80,90
313,292,224,238,14,148,-76,90
271,363,152,158,6,68,-84,90
343,500,28,90,62,0,-28,90
284,253,234,248,14,158,-76,90
284,254,206,248,42,158,-48,90
103,209,250,254,4,164,-86,90
456,318,70,90,20,0,-70,90
444,306,34,124,90,34,0,90
474,247,28,90,62,0,-28,90
314,366,28,90,62,0,-28,90
314,436,247,253,6,163,-84,90
150,262,50,111,61,21,-29,90
150,253,59,129,70,39,-20,90
412,353,216,223,7,133,-83,90
512,323,70,111,41,21,-49,90
341,231,132,179,47,89,-43,90
372,315,116,164,48,74,-42,90
315,366,0,90,90,0,0,90
409,514,0,90,90,0,0,90
148,271,59,111,52,21,-38,90
316,294,167,199,32,109,-58,90
328,228,85,140,55,50,-35,90
328,270,246,246,0,156,-90,90
315,299,219,238,19,148,-71,90
474,299,109,118,9,28,-81,90
490,282,106,111,5,21,-85,90
147,330,39,90,51,0,-39,90
489,282,56,111,55,21,-35,90
477,323,98,154,56,64,-34,90
40,362,227,254,27,164,-63,90
326,362,21,90,69,0,-21,90
146,330,0,90,90,0,0,90
438,239,53,90,37,0,-53,90
453,527,249,255,6,165,-84,90
179,381,254,254,0,164,-90,90
441,279,0,90,90,0,0,90
50,222,165,230,65,140,-25,90
479,323,98,154,56,64,-34,90
478,323,98,154,56,64,-34,90
438,321,76,136,60,46,-30,90
326,187,64,90,26,0,-64,90
488,251,21,90,69,0,-21,90
146,256,156,156,0,66,-90,90
488,282,21,111,90,21,0,90
278,220,253,253,0,163,-90,90
487,283,28,111,83,21,-7,90
479,530,0,90,90,0,0,90
440,279,0,90,90,0,0,90
541,268,28,90,62,0,-28,90
485,278,0,90,90,0,0,90
324,307,52,93,41,3,-49,90
426,319,21,90,69,0,-21,90
458,294,114,118,4,28,-86,90
396,297,34,90,56,0,-34,90
395,72,245,254,9,164,-81,90
481,249,34,90,56,0,-34,90
12,307,249,252,3,163,-86,89
275,366,0,89,89,0,0,89
275,364,139,157,18,68,-71,89
399,71,246,254,8,165,-81,89
513,323,68,110,42,21,-47,89
510,325,156,200,44,111,-45,89
20,268,186,233,47,144,-42,89
533,55,21,89,68,0,-21,89
350,253,124,185,61,96,-28,89
114,212,50,132,82,43,-7,89
449,241,28,89,61,0,-28,89
132,322,106,150,44,61,-45,89
448,241,43,89,46,0,-43,89
342,260,59,145,86,56,-3,89
548,289,110,110,0,21,-89,89
548,288,85,110,25,21,-64,89
549,289,68,110,42,21,-47,89
462,278,21,110,89,21,0,89
161,212,203,250,47,161,-42,89
552,272,21,89,68,0,-21,89
462,276,192,194,2,105,-87,89
421,277,221,232,11,143,-78,89
462,526,0,89,89,0,0,89
337,285,0,89,89,0,0,89
352,348,137,225,88,136,-1,89
536,267,53,89,36,0,-53,89
132,271,122,167,45,78,-44,89
502,324,133,173,40,84,-49,89
435,524,250,254,4,165,-85,89
229,239,244,254,10,165,-79,89
457,278,28,117,89,28,0,89
450,322,76,148,72,59,-17,89
376,294,43,110,67,21,-22,89
305,283,209,241,32,152,-57,89
333,359,46,117,71,28,-18,89
152,272,151,178,27,89,-62,89
555,283,61,110,49,21,-40,89
152,255,141,163,22,74,-67,89
469,247,99,123,24,34,-65,89
369,315,144,181,37,92,-52,89
22,262,207,250,43,161,-46,89
538,302,21,89,68,0,-21,89
470,304,98,110,12,21,-77,89
80,213,127,145,18,56,-71,89
311,290,227,244,17,155,-72,89
385,285,132,132,0,43,-89,89
178,368,96,142,46,53,-43,89
451,322,76,148,72,59,-17,89
134,278,82,139,57,50,-32,89
386,283,93,117,24,28,-65,89
414,280,0,89,89,0,0,89
123,382,53,128,75,39,-14,89
331,360,43,110,67,21,-22,89
471,304,50,110,60,21,-29,89
314,428,21,89,68,0,-21,89
495,254,76,110,34,21,-55,89
444,240,39,89,50,0,-39,89
149,221,119,157,38,68,-51,89
328,191,59,89,30,0,-59,89
195,283,146,190,44,101,-45,89
17,272,216,252,36,163,-53,89
179,368,87,142,55,53,-34,89
281,250,217,249,32,160,-57,89
454,524,0,89,89,0,0,89
375,314,34,89,55,0,-34,89
148,221,101,153,52,64,-37,89
220,294,102,150,48,61,-41,89
443,240,50,89,39,0,-50,89
24,260,182,233,51,144,-38,89
562,536,0,89,89,0,0,89
490,281,61,110,49,21,-40,89
490,280,21,110,89,21,0,89
489,252,70,110,40,21,-49,89
220,282,74,135,61,46,-28,89
345,354,226,226,0,137,-89,89
547,289,80,110,30,21,-59,89
547,288,34,110,76,21,-13,89
60,224,126,150,24,61,-65,89
146,266,0,89,89,0,0,89
392,301,34,89,55,0,-34,89
488,287,28,117,89,28,0,89
146,338,76,89,13,0,-76,89
146,337,66,89,23,0,-66,89
543,269,43,89,46,0,-43,89
478,533,253,253,0,164,-89,89
218,279,92,135,43,46,-46,89
487,287,74,117,43,28,-46,89
486,278,0,89,89,0,0,89
320,362,140,148,8,59,-81,89
487,278,0,89,89,0,0,89
69,214,163,195,32,106,-57,89
13,280,245,252,7,163,-82,89
324,453,21,110,89,21,0,89
321,287,0,89,89,0,0,89
129,216,64,142,78,53,-11,89
183,219,241,253,12,164,-77,89
452,242,46,89,43,0,-46,89
366,313,95,123,28,34,-61,89
439,239,46,89,43,0,-46,89
211,234,207,247,40,158,-49,89
143,380,43,117,74,28,-15,89
141,385,74,89,15,0,-74,89
206,366,249,255,6,167,-82,88
145,213,193,230,37,142,-51,88
145,212,187,230,43,142,-45,88
526,292,34,109,75,21,-13,88
212,234,214,250,36,162,-52,88
23,298,84,134,50,46,-38,88
23,297,78,134,56,46,-32,88
484,337,221,227,6,139,-82,88
404,278,224,237,13,149,-75,88
480,250,90,122,32,34,-56,88
486,288,68,109,41,21,-47,88
367,78,243,252,9,164,-79,88
405,320,202,221,19,133,-69,88
487,288,34,109,75,21,-13,88
63,221,111,160,49,72,-39,88
15,284,28,116,88,28,0,88
490,283,110,122,12,34,-76,88
476,342,21,109,88,21,0,88
327,271,246,248,2,160,-86,88
476,299,43,109,66,21,-22,88
475,300,46,109,63,21,-25,88
475,298,109,122,13,34,-75,88
475,299,90,109,19,21,-69,88
437,351,21,109,88,21,0,88
220,300,99,144,45,56,-43,88
220,299,96,144,48,56,-40,88
360,315,134,178,44,90,-44,88
220,301,101,144,43,56,-45,88
474,298,78,109,31,21,-57,88
474,297,34,109,75,21,-13,88
387,316,21,109,88,21,0,88
473,303,28,109,81,21,-7,88
473,298,28,109,81,21,-7,88
64,221,110,160,50,72,-38,88
151,222,106,156,50,68,-38,88
525,292,85,109,24,21,-64,88
150,273,151,162,11,74,-77,88
194,294,96,158,62,70,-26,88
71,218,125,154,29,66,-59,88
498,318,109,109,0,21,-88,88
499,318,87,109,22,21,-66,88
499,317,103,109,6,21,-82,88
152,254,111,141,30,53,-58,88
500,323,82,131,49,43,-39,88
469,280,21,109,88,21,0,88
307,178,117,195,78,107,-10,88
193,374,248,253,5,165,-83,88
417,72,9,97,88,9,0,88
152,320,167,190,23,102,-65,88
453,301,70,116,46,28,-42,88
453,300,109,116,7,28,-81,88
227,238,240,254,14,166,-74,88
305,177,253,253,0,165,-88,88
336,229,90,149,59,61,-29,88
353,347,139,217,78,129,-10,88
302,279,209,245,36,157,-52,88
448,64,253,254,1,166,-87,88
464,61,236,254,18,166,-70,88
241,357,95,173,78,85,-10,88
463,61,235,254,19,166,-69,88
462,324,178,207,29,119,-59,88
545,271,85,122,37,34,-51,88
242,357,95,173,78,85,-10,88
462,61,236,254,18,166,-70,88
461,346,28,109,81,21,-7,88
461,324,180,208,28,120,-60,88
524,290,34,109,75,21,-13,88
453,302,39,116,77,28,-11,88
298,194,249,251,2,163,-86,88
132,323,95,144,49,56,-39,88
132,321,118,156,38,68,-50,88
49,228,190,215,25,127,-63,88
551,286,102,116,14,28,-74,88
339,324,34,122,88,34,0,88
340,325,39,122,83,34,-5,88
266,235,248,253,5,165,-83,88
459,296,21,109,88,21,0,88
169,215,222,252,30,164,-58,88
546,291,105,109,4,21,-84,88
546,290,80,109,29,21,-59,88
546,289,39,109,70,21,-18,88
511,324,111,158,47,70,-41,88
280,249,217,249,32,161,-56,88
524,291,72,109,37,21,-51,88
512,536,235,253,18,165,-70,88
550,49,246,255,9,167,-79,88
267,235,252,253,1,165,-87,88
32,352,46,131,85,43,-3,88
458,244,74,109,35,21,-53,88
516,325,154,164,10,76,-78,88
342,327,118,156,38,68,-50,88
287,382,253,254,1,166,-87,88
186,367,85,144,59,56,-29,88
179,219,158,229,71,141,-17,88
343,296,119,131,12,43,-76,88
521,54,251,254,3,166,-85,88
375,511,21,109,88,21,0,88
21,265,194,238,44,150,-44,88
181,220,144,229,85,141,-3,88
62,221,117,160,43,72,-45,88
347,365,0,87,87,0,0,87
181,368,70,137,67,50,-20,87
356,77,235,254,19,167,-68,87
482,323,89,146,57,59,-30,87
323,305,96,131,35,44,-52,87
461,276,192,194,2,107,-85,87
448,346,216,216,0,129,-87,87
192,286,56,130,74,43,-13,87
355,77,235,254,19,167,-68,87
220,296,95,146,51,59,-36,87
273,243,227,252,25,165,-62,87
34,280,78,115,37,28,-50,87
412,518,253,253,0,166,-87,87
343,299,43,87,44,0,-43,87
423,237,68,87,19,0,-68,87
34,278,46,115,69,28,-18,87
467,64,22,109,87,22,0,87
55,227,149,182,33,95,-54,87
26,257,158,205,47,118,-40,87
95,212,89,148,59,61,-28,87
49,223,198,229,31,142,-56,87
34,279,61,115,54,28,-33,87
493,282,34,115,81,28,-6,87
522,318,21,87,66,0,-21,87
18,325,39,115,76,28,-11,87
282,252,178,240,62,153,-25,87
501,255,46,87,41,0,-46,87
357,77,237,254,17,167,-70,87
466,246,85,115,30,28,-57,87
496,279,59,87,28,0,-59,87
341,85,101,148,47,61,-40,87
96,212,84,148,64,61,-23,87
303,404,39,87,48,0,-39,87
504,256,46,87,41,0,-46,87
134,282,136,172,36,85,-51,87
302,229,234,236,2,149,-85,87
68,214,192,205,13,118,-74,87
68,215,140,205,65,118,-22,87
381,315,28,87,59,0,-28,87
433,238,56,87,31,0,-56,87
377,317,162,196,34,109,-53,87
436,317,64,87,23,0,-64,87
523,533,0,87,87,0,0,87
153,279,127,165,38,78,-49,87
559,51,0,87,87,0,0,87
371,316,164,203,39,116,-48,87
220,302,99,143,44,56,-43,87
324,292,0,87,87,0,0,87
305,284,173,235,62,148,-25,87
305,183,115,197,82,110,-5,87
280,222,95,163,68,76,-19,87
328,117,245,254,9,167,-78,87
537,267,39,87,48,0,-39,87
300,276,222,247,25,160,-62,87
535,281,105,115,10,28,-77,87
181,377,74,133,59,46,-28,87
458,278,28,115,87,28,0,87
328,190,39,87,48,0,-39,87
346,287,0,87,87,0,0,87
157,210,229,252,23,165,-64,87
463,292,34,115,81,28,-6,87
310,311,119,206,87,119,0,87
146,336,50,87,37,0,-50,87
391,279,238,238,0,151,-87,87
488,278,0,87,87,0,0,87
457,243,43,87,44,0,-43,87
515,260,64,87,23,0,-64,87
328,230,197,220,23,133,-64,87
409,282,106,130,24,43,-63,87
327,366,0,87,87,0,0,87
147,254,146,157,11,70,-76,87
184,220,233,252,19,165,-68,87
540,269,90,115,25,28,-62,87
148,252,134,157,23,70,-64,87
309,317,251,251,0,164,-87,87
219,235,234,252,18,165,-69,87
432,238,61,87,26,0,-61,87
393,513,0,87,87,0,0,87
437,317,34,87,53,0,-34,87
410,73,0,87,87,0,0,87
316,152,253,254,1,167,-86,87
492,282,70,115,45,28,-42,87
60,215,194,247,53,160,-34,87
500,319,21,87,66,0,-21,87
465,287,116,126,10,39,-77,87
333,108,111,186,75,99,-12,87
353,510,28,115,87,28,0,87
354,77,237,254,17,167,-70,87
48,365,28,87,59,0,-28,87
374,361,0,87,87,0,0,87
415,318,0,87,87,0,0,87
220,291,103,151,48,64,-39,87
311,292,180,236,56,149,-31,87
92,386,247,255,8,168,-79,87
513,259,59,87,28,0,-59,87
452,322,74,146,72,59,-15,87
549,285,0,87,87,0,0,87
379,291,46,87,41,0,-46,87
478,248,28,87,59,0,-28,87
489,278,21,87,66,0,-21,87
221,275,144,169,25,82,-62,87
496,533,21,87,66,0,-21,87
380,291,0,87,87,0,0,87
317,284,248,250,2,163,-85,87
27,249,229,251,22,164,-65,87
507,275,191,192,1,105,-86,87
442,525,240,254,14,167,-73,87
459,324,183,210,27,124,-59,86
459,293,114,120,6,34,-80,86
307,285,225,243,18,157,-68,86
499,323,78,129,51,43,-35,86
440,313,109,114,5,28,-81,86
456,298,56,114,58,28,-28,86
456,299,28,114,86,28,0,86
307,286,188,243,55,157,-31,86
302,190,112,191,79,105,-7,86
220,305,106,142,36,56,-50,86
220,304,103,142,39,56,-47,86
530,287,78,107,29,21,-57,86
469,305,95,107,12,21,-74,86
541,294,28,107,79,21,-7,86
154,271,158,178,20,92,-66,86
419,321,208,220,12,134,-74,86
365,78,244,253,9,167,-77,86
61,222,132,152,20,66,-66,86
213,235,169,224,55,138,-31,86
62,219,191,191,0,105,-86,86
140,377,70,107,37,21,-49,86
25,259,144,205,61,119,-25,86
220,297,95,142,47,56,-39,86
485,252,109,136,27,50,-59,86
541,295,68,107,39,21,-47,86
163,213,204,248,44,162,-42,86
220,298,95,142,47,56,-39,86
43,241,129,173,44,87,-42,86
28,248,208,250,42,164,-44,86
460,324,180,209,29,123,-57,86
154,270,125,158,33,72,-53,86
534,284,28,107,79,21,-7,86
534,283,74,107,33,21,-53,86
315,294,135,195,60,109,-26,86
260,357,95,168,73,82,-13,86
455,299,72,114,42,28,-44,86
455,298,114,114,0,28,-86,86
485,288,103,114,11,28,-75,86
303,188,101,187,86,101,0,86
153,335,92,125,33,39,-53,86
466,530,248,253,5,167,-81,86
485,289,68,114,46,28,-40,86
192,292,50,129,79,43,-7,86
461,294,21,107,86,21,0,86
468,246,68,107,39,21,-47,86
423,70,22,108,86,22,0,86
546,276,34,107,73,21,-13,86
454,299,109,114,5,28,-81,86
454,296,34,114,80,28,-6,86
93,212,74,142,68,56,-18,86
457,298,34,114,80,28,-6,86
288,211,253,253,0,167,-86,86
219,308,59,107,48,21,-38,86
408,517,253,253,0,167,-86,86
156,261,149,156,7,70,-79,86
46,225,177,224,47,138,-39,86
78,218,133,152,19,66,-67,86
182,367,126,145,19,59,-67,86
505,536,235,253,18,167,-68,86
342,356,213,213,0,127,-86,86
441,313,50,114,64,28,-22,86
146,271,78,107,29,21,-57,86
459,278,28,114,86,28,0,86
469,306,46,107,61,21,-25,86
469,307,21,107,86,21,0,86
508,328,215,219,4,133,-82,86
420,277,224,233,9,147,-77,86
301,278,198,243,45,157,-41,86
221,282,131,156,25,70,-61,86
122,214,50,129,79,43,-7,86
221,363,240,254,14,168,-72,86
329,122,101,181,80,95,-6,86
437,323,202,214,12,128,-74,86
155,270,140,158,18,72,-68,86
541,296,106,107,1,21,-85,86
220,293,103,150,47,64,-39,86
220,292,105,150,45,64,-41,86
447,307,68,120,52,34,-34,86
351,348,136,210,74,124,-12,86
33,279,115,132,17,46,-69,86
33,278,103,132,29,46,-57,86
172,381,70,142,72,56,-14,86
33,277,82,132,50,46,-36,86
361,315,142,182,40,96,-46,86
240,359,237,253,16,167,-70,86
312,161,245,254,9,168,-77,86
132,275,143,176,33,90,-53,86
97,212,76,147,71,61,-15,86
544,50,242,254,12,168,-74,86
528,53,254,254,0,168,-86,86
531,287,28,107,79,21,-7,86
514,323,66,107,41,21,-45,86
543,294,103,107,4,21,-82,86
463,245,72,107,35,21,-51,86
447,308,43,120,77,34,-9,86
490,535,247,253,6,167,-80,86
158,388,253,253,0,167,-86,86
299,274,241,246,5,160,-81,86
371,294,34,107,73,21,-13,86
194,286,89,129,40,43,-46,86
322,295,152,178,26,92,-60,86
428,322,203,217,14,131,-72,86
322,277,244,247,3,161,-83,86
69,215,118,192,74,106,-12,86
62,220,156,191,35,105,-51,86
61,215,188,237,49,151,-37,86
210,234,198,241,43,155,-43,86
542,294,70,107,37,21,-49,86
329,228,82,136,54,50,-32,86
180,368,76,139,63,53,-23,86
454,62,248,253,5,167,-81,86
525,311,56,106,50,21,-35,85
525,312,106,106,0,21,-85,85
525,313,78,106,28,21,-57,85
537,300,106,106,0,21,-85,85
56,228,95,149,54,64,-31,85
81,210,146,180,34,95,-51,85
26,251,228,249,21,164,-64,85
434,238,50,85,35,0,-50,85
59,218,178,200,22,115,-63,85
149,209,245,252,7,167,-78,85
108,209,249,253,4,168,-81,85
359,315,123,170,47,85,-38,85
502,322,43,85,42,0,-43,85
338,289,28,85,57,0,-28,85
338,288,46,85,39,0,-46,85
464,245,59,106,47,21,-38,85
507,257,53,85,32,0,-53,85
552,274,122,131,9,46,-76,85
316,433,39,85,46,0,-39,85
316,305,237,249,12,164,-73,85
498,254,46,85,39,0,-46,85
544,290,0,85,85,0,0,85
548,286,0,85,85,0,0,85
338,290,0,85,85,0,0,85
497,278,0,85,85,0,0,85
526,313,21,106,85,21,0,85
526,312,89,106,17,21,-68,85
146,325,59,106,47,21,-38,85
489,281,21,106,85,21,0,85
442,279,0,85,85,0,0,85
220,281,70,131,61,46,-24,85
220,276,82,144,62,59,-23,85
289,261,210,249,39,164,-46,85
299,275,217,245,28,160,-57,85
458,318,21,85,64,0,-21,85
327,230,199,221,22,136,-63,85
316,295,195,220,25,135,-60,85
492,252,21,85,64,0,-21,85
184,221,186,250,64,165,-21,85
319,365,0,85,85,0,0,85
327,129,110,191,81,106,-4,85
490,278,0,85,85,0,0,85
342,231,131,174,43,89,-42,85
290,262,219,249,30,164,-55,85
146,335,34,85,51,0,-34,85
536,300,61,106,45,21,-40,85
146,324,85,106,21,21,-64,85
60,218,175,200,25,115,-60,85
220,272,96,144,48,59,-37,85
556,282,59,106,47,21,-38,85
151,209,236,250,14,165,-71,85
133,319,96,141,45,56,-40,85
133,318,105,146,41,61,-44,85
298,274,199,245,46,160,-39,85
337,231,174,199,25,114,-60,85
541,297,74,106,32,21,-53,85
402,357,28,106,78,21,-7,85
403,290,34,106,72,21,-13,85
218,278,102,138,36,53,-49,85
80,209,171,230,59,145,-26,85
309,289,177,235,58,150,-27,85
556,281,95,106,11,21,-74,85
538,299,98,106,8,21,-77,85
465,61,240,254,14,169,-71,85
536,299,28,106,78,21,-7,85
221,281,128,155,27,70,-58,85
556,280,102,106,4,21,-81,85
48,369,226,249,23,164,-62,85
557,277,21,85,64,0,-21,85
459,313,59,106,47,21,-38,85
459,312,21,106,85,21,0,85
424,237,66,85,19,0,-66,85
460,276,192,195,3,110,-82,85
495,253,39,85,46,0,-39,85
154,333,80,124,44,39,-41,85
302,280,173,242,69,157,-16,85
25,256,205,243,38,158,-47,85
538,300,80,106,26,21,-59,85
519,295,28,106,78,21,-7,85
218,272,106,144,38,59,-47,85
152,209,235,250,15,165,-70,85
151,329,61,106,45,21,-40,85
151,328,84,106,22,21,-63,85
152,270,56,141,85,56,0,85
504,322,39,85,46,0,-39,85
150,209,240,250,10,165,-75,85
340,230,95,155,60,70,-25,85
340,295,39,106,67,21,-18,85
460,314,95,106,11,21,-74,85
460,295,21,106,85,21,0,85
461,314,39,106,67,21,-18,85
19,268,223,252,29,167,-56,85
537,299,66,106,40,21,-45,85
445,240,28,85,57,0,-28,85
467,245,28,85,57,0,-28,85
308,170,246,254,8,169,-77,85
440,239,34,85,51,0,-34,85
339,358,181,194,13,109,-72,85
533,307,21,85,64,0,-21,85
532,308,21,85,64,0,-21,85
77,209,149,215,66,130,-19,85
315,295,174,220,46,135,-39,85
558,277,39,85,46,0,-39,85
510,258,59,85,26,0,-59,85
503,322,39,85,46,0,-39,85
153,258,184,186,2,101,-83,85
67,219,117,157,40,72,-45,85
547,287,21,85,64,0,-21,85
520,295,53,106,53,21,-32,85
284,227,21,106,85,21,0,85
520,297,95,106,11,21,-74,85
474,278,56,124,68,39,-17,85
546,270,34,85,51,0,-34,85
461,61,237,254,17,169,-68,85
521,297,39,106,67,21,-18,85
321,454,249,255,6,170,-79,85
480,293,114,119,5,34,-80,85
164,214,170,235,65,150,-20,85
162,212,221,252,31,167,-54,85
559,277,59,85,26,0,-59,85
346,507,43,85,42,0,-43,85
439,316,0,85,85,0,0,85
526,311,105,106,1,21,-84,85
501,322,43,85,42,0,-43,85
483,323,85,144,59,59,-26,85
522,297,28,106,78,21,-7,85
522,296,34,106,72,21,-13,85
522,295,92,106,14,21,-71,85
61,218,186,200,14,115,-71,85
143,218,225,250,25,165,-60,85
61,221,123,156,33,72,-51,84
79,215,124,154,30,70,-54,84
153,334,39,123,84,39,0,84
375,358,221,224,3,140,-81,84
521,315,61,105,44,21,-40,84
395,281,34,112,78,28,-6,84
402,285,43,84,41,0,-43,84
394,358,28,105,77,21,-7,84
23,299,82,134,52,50,-32,84
522,315,95,105,10,21,-74,84
522,316,76,105,29,21,-55,84
314,309,246,249,3,165,-81,84
433,521,21,105,84,21,0,84
17,318,50,84,34,0,-50,84
315,303,146,228,82,144,-2,84
166,215,156,234,78,150,-6,84
467,309,21,105,84,21,0,84
334,283,28,84,56,0,-28,84
153,209,240,251,11,167,-73,84
137,216,249,254,5,170,-79,84
503,312,50,105,55,21,-29,84
503,313,95,105,10,21,-74,84
484,323,82,140,58,56,-26,84
83,385,239,254,15,170,-69,84
509,277,39,105,66,21,-18,84
534,532,21,105,84,21,0,84
296,366,66,105,39,21,-45,84
388,299,28,112,84,28,0,84
28,249,182,242,60,158,-24,84
538,267,28,84,56,0,-28,84
520,315,21,105,84,21,0,84
520,316,46,105,59,21,-25,84
521,316,105,105,0,21,-84,84
521,319,21,84,63,0,-21,84
36,267,76,127,51,43,-33,84
36,268,56,127,71,43,-13,84
335,284,21,84,63,0,-21,84
503,311,34,105,71,21,-13,84
504,313,92,105,13,21,-71,84
325,135,99,183,84,99,0,84
330,357,183,186,3,102,-81,84
330,360,21,105,84,21,0,84
314,305,144,227,83,143,-1,84
460,278,28,112,84,28,0,84
424,319,21,105,84,21,0,84
294,268,218,244,26,160,-58,84
145,335,80,105,25,21,-59,84
450,301,53,118,65,34,-19,84
450,302,115,118,3,34,-81,84
451,303,66,118,52,34,-32,84
303,280,222,245,23,161,-61,84
333,366,0,84,84,0,0,84
469,246,53,105,52,21,-32,84
25,255,217,252,35,168,-49,84
381,310,21,84,63,0,-21,84
341,297,21,105,84,21,0,84
133,317,117,152,35,68,-49,84
315,439,253,254,1,170,-83,84
316,158,109,179,70,95,-14,84
388,304,28,105,77,21,-7,84
546,272,110,145,35,61,-49,84
546,292,68,105,37,21,-47,84
294,267,237,244,7,160,-77,84
466,309,43,105,62,21,-22,84
370,313,43,105,62,21,-22,84
505,313,43,105,62,21,-22,84
427,319,21,84,63,0,-21,84
321,147,109,191,82,107,-2,84
132,274,135,173,38,89,-46,84
527,288,74,105,31,21,-53,84
527,289,105,112,7,28,-77,84
182,368,64,134,70,50,-14,84
147,324,39,105,66,21,-18,84
280,250,181,244,63,160,-21,84
523,54,250,254,4,170,-80,84
458,344,219,221,2,137,-82,84
519,316,21,105,84,21,0,84
519,317,59,105,46,21,-38,84
519,318,102,105,3,21,-81,84
465,309,93,105,12,21,-72,84
504,536,236,253,17,169,-67,84
500,322,43,84,41,0,-43,84
308,314,128,201,73,117,-11,84
384,305,92,112,20,28,-64,84
465,246,95,118,23,34,-61,84
325,462,248,251,3,167,-81,84
155,263,80,134,54,50,-30,84
221,280,126,154,28,70,-56,84
380,308,76,84,8,0,-76,84
293,267,196,244,48,160,-36,84
459,276,192,195,3,111,-81,84
50,228,144,190,46,106,-38,84
379,308,39,84,45,0,-39,84
379,310,72,84,12,0,-72,84
536,282,28,105,77,21,-7,84
222,360,103,174,71,90,-13,84
470,341,229,229,0,145,-84,84
499,58,0,84,84,0,0,84
60,223,150,152,2,68,-82,84
70,210,214,251,37,167,-47,84
530,535,250,253,3,169,-81,84
133,274,90,143,53,59,-31,84
219,309,59,105,46,21,-38,84
380,310,46,84,38,0,-46,84
156,264,124,164,40,80,-44,84
464,291,28,105,77,21,-7,84
239,357,89,169,80,85,-4,84
240,357,93,171,78,87,-6,84
241,359,238,253,15,169,-69,84
25,345,28,112,84,28,0,84
462,314,21,105,84,21,0,84
556,538,253,255,2,171,-82,84
326,315,244,244,0,160,-84,84
458,276,194,196,2,112,-82,84
175,217,207,251,44,167,-40,84
376,317,168,203,35,119,-49,84
535,283,34,105,71,21,-13,84
513,536,236,253,17,169,-67,84
452,303,43,118,75,34,-9,84
452,345,223,223,0,139,-84,84
276,247,152,235,83,151,-1,84
289,226,21,84,63,0,-21,84
506,57,0,84,84,0,0,84
506,275,192,194,2,110,-82,84
352,253,183,215,32,131,-52,84
221,278,120,154,34,70,-50,84
221,279,122,154,32,70,-52,84
535,282,70,105,35,21,-49,84
266,363,250,252,2,168,-82,84
291,342,68,143,75,59,-9,84
527,310,95,105,10,21,-74,84
527,311,82,105,23,21,-61,84
527,312,21,105,84,21,0,84
305,319,110,194,84,110,0,84
525,310,28,105,77,21,-7,84
453,242,34,84,50,0,-34,84
451,301,116,118,2,34,-82,84
454,322,74,140,66,56,-18,84
528,289,78,105,27,21,-57,84
528,290,28,105,77,21,-7,84
90,212,80,137,57,53,-27,84
526,288,28,105,77,21,-7,84
526,310,59,105,46,21,-38,84
452,302,64,118,54,34,-30,84
213,234,219,251,32,167,-52,84
439,348,222,225,3,141,-81,84
482,251,106,130,24,46,-60,84
43,240,148,175,27,92,-56,83
359,284,242,248,6,165,-77,83
355,348,219,229,10,146,-73,83
355,361,234,236,2,153,-81,83
143,379,46,117,71,34,-12,83
45,367,248,254,6,171,-77,83
78,209,150,213,63,130,-20,83
38,257,156,165,9,82,-74,83
447,305,103,117,14,34,-69,83
319,449,247,254,7,171,-76,83
458,324,185,210,25,127,-58,83
476,249,95,126,31,43,-52,83
289,260,234,249,15,166,-68,83
470,531,242,253,11,170,-72,83
18,276,99,151,52,68,-31,83
342,256,247,250,3,167,-80,83
35,261,102,151,49,68,-34,83
133,320,89,136,47,53,-36,83
108,386,244,254,10,171,-73,83
238,357,85,167,82,84,-1,83
343,231,128,172,44,89,-39,83
332,356,193,193,0,110,-83,83
358,77,240,254,14,171,-69,83
361,284,237,248,11,165,-72,83
444,310,74,111,37,28,-46,83
132,276,151,179,28,96,-55,83
428,350,232,236,4,153,-79,83
192,293,74,133,59,50,-24,83
330,228,78,133,55,50,-28,83
150,252,87,133,46,50,-37,83
220,306,107,142,35,59,-48,83
220,307,107,142,35,59,-48,83
303,281,178,244,66,161,-17,83
214,234,224,252,28,169,-55,83
213,303,144,192,48,109,-35,83
446,305,64,117,53,34,-30,83
320,303,128,190,62,107,-21,83
370,316,170,208,38,125,-45,83
453,322,74,142,68,59,-15,83
220,303,101,139,38,56,-45,83
144,390,245,253,8,170,-75,83
13,560,61,144,83,61,0,83
143,378,46,117,71,34,-12,83
153,272,178,178,0,95,-83,83
258,359,249,251,2,168,-81,83
448,307,39,117,78,34,-5,83
448,306,74,117,43,34,-40,83
165,213,235,253,18,170,-65,83
360,284,237,248,11,165,-72,83
135,281,85,136,51,53,-32,83
135,282,102,149,47,66,-36,83
37,257,90,165,75,82,-8,83
150,251,120,133,13,50,-70,83
302,410,248,253,5,170,-78,83
214,365,248,254,6,171,-77,83
79,209,157,223,66,140,-17,83
445,310,28,111,83,28,0,83
448,305,109,117,8,34,-75,83
16,563,61,144,83,61,0,83
277,248,151,234,83,151,0,83
25,254,226,253,27,170,-56,83
285,349,53,117,64,34,-19,83
285,255,215,248,33,165,-50,83
134,218,61,133,72,50,-11,83
486,287,109,117,8,34,-75,83
132,272,126,167,41,84,-42,83
152,222,119,157,38,74,-45,83
271,243,173,243,70,160,-13,83
462,245,82,111,29,28,-54,83
298,331,90,167,77,84,-6,83
375,281,231,231,0,148,-83,83
120,385,237,254,17,172,-65,82
194,230,153,231,78,149,-4,82
544,294,68,103,35,21,-47,82
439,522,28,110,82,28,0,82
528,285,0,82,82,0,0,82
542,268,0,82,82,0,0,82
401,317,0,82,82,0,0,82
452,300,105,116,11,34,-71,82
439,321,74,128,54,46,-28,82
572,541,244,254,10,172,-72,82
275,368,21,100,79,18,-3,82
346,511,252,254,2,172,-80,82
209,234,191,235,44,153,-38,82
221,274,149,169,20,87,-62,82
380,307,0,82,82,0,0,82
379,292,28,82,54,0,-28,82
438,317,0,82,82,0,0,82
491,283,68,110,42,28,-40,82
148,220,144,164,20,82,-62,82
221,283,135,156,21,74,-61,82
491,284,34,110,76,28,-6,82
449,526,242,253,11,171,-71,82
457,276,194,196,2,114,-80,82
406,287,39,110,71,28,-11,82
456,324,189,212,23,130,-59,82
392,77,21,103,82,21,0,82
391,516,244,253,9,171,-73,82
479,250,101,128,27,46,-55,82
450,241,0,82,82,0,0,82
472,246,0,82,82,0,0,82
488,61,9,82,73,0,-9,82
219,310,56,103,47,21,-35,82
457,324,186,211,25,129,-57,82
470,305,53,103,50,21,-32,82
516,260,50,82,32,0,-50,82
220,280,70,128,58,46,-24,82
50,238,85,143,58,61,-24,82
310,420,43,82,39,0,-43,82
82,208,232,249,17,167,-65,82
299,276,177,242,65,160,-17,82
463,244,28,82,54,0,-28,82
390,516,243,253,10,171,-72,82
316,366,0,82,82,0,0,82
524,57,0,82,82,0,0,82
338,497,254,254,0,172,-82,82
338,291,0,82,82,0,0,82
35,260,114,164,50,82,-32,82
33,276,68,128,60,46,-22,82
353,77,239,254,15,172,-67,82
380,289,103,103,0,21,-82,82
338,287,53,82,29,0,-53,82
362,314,111,156,45,74,-37,82
565,537,11,88,77,6,-5,82
317,291,106,156,50,74,-32,82
549,288,99,110,11,28,-71,82
317,292,134,167,33,85,-49,82
451,300,59,116,57,34,-25,82
324,138,102,180,78,98,-4,82
469,302,28,110,82,28,0,82
21,567,249,249,0,167,-82,82
132,270,117,160,43,78,-39,82
486,289,28,103,75,21,-7,82
455,322,74,138,64,56,-18,82
160,212,187,242,55,160,-27,82
242,359,240,253,13,171,-69,82
336,363,204,207,3,125,-79,82
389,516,243,253,10,171,-72,82
491,278,0,82,82,0,0,82
425,237,61,82,21,0,-61,82
469,303,70,110,40,28,-42,82
499,322,43,82,39,0,-43,82
381,289,85,103,18,21,-64,82
221,273,144,169,25,87,-57,82
404,516,252,254,2,172,-80,82
404,320,206,223,17,141,-65,82
393,319,209,221,12,139,-70,82
416,318,0,82,82,0,0,82
220,308,105,141,36,59,-46,82
295,269,225,246,21,164,-61,82
294,269,180,242,62,160,-20,82
314,295,194,217,23,135,-59,82
500,317,87,103,16,21,-66,82
500,318,21,103,82,21,0,82
22,261,237,253,16,171,-66,82
295,270,197,246,49,164,-33,82
465,290,21,103,82,21,0,82
505,322,34,82,48,0,-34,82
301,408,252,253,1,171,-81,82
376,293,80,110,30,28,-52,82
367,283,230,231,1,149,-81,82
278,231,248,250,2,168,-80,82
49,233,130,175,45,93,-37,82
557,280,99,103,4,21,-78,82
529,284,21,82,61,0,-21,82
469,304,103,110,7,28,-75,82
308,176,107,189,82,107,0,82
48,231,210,218,8,136,-74,82
505,256,34,82,48,0,-34,82
343,300,21,82,61,0,-21,82
555,282,102,110,8,28,-74,82
450,300,34,116,82,34,0,82
284,255,178,240,62,158,-20,82
283,365,103,135,32,53,-50,82
520,294,28,103,75,21,-7,82
343,284,221,236,15,154,-67,82
58,221,158,194,36,112,-46,82
145,326,82,103,21,21,-61,82
145,327,72,103,31,21,-51,82
145,328,66,103,37,21,-45,82
339,288,82,110,28,28,-54,82
17,277,105,154,49,72,-33,82
340,287,46,82,36,0,-46,82
448,523,0,82,82,0,0,82
20,334,28,110,82,28,0,82
509,325,161,196,35,114,-47,82
57,221,150,194,44,112,-38,82
410,356,21,82,61,0,-21,82
503,330,222,222,0,140,-82,82
192,375,249,252,3,170,-79,82
321,284,21,82,61,0,-21,82
538,51,248,254,6,172,-76,82
417,355,0,82,82,0,0,82
261,361,250,251,1,169,-81,82
484,531,0,82,82,0,0,82
84,208,231,249,18,167,-64,82
164,386,249,253,4,171,-78,82
547,274,163,169,6,87,-76,82
81,215,28,110,82,28,0,82
132,324,90,138,48,56,-34,82
485,250,21,82,61,0,-21,82
558,48,254,255,1,173,-81,82
558,278,85,103,18,21,-64,82
191,222,228,252,24,170,-58,82
304,282,200,244,44,162,-38,82
304,283,162,234,72,152,-10,82
83,208,230,249,19,167,-63,82
304,281,240,245,5,163,-77,82
502,255,34,82,48,0,-34,82
305,282,234,244,10,162,-72,82
62,215,195,233,38,151,-44,82
141,386,85,103,18,21,-64,82
323,141,115,184,69,103,-12,81
9,555,248,248,0,167,-81,81
401,515,247,254,7,173,-74,81
439,314,95,109,14,28,-67,81
275,246,161,233,72,152,-9,81
388,516,246,253,7,172,-74,81
148,266,43,109,66,28,-15,81
189,222,193,251,58,170,-23,81
66,220,85,157,72,76,-9,81
37,268,118,127,9,46,-72,81
419,277,227,233,6,152,-75,81
503,536,237,253,16,172,-65,81
455,300,28,109,81,28,0,81
344,231,126,170,44,89,-37,81
283,254,158,234,76,153,-5,81
272,233,249,251,2,170,-79,81
109,386,245,254,9,173,-72,81
491,282,105,115,10,34,-71,81
561,539,254,254,0,173,-81,81
195,284,117,180,63,99,-18,81
449,301,34,115,81,34,0,81
474,281,34,102,68,21,-13,81
450,304,70,115,45,34,-36,81
451,304,39,115,76,34,-5,81
383,287,96,109,13,28,-68,81
383,288,56,102,46,21,-35,81
538,268,74,102,28,21,-53,81
445,308,123,124,1,43,-80,81
296,271,205,248,43,167,-38,81
340,290,141,142,1,61,-80,81
449,302,59,115,56,34,-25,81
449,303,105,115,10,34,-71,81
449,304,109,115,6,34,-75,81
23,341,43,102,59,21,-22,81
33,265,112,168,56,87,-25,81
443,347,224,226,2,145,-79,81
190,222,205,251,46,170,-35,81
551,287,66,102,36,21,-45,81
387,305,21,102,81,21,0,81
333,362,162,191,29,110,-52,81
446,307,120,124,4,43,-77,81
382,288,89,102,13,21,-68,81
382,289,43,102,59,21,-22,81
519,326,39,102,63,21,-18,81
485,323,80,137,57,56,-24,81
214,301,140,179,39,98,-42,81
329,361,43,102,59,21,-22,81
368,315,151,186,35,105,-46,81
220,324,70,109,39,28,-42,81
297,366,61,102,41,21,-40,81
508,325,164,196,32,115,-49,81
298,273,232,246,14,165,-67,81
298,275,160,241,81,160,0,81
150,222,90,147,57,66,-24,81
220,309,103,137,34,56,-47,81
193,367,43,124,81,43,0,81
308,287,198,241,43,160,-38,81
216,236,144,218,74,137,-7,81
335,489,247,254,7,173,-74,81
466,283,28,102,74,21,-7,81
220,310,99,134,35,53,-46,81
111,383,34,102,68,21,-13,81
515,325,164,183,19,102,-62,81
557,281,53,102,49,21,-32,81
64,219,141,182,41,101,-40,81
490,253,92,120,28,39,-53,81
477,339,215,218,3,137,-78,81
63,220,160,191,31,110,-50,81
362,315,148,186,38,105,-43,81
155,223,120,153,33,72,-48,81
301,277,224,244,20,163,-61,81
456,276,194,196,2,115,-79,81
286,376,40,106,66,25,-15,81
518,317,21,102,81,21,0,81
440,314,53,109,56,28,-25,81
133,281,159,182,23,101,-58,81
160,211,227,254,27,173,-54,81
132,273,129,170,41,89,-40,81
275,244,236,252,16,171,-65,81
221,272,136,168,32,87,-49,81
539,278,74,102,28,21,-53,81
539,279,21,102,81,21,0,81
71,210,179,248,69,167,-12,81
174,380,53,134,81,53,0,81
20,342,246,253,7,172,-74,81
441,314,28,109,81,28,0,81
464,310,92,102,10,21,-71,81
464,311,53,102,49,21,-32,81
464,312,21,102,81,21,0,81
218,275,90,134,44,53,-37,81
343,255,245,250,5,169,-76,81
384,287,56,109,53,28,-28,81
326,230,202,221,19,140,-62,81
300,277,190,241,51,160,-30,81
497,317,34,109,75,28,-6,81
497,318,72,109,37,28,-44,81
497,319,78,109,31,28,-50,81
23,300,76,131,55,50,-26,81
288,260,190,247,57,166,-24,81
385,287,28,109,81,28,0,81
535,278,39,102,63,21,-18,81
351,346,227,227,0,146,-81,81
464,309,95,102,7,21,-74,81
498,317,64,109,45,28,-36,81
498,323,76,124,48,43,-33,81
311,163,249,254,5,173,-76,81
311,169,116,190,74,109,-7,81
447,306,117,120,3,39,-78,81
234,357,82,157,75,76,-6,81
151,322,192,206,14,125,-67,81
464,307,28,102,74,21,-7,81
464,308,61,102,41,21,-40,81
92,212,87,137,50,56,-31,81
556,279,50,102,52,21,-29,81
556,283,28,102,74,21,-7,81
506,311,89,102,13,21,-68,81
506,312,43,102,59,21,-22,81
219,361,87,168,81,87,0,81
518,318,66,102,36,21,-45,81
518,319,93,102,9,21,-72,81
537,277,43,102,59,21,-22,81
454,300,72,109,37,28,-44,81
454,301,28,109,81,28,0,81
43,242,141,168,27,87,-54,81
43,243,135,168,33,87,-48,81
21,262,242,252,10,171,-71,81
322,296,150,173,23,92,-58,81
282,253,153,234,81,153,0,81
204,233,212,251,39,170,-42,81
205,364,117,177,60,96,-21,81
483,534,255,255,0,175,-80,80
403,278,226,236,10,156,-70,80
79,221,56,101,45,21,-35,80
547,276,28,101,73,21,-7,80
228,360,255,255,0,175,-80,80
435,238,43,80,37,0,-43,80
301,326,109,179,70,99,-10,80
221,284,140,158,18,78,-62,80
332,228,74,126,52,46,-28,80
464,246,102,123,21,43,-59,80
383,78,247,254,7,174,-73,80
439,312,61,114,53,34,-27,80
439,311,39,114,75,34,-5,80
181,367,134,144,10,64,-70,80
305,409,43,80,37,0,-43,80
446,240,21,80,59,0,-21,80
454,242,28,80,52,0,-28,80
537,303,0,80,80,0,0,80
506,322,28,80,52,0,-28,80
499,55,245,253,8,173,-72,80
233,357,76,156,80,76,0,80
326,186,39,80,41,0,-39,80
441,311,106,114,8,34,-72,80
327,189,53,80,27,0,-53,80
146,334,21,80,59,0,-21,80
220,279,70,126,56,46,-24,80
536,277,21,101,80,21,0,80
218,273,90,133,43,53,-37,80
363,360,223,224,1,144,-79,80
440,311,64,114,50,34,-30,80
221,285,145,164,19,84,-61,80
519,261,46,80,34,0,-46,80
271,358,66,119,53,39,-27,80
287,367,0,80,80,0,0,80
457,322,72,133,61,53,-19,80
288,367,0,80,80,0,0,80
287,351,192,197,5,117,-75,80
119,213,34,114,80,34,0,80
337,98,99,160,61,80,-19,80
309,288,215,240,25,160,-55,80
441,312,107,114,7,34,-73,80
309,174,103,183,80,103,0,80
376,284,0,80,80,0,0,80
376,290,21,80,59,0,-21,80
374,297,39,80,41,0,-39,80
277,355,43,114,71,34,-9,80
371,285,21,80,59,0,-21,80
150,325,66,130,64,50,-16,80
379,515,243,254,11,174,-69,80
312,312,241,247,6,167,-74,80
19,340,249,254,5,174,-75,80
174,217,192,247,55,167,-25,80
427,237,53,80,27,0,-53,80
516,328,28,80,52,0,-28,80
138,261,74,114,40,34,-40,80
243,359,241,253,12,173,-68,80
457,528,251,255,4,175,-76,80
229,357,103,160,57,80,-23,80
224,362,247,254,7,174,-73,80
52,372,251,253,2,173,-78,80
152,279,87,146,59,66,-21,80
152,260,68,148,80,68,0,80
409,284,39,119,80,39,0,80
324,460,248,253,5,173,-75,80
474,302,28,101,73,21,-7,80
454,297,64,114,50,34,-30,80
293,205,253,253,0,173,-80,80
285,256,188,245,57,165,-23,80
71,379,0,80,80,0,0,80
333,483,251,254,3,174,-77,80
330,268,244,246,2,166,-78,80
132,320,129,158,29,78,-51,80
244,359,244,253,9,173,-71,80
494,325,168,199,31,119,-49,80
45,256,111,152,41,72,-39,80
274,245,171,236,65,156,-15,80
291,264,195,247,52,167,-28,80
291,263,229,247,18,167,-62,80
99,212,43,123,80,43,0,80
455,324,190,213,23,133,-57,80
154,314,130,158,28,78,-52,80
134,316,93,136,43,56,-37,80
135,284,139,170,31,90,-49,80
493,325,168,199,31,119,-49,80
214,302,124,175,51,95,-29,80
48,232,175,210,35,130,-45,80
543,297,21,80,59,0,-21,80
274,366,0,80,80,0,0,80
291,367,0,80,80,0,0,80
220,311,92,130,38,50,-42,80
23,261,185,251,66,171,-14,80
308,288,169,240,71,160,-9,80
505,275,194,195,1,115,-79,80
465,284,28,101,73,21,-7,80
290,229,236,247,11,167,-69,80
289,367,0,80,80,0,0,80
544,269,21,80,59,0,-21,80
524,263,59,80,21,0,-59,80
508,257,34,80,46,0,-34,80
290,263,192,244,52,164,-28,80
290,367,0,80,80,0,0,80
458,243,34,80,46,0,-34,80
323,306,93,125,32,45,-48,80
4,570,61,141,80,61,0,80
324,280,21,80,59,0,-21,80
401,286,39,80,41,0,-39,80
170,215,238,252,14,172,-66,80
316,293,136,181,45,101,-35,80
475,247,0,80,80,0,0,80
334,355,198,198,0,118,-80,80
468,281,21,101,80,21,0,80
439,313,109,114,5,34,-75,80
491,325,170,200,30,120,-50,80
341,92,90,114,24,34,-56,80
560,279,28,80,52,0,-28,80
195,282,175,195,20,115,-60,80
460,61,237,254,17,174,-63,80
359,316,159,195,36,115,-44,80
511,258,43,80,37,0,-43,80
492,325,168,199,31,119,-49,80
293,390,254,254,0,174,-80,80
340,92,61,114,53,34,-27,80
187,367,78,141,63,61,-17,80
147,221,82,144,62,64,-18,80
514,259,43,80,37,0,-43,80
454,298,103,114,11,34,-69,80
171,216,190,250,60,170,-20,80
426,237,59,80,21,0,-59,80
292,367,0,80,80,0,0,80
172,216,203,250,47,170,-33,80
443,279,0,80,80,0,0,80
339,499,253,253,0,173,-80,80
190,223,170,228,58,148,-22,80
545,289,21,80,59,0,-21,80
445,305,34,114,80,34,0,80
149,275,56,126,70,46,-10,80
411,281,43,80,37,0,-43,80
411,73,2,80,78,0,-2,80
28,275,110,149,39,70,-40,79
145,221,66,135,69,56,-10,79
13,313,251,253,2,174,-77,79
62,223,66,132,66,53,-13,79
219,305,59,107,48,28,-31,79
219,306,59,107,48,28,-31,79
219,307,59,107,48,28,-31,79
146,254,125,157,32,78,-47,79
37,279,74,118,44,39,-35,79
454,324,194,214,20,135,-59,79
56,227,103,149,46,70,-33,79
43,244,136,166,30,87,-49,79
363,314,117,159,42,80,-37,79
363,315,156,190,34,111,-45,79
133,321,78,129,51,50,-28,79
288,259,226,249,23,170,-56,79
288,378,64,94,30,15,-49,79
369,298,105,122,17,43,-62,79
194,282,149,190,41,111,-38,79
352,254,157,199,42,120,-37,79
498,325,170,199,29,120,-50,79
286,256,225,249,24,170,-55,79
271,242,212,249,37,170,-42,79
319,281,246,249,3,170,-76,79
287,257,242,249,7,170,-72,79
456,322,72,135,63,56,-16,79
287,258,210,249,39,170,-40,79
156,211,165,229,64,150,-15,79
337,229,85,138,53,59,-26,79
218,276,103,138,35,59,-44,79
331,228,76,129,53,50,-26,79
405,354,215,223,8,144,-71,79
358,315,115,159,44,80,-35,79
221,276,132,159,27,80,-52,79
357,347,219,225,6,146,-73,79
150,319,64,143,79,64,0,79
71,209,230,251,21,172,-58,79
342,330,209,225,16,146,-63,79
35,259,120,164,44,85,-35,79
35,258,140,164,24,85,-55,79
496,325,168,199,31,120,-48,79
286,257,192,249,57,170,-22,79
287,259,178,249,71,170,-8,79
497,325,168,199,31,120,-48,79
543,535,250,253,3,174,-76,79
490,325,171,201,30,122,-49,79
330,363,149,161,12,82,-67,79
515,323,56,107,51,28,-28,79
330,471,247,253,6,174,-73,79
507,325,164,196,32,117,-47,79
299,191,252,254,2,175,-77,79
548,274,149,163,14,84,-65,79
367,314,122,157,35,78,-44,79
486,323,78,135,57,56,-22,79
303,282,163,240,77,161,-2,79
343,330,174,225,51,146,-28,79
514,536,238,253,15,174,-64,79
110,386,247,254,7,175,-72,79
25,253,234,254,20,175,-59,79
150,221,135,157,22,78,-57,79
330,110,244,254,10,175,-69,79
89,209,250,254,4,175,-75,79
193,293,70,129,59,50,-20,79
442,312,64,107,43,28,-36,79
442,313,34,107,73,28,-6,79
442,311,106,107,1,28,-78,79
109,209,250,254,4,175,-75,79
362,284,241,245,4,166,-75,79
27,275,144,149,5,70,-74,79
495,325,168,199,31,120,-48,79
185,222,209,246,37,167,-42,79
314,289,241,244,3,165,-76,79
296,199,245,254,9,175,-70,79
36,356,68,132,64,53,-15,79
56,375,251,252,1,173,-78,79
44,255,124,151,27,72,-52,79
466,342,224,226,2,147,-77,79
450,303,115,118,3,39,-76,79
306,412,34,107,73,28,-6,79
336,231,182,205,23,126,-56,79
272,242,243,252,9,173,-70,79
194,373,253,254,1,175,-78,79
264,362,243,251,8,172,-71,79
271,359,109,138,29,59,-50,79
37,280,84,118,34,39,-45,79
154,223,106,151,45,72,-34,79
455,276,195,196,1,117,-78,79
316,301,235,243,8,164,-71,79
20,271,128,177,49,98,-30,79
20,267,205,242,37,163,-42,79
323,363,39,107,68,28,-11,79
452,301,116,118,2,39,-77,79
323,451,21,99,78,21,0,78
482,249,21,78,57,0,-21,78
37,278,92,117,25,39,-53,78
467,304,28,106,78,28,0,78
382,357,228,228,0,150,-78,78
153,280,146,165,19,87,-59,78
502,536,238,253,15,175,-63,78
215,234,230,252,22,174,-56,78
52,228,129,163,34,85,-44,78
283,227,21,99,78,21,0,78
521,323,43,78,35,0,-43,78
520,296,106,106,0,28,-78,78
149,211,128,188,60,110,-18,78
45,225,206,244,38,166,-40,78
550,288,66,99,33,21,-45,78
532,305,98,99,1,21,-77,78
26,298,80,134,54,56,-24,78
544,296,21,78,57,0,-21,78
17,271,237,253,16,175,-62,78
387,516,248,253,5,175,-73,78
328,275,28,78,50,0,-28,78
168,214,248,253,5,175,-73,78
147,270,21,78,57,0,-21,78
327,276,28,99,71,21,-7,78
327,466,252,253,1,175,-77,78
345,231,124,167,43,89,-35,78
21,274,106,167,61,89,-17,78
361,314,105,148,43,70,-35,78
148,209,250,252,2,174,-76,78
341,257,240,247,7,169,-71,78
293,367,0,78,78,0,0,78
46,363,34,106,72,28,-6,78
304,179,252,253,1,175,-77,78
303,226,21,78,57,0,-21,78
307,227,39,106,67,28,-11,78
334,105,102,176,74,98,-4,78
468,304,64,106,42,28,-36,78
37,270,106,124,18,46,-60,78
467,282,21,99,78,21,0,78
213,302,162,192,30,114,-48,78
14,302,21,99,78,21,0,78
387,284,78,117,39,39,-39,78
494,254,85,117,32,39,-46,78
443,312,28,106,78,28,0,78
443,311,72,106,34,28,-44,78
360,316,170,201,31,123,-47,78
81,208,230,249,19,171,-59,78
550,52,0,78,78,0,0,78
307,320,233,239,6,161,-72,78
154,209,244,252,8,174,-70,78
392,516,247,253,6,175,-72,78
203,233,206,248,42,170,-36,78
69,210,219,252,33,174,-45,78
69,219,68,142,74,64,-4,78
530,306,56,99,43,21,-35,78
245,359,244,253,9,175,-69,78
509,257,21,78,57,0,-21,78
314,299,160,226,66,148,-12,78
314,227,53,117,64,39,-14,78
444,279,0,78,78,0,0,78
349,512,253,253,0,175,-78,78
297,273,189,243,54,165,-24,78
76,384,242,253,11,175,-67,78
387,285,39,117,78,39,0,78
436,323,204,214,10,136,-68,78
336,354,203,203,0,125,-78,78
530,305,28,99,71,21,-7,78
427,519,21,78,57,0,-21,78
134,283,149,180,31,102,-47,78
403,284,39,78,39,0,-39,78
487,323,78,134,56,56,-22,78
420,71,17,95,78,17,0,78
508,258,78,99,21,21,-57,78
134,248,112,154,42,76,-36,78
134,247,118,160,42,82,-36,78
313,227,53,117,64,39,-14,78
543,291,0,78,78,0,0,78
269,241,217,249,32,171,-46,78
531,305,56,99,43,21,-35,78
220,312,85,124,39,46,-39,78
386,306,21,99,78,21,0,78
385,306,34,99,65,21,-13,78
384,306,82,99,17,21,-61,78
58,226,89,137,48,59,-30,78
25,298,127,134,7,56,-71,78
25,297,99,134,35,56,-43,78
286,367,0,78,78,0,0,78
519,296,61,106,45,28,-33,78
441,239,28,78,50,0,-28,78
536,279,102,117,15,39,-63,78
444,311,34,106,72,28,-6,78
358,316,148,184,36,106,-42,78
462,309,21,99,78,21,0,78
525,291,109,112,3,34,-75,78
183,221,165,233,68,155,-10,78
413,515,21,78,57,0,-21,78
472,304,21,99,78,21,0,78
70,214,138,184,46,106,-32,78
327,188,34,78,44,0,-34,78
490,252,53,99,46,21,-32,78
507,322,28,78,50,0,-28,78
391,302,34,78,44,0,-34,78
472,248,98,128,30,50,-48,78
471,344,21,78,57,0,-21,78
312,227,50,117,67,39,-11,78
331,363,161,180,19,102,-59,78
463,309,61,99,38,21,-40,78
391,78,39,78,39,0,-39,78
489,253,99,131,32,53,-46,78
326,366,0,78,78,0,0,78
134,315,106,144,38,66,-40,78
151,276,107,146,39,68,-39,78
151,267,34,78,44,0,-34,78
91,386,250,255,5,177,-73,78
78,220,101,134,33,56,-45,78
310,291,155,227,72,149,-6,78
151,327,85,106,21,28,-57,78
535,300,28,99,71,21,-7,78
530,307,98,99,1,21,-77,78
102,209,252,254,2,176,-76,78
219,311,53,99,46,21,-32,78
535,302,95,99,4,21,-74,78
535,301,56,99,43,21,-35,78
498,322,46,78,32,0,-46,78
498,320,28,78,50,0,-28,78
421,354,21,99,78,21,0,78
369,295,39,78,39,0,-39,78
194,231,173,231,58,153,-20,78
123,211,252,255,3,177,-75,78
71,214,169,184,15,106,-63,78
342,299,0,78,78,0,0,78
219,304,56,106,50,28,-28,78
540,297,95,106,11,28,-67,78
454,65,21,99,78,21,0,78
140,390,249,253,4,175,-74,78
207,366,249,255,6,177,-72,78
208,234,186,230,44,152,-34,78
521,295,103,106,3,28,-75,78
522,262,43,78,35,0,-43,78
324,296,43,106,63,28,-15,78
428,319,28,78,50,0,-28,78
428,237,50,78,28,0,-50,78
134,277,72,128,56,50,-22,78
521,296,106,106,0,28,-78,78
153,261,74,128,54,50,-24,78
416,519,248,253,5,175,-73,78
546,274,169,173,4,95,-74,78
329,193,56,78,22,0,-56,78
148,272,84,112,28,34,-50,78
533,266,46,78,32,0,-46,78
459,314,96,106,10,28,-68,78
550,289,28,99,71,21,-7,78
275,358,131,148,17,70,-61,78
226,361,255,255,0,177,-78,78
537,268,84,105,21,28,-56,77
56,222,139,189,50,112,-27,77
170,216,180,247,67,170,-10,77
511,306,90,98,8,21,-69,77
511,307,43,98,55,21,-22,77
511,308,28,98,70,21,-7,77
492,283,34,105,71,28,-6,77
373,314,74,116,42,39,-35,77
192,367,66,120,54,43,-23,77
484,252,114,143,29,66,-48,77
396,291,28,105,77,28,0,77
186,375,85,145,60,68,-17,77
432,320,59,111,52,34,-25,77
352,364,21,98,77,21,0,77
237,357,84,161,77,84,0,77
158,385,46,123,77,46,0,77
506,325,166,196,30,119,-47,77
506,313,28,98,70,21,-7,77
499,255,68,98,30,21,-47,77
464,288,117,120,3,43,-74,77
48,224,182,214,32,137,-45,77
539,298,92,98,6,21,-71,77
489,325,173,202,29,125,-48,77
332,103,253,253,0,176,-77,77
471,305,21,98,77,21,0,77
312,292,220,238,18,161,-59,77
132,277,160,182,22,105,-55,77
298,366,56,98,42,21,-35,77
15,324,242,252,10,175,-67,77
342,326,110,145,35,68,-42,77
386,77,249,253,4,176,-73,77
346,231,120,166,46,89,-31,77
339,88,101,162,61,85,-16,77
221,286,152,169,17,92,-60,77
478,278,21,98,77,21,0,77
146,213,159,193,34,116,-43,77
529,308,92,98,6,21,-71,77
151,330,46,98,52,21,-25,77
499,325,170,199,29,122,-48,77
509,308,87,98,11,21,-66,77
508,331,21,98,77,21,0,77
185,223,180,219,39,142,-38,77
279,228,28,105,77,28,0,77
490,60,15,92,77,15,0,77
290,213,95,167,72,90,-5,77
64,220,124,178,54,101,-23,77
301,279,172,234,62,157,-15,77
218,280,84,123,39,46,-38,77
427,322,206,217,11,140,-66,77
369,359,214,220,6,143,-71,77
332,479,254,254,0,177,-77,77
336,492,250,254,4,177,-73,77
505,257,76,98,22,21,-55,77
505,312,98,105,7,28,-70,77
315,227,53,116,63,39,-14,77
132,325,87,133,46,56,-31,77
276,364,144,157,13,80,-64,77
531,304,28,98,70,21,-7,77
220,325,82,116,34,39,-43,77
339,293,34,105,71,28,-6,77
545,272,115,151,36,74,-41,77
232,357,89,153,64,76,-13,77
529,306,28,98,70,21,-7,77
529,307,61,98,37,21,-40,77
146,212,142,193,51,116,-26,77
320,293,115,178,63,101,-14,77
325,230,203,222,19,145,-58,77
307,287,167,234,67,157,-10,77
89,212,66,130,64,53,-13,77
455,347,21,98,77,21,0,77
390,279,238,238,0,161,-77,77
443,308,64,111,47,34,-30,77
443,309,101,111,10,34,-67,77
443,310,106,111,5,34,-72,77
259,360,249,251,2,174,-75,77
189,366,128,138,10,61,-67,77
545,292,95,105,10,28,-67,77
533,304,90,98,8,21,-69,77
330,119,90,167,77,90,0,77
519,325,70,105,35,28,-42,77
145,270,106,116,10,39,-67,77
51,367,34,98,64,21,-13,77
306,286,157,225,68,148,-9,77
504,275,195,196,1,119,-76,77
504,311,50,105,55,28,-22,77
340,329,226,233,7,156,-70,77
539,299,70,98,28,21,-49,77
539,300,28,98,70,21,-7,77
293,268,160,237,77,160,0,77
458,322,72,130,58,53,-19,77
523,294,84,98,14,21,-63,77
523,295,46,98,52,21,-25,77
168,382,80,123,43,46,-34,77
425,319,21,98,77,21,0,77
195,232,216,250,34,173,-43,77
532,304,61,98,37,21,-40,77
44,366,250,254,4,177,-73,77
510,308,43,98,55,21,-22,77
306,227,28,98,70,21,-7,77
52,229,96,138,42,61,-35,77
321,293,173,178,5,101,-72,77
153,327,34,111,77,34,0,77
304,415,255,255,0,178,-77,77
547,273,136,169,33,92,-44,77
418,277,227,233,6,156,-71,77
401,292,34,98,64,21,-13,77
399,74,21,76,55,0,-21,76
142,387,103,110,7,34,-69,76
141,383,56,76,20,0,-56,76
539,269,95,119,24,43,-52,76
221,287,156,172,16,96,-60,76
221,277,124,152,28,76,-48,76
53,228,114,152,38,76,-38,76
119,210,252,254,2,178,-74,76
228,357,80,156,76,80,0,76
72,209,202,248,46,172,-30,76
348,365,0,76,76,0,0,76
270,241,233,249,16,173,-60,76
28,250,164,229,65,153,-11,76
367,362,28,76,48,0,-28,76
273,357,53,115,62,39,-14,76
128,384,246,254,8,178,-68,76
534,266,39,76,37,0,-39,76
213,291,152,199,47,123,-29,76
542,292,0,76,76,0,0,76
322,297,156,169,13,93,-63,76
352,77,241,254,13,178,-63,76
440,321,76,122,46,46,-30,76
11,295,249,253,4,177,-72,76
205,233,220,251,31,175,-45,76
23,262,171,237,66,161,-10,76
542,270,89,119,30,43,-46,76
457,244,80,110,30,34,-46,76
517,260,39,76,37,0,-39,76
518,321,21,76,55,0,-21,76
516,321,61,76,15,0,-61,76
516,320,56,76,20,0,-56,76
133,316,128,158,30,82,-46,76
516,319,21,76,55,0,-21,76
517,321,46,76,30,0,-46,76
133,273,89,135,46,59,-30,76
375,317,175,205,30,129,-46,76
21,279,96,135,39,59,-37,76
56,223,147,188,41,112,-35,76
33,264,129,168,39,92,-37,76
429,237,46,76,30,0,-46,76
192,291,43,115,72,39,-4,76
345,82,46,122,76,46,0,76
193,289,46,115,69,39,-7,76
545,274,173,177,4,101,-72,76
145,255,101,156,55,80,-21,76
51,229,106,144,38,68,-38,76
192,287,43,115,72,39,-4,76
278,357,144,152,8,76,-68,76
453,324,195,214,19,138,-57,76
324,365,53,76,23,0,-53,76
275,372,249,253,4,177,-72,76
544,271,96,129,33,53,-43,76
368,296,34,76,42,0,-34,76
527,264,56,76,20,0,-56,76
527,286,0,76,76,0,0,76
183,368,59,126,67,50,-9,76
293,266,229,245,16,169,-60,76
190,366,124,137,13,61,-63,76
285,367,0,76,76,0,0,76
518,327,21,76,55,0,-21,76
470,528,21,76,55,0,-21,76
140,217,246,254,8,178,-68,76
319,440,28,76,48,0,-28,76
150,339,78,110,32,34,-44,76
138,262,66,110,44,34,-32,76
16,273,235,251,16,175,-60,76
313,293,206,224,18,148,-58,76
496,253,21,76,55,0,-21,76
46,224,203,234,31,158,-45,76
497,323,76,122,46,46,-30,76
566,540,254,255,1,179,-75,76
314,300,148,219,71,143,-5,76
489,251,21,76,55,0,-21,76
490,57,253,254,1,178,-75,76
147,338,28,76,48,0,-28,76
147,322,89,115,26,39,-50,76
327,187,21,76,55,0,-21,76
82,211,95,146,51,70,-25,76
147,337,0,76,76,0,0,76
146,272,96,110,14,34,-62,76
146,255,151,156,5,80,-71,76
468,245,21,76,55,0,-21,76
153,318,115,152,37,76,-39,76
153,317,125,152,27,76,-49,76
153,316,80,152,72,76,-4,76
334,98,249,254,5,178,-71,76
326,185,21,76,55,0,-21,76
158,210,241,252,11,176,-65,76
381,280,244,246,2,170,-74,76
155,267,96,146,50,70,-26,76
326,124,252,254,2,178,-74,76
46,368,243,251,8,175,-68,76
502,275,197,199,2,123,-74,76
381,291,21,76,55,0,-21,76
155,266,107,146,39,70,-37,76
19,273,127,175,48,99,-28,76
308,286,234,243,9,167,-67,76
506,256,21,76,55,0,-21,76
338,282,178,196,18,120,-58,76
300,365,85,110,25,34,-51,76
337,485,39,76,37,0,-39,76
302,184,246,254,8,178,-68,76
379,307,0,76,76,0,0,76
173,216,218,250,32,174,-44,76
49,221,230,241,11,165,-65,76
425,522,252,254,2,178,-74,76
508,322,28,76,48,0,-28,76
461,245,90,115,25,39,-51,76
376,314,0,76,76,0,0,76
49,224,173,213,40,137,-36,76
297,390,21,76,55,0,-21,76
177,382,253,254,1,178,-75,76
177,368,107,142,35,66,-41,76
459,322,72,129,57,53,-19,76
21,266,192,232,40,156,-36,76
512,258,28,76,48,0,-28,76
294,367,0,76,76,0,0,76
341,287,0,76,76,0,0,76
459,61,240,253,13,177,-63,76
147,272,50,110,60,34,-16,76
323,281,0,76,76,0,0,76
148,337,46,76,30,0,-46,76
148,338,43,76,33,0,-43,76
329,192,39,76,37,0,-39,76
148,336,39,76,37,0,-39,76
493,252,0,76,76,0,0,76
488,323,76,132,56,56,-20,76
399,515,245,254,9,178,-67,76
310,165,255,255,0,179,-76,76
146,322,109,115,6,39,-70,76
151,318,66,140,74,64,-2,76
499,254,34,76,42,0,-34,76
152,323,203,206,3,130,-73,76
188,367,70,136,66,61,-9,75
288,350,197,197,0,122,-75,75
29,248,178,239,61,164,-14,75
525,314,28,96,68,21,-7,75
454,276,196,197,1,122,-74,75
453,243,80,103,23,28,-52,75
452,324,196,215,19,140,-56,75
544,293,92,103,11,28,-64,75
544,274,177,182,5,107,-70,75
194,285,99,125,26,50,-49,75
524,292,95,109,14,34,-61,75
453,299,101,109,8,34,-67,75
453,298,66,109,43,34,-32,75
289,262,183,239,56,164,-19,75
191,294,133,149,16,74,-59,75
522,294,98,103,5,28,-70,75
191,366,120,136,16,61,-59,75
452,299,66,109,43,34,-32,75
449,306,34,109,75,34,0,75
212,235,167,219,52,144,-23,75
448,303,66,109,43,34,-32,75
217,279,123,159,36,84,-39,75
447,304,66,109,43,34,-32,75
235,357,84,157,73,82,-2,75
236,357,84,159,75,84,0,75
352,350,221,228,7,153,-68,75
443,307,34,109,75,34,0,75
357,316,134,173,39,98,-36,75
221,295,146,170,24,95,-51,75
121,385,241,254,13,179,-62,75
397,290,43,103,60,28,-15,75
440,312,114,114,0,39,-75,75
223,236,249,254,5,179,-70,75
219,303,56,103,47,28,-28,75
450,305,34,109,75,34,0,75
530,288,34,96,62,21,-13,75
449,305,74,109,35,34,-40,75
217,275,126,155,29,80,-46,75
11,292,251,253,2,178,-73,75
11,293,248,252,4,177,-71,75
246,359,245,253,8,178,-67,75
448,304,101,109,8,34,-67,75
438,313,70,109,39,34,-36,75
451,302,118,118,0,43,-75,75
272,224,253,253,0,178,-75,75
524,314,72,96,24,21,-51,75
281,252,156,228,72,153,-3,75
521,294,59,103,44,28,-31,75
529,288,74,96,22,21,-53,75
438,312,34,109,75,34,0,75
134,246,128,165,37,90,-38,75
291,265,177,242,65,167,-10,75
50,223,142,214,72,139,-3,75
458,313,28,96,68,21,-7,75
184,379,245,253,8,178,-67,75
429,523,245,254,9,179,-66,75
513,326,197,201,4,126,-71,75
292,266,184,244,60,169,-15,75
50,237,82,143,61,68,-14,75
153,222,133,157,24,82,-51,75
501,317,34,96,62,21,-13,75
417,277,228,232,4,157,-71,75
468,303,28,103,75,28,0,75
501,275,199,199,0,124,-75,75
501,316,80,96,16,21,-59,75
37,256,98,165,67,90,-8,75
403,320,210,223,13,148,-62,75
134,317,82,128,46,53,-29,75
379,289,61,103,42,28,-33,75
35,280,50,103,53,28,-22,75
301,365,80,109,29,34,-46,75
162,213,182,237,55,162,-20,75
459,315,87,96,9,21,-66,75
460,315,50,96,46,21,-29,75
505,54,252,254,2,179,-73,75
503,275,196,197,1,122,-74,75
36,269,46,118,72,43,-3,75
466,289,21,96,75,21,0,75
136,284,115,151,36,76,-39,75
335,361,162,192,30,117,-45,75
505,325,167,197,30,122,-45,75
393,294,28,96,68,21,-7,75
500,325,173,199,26,124,-49,75
557,279,96,103,7,28,-68,75
385,318,180,184,4,109,-71,75
18,269,237,252,15,177,-60,75
38,361,215,250,35,175,-40,75
15,285,39,103,64,28,-11,75
313,291,238,244,6,169,-69,75
314,156,250,254,4,179,-71,75
499,316,59,103,44,28,-31,75
555,275,56,96,40,21,-35,75
146,326,34,96,62,21,-13,75
478,298,28,96,68,21,-7,75
38,256,165,165,0,90,-75,75
498,316,28,103,75,28,0,75
384,288,28,96,68,21,-7,75
152,253,76,125,49,50,-26,75
475,249,102,131,29,56,-46,75
316,292,107,160,53,85,-22,75
559,278,80,103,23,28,-52,75
328,126,110,178,68,103,-7,75
494,59,21,96,75,21,0,75
412,73,2,77,75,2,0,75
412,70,252,253,1,178,-74,75
149,252,129,134,5,59,-70,75
63,215,197,226,29,151,-46,75
315,287,246,246,0,171,-75,75
390,356,229,232,3,157,-72,75
147,271,34,96,62,21,-13,75
148,326,43,96,53,21,-22,75
139,220,43,109,66,34,-9,75
489,323,74,131,57,56,-18,75
147,326,39,96,57,21,-18,75
540,298,70,95,25,21,-49,74
218,277,107,138,31,64,-43,74
416,69,252,252,0,178,-74,74
384,307,28,95,67,21,-7,74
54,228,109,150,41,76,-33,74
322,136,251,254,3,180,-71,74
213,290,160,199,39,125,-35,74
360,314,96,142,46,68,-28,74
218,271,127,156,29,82,-45,74
194,283,115,175,60,101,-14,74
85,208,235,250,15,176,-59,74
505,310,59,102,43,28,-31,74
132,269,117,152,35,78,-39,74
523,291,34,95,61,21,-13,74
279,247,252,252,0,178,-74,74
534,306,0,74,74,0,0,74
226,240,127,194,67,120,-7,74
445,241,80,95,15,21,-59,74
461,322,70,124,54,50,-20,74
550,287,95,102,7,28,-67,74
549,291,21,74,53,0,-21,74
348,251,232,246,14,172,-60,74
551,288,28,95,67,21,-7,74
22,338,50,74,24,0,-50,74
195,294,139,158,19,84,-55,74
528,311,28,95,67,21,-7,74
377,313,28,74,46,0,-28,74
571,538,20,86,66,12,-8,74
451,324,199,216,17,142,-57,74
169,216,172,238,66,164,-8,74
446,241,70,95,25,21,-49,74
534,303,90,95,5,21,-69,74
534,302,64,95,31,21,-43,74
317,293,160,181,21,107,-53,74
364,314,122,159,37,85,-37,74
405,288,34,102,68,28,-6,74
146,221,74,135,61,61,-13,74
465,310,53,95,42,21,-32,74
543,274,182,188,6,114,-68,74
270,359,93,133,40,59,-34,74
55,228,127,150,23,76,-51,74
316,442,255,255,0,181,-74,74
316,364,112,120,8,46,-66,74
270,242,184,243,59,169,-15,74
367,312,34,95,61,21,-13,74
526,309,21,95,74,21,0,74
526,287,21,74,53,0,-21,74
431,520,21,74,53,0,-21,74
541,298,28,95,67,21,-7,74
517,302,28,95,67,21,-7,74
546,293,28,95,67,21,-7,74
515,536,239,253,14,179,-60,74
38,258,131,156,25,82,-49,74
152,251,92,124,32,50,-42,74
332,112,110,175,65,101,-9,74
430,237,34,74,40,0,-34,74
291,382,19,91,72,17,-2,74
461,315,21,95,74,21,0,74
328,189,21,74,53,0,-21,74
524,293,78,95,17,21,-57,74
525,263,46,74,28,0,-46,74
510,257,0,74,74,0,0,74
272,359,119,140,21,66,-53,74
28,247,239,252,13,178,-61,74
549,49,249,255,6,181,-68,74
298,201,101,175,74,101,0,74
504,314,46,95,49,21,-25,74
504,310,34,102,68,28,-6,74
335,231,193,212,19,138,-55,74
364,315,159,191,32,117,-42,74
387,359,21,95,74,21,0,74
143,264,128,156,28,82,-46,74
539,295,0,74,74,0,0,74
534,301,21,95,74,21,0,74
502,313,64,95,31,21,-43,74
36,258,103,156,53,82,-21,74
36,257,129,156,27,82,-47,74
503,314,84,95,11,21,-63,74
509,322,28,74,46,0,-28,74
383,307,70,95,25,21,-49,74
383,305,56,95,39,21,-35,74
332,359,28,102,74,28,0,74
470,306,21,95,74,21,0,74
152,318,101,140,39,66,-35,74
534,55,0,74,74,0,0,74
351,254,131,183,52,109,-22,74
50,221,206,239,33,165,-41,74
458,317,34,95,61,21,-13,74
458,316,85,95,10,21,-64,74
547,270,21,74,53,0,-21,74
347,231,119,163,44,89,-30,74
146,333,0,74,74,0,0,74
155,265,105,146,41,72,-33,74
447,68,26,80,54,6,-20,74
521,298,21,95,74,21,0,74
520,320,0,74,74,0,0,74
520,298,46,95,49,21,-25,74
37,261,96,142,46,68,-28,74
324,294,34,95,61,21,-13,74
376,313,28,74,46,0,-28,74
176,217,219,252,33,178,-41,74
34,261,140,167,27,93,-47,74
134,314,118,150,32,76,-42,74
335,478,21,95,74,21,0,74
176,379,56,127,71,53,-3,74
475,280,21,95,74,21,0,74
193,282,137,185,48,111,-26,74
315,430,43,74,31,0,-43,74
502,312,21,95,74,21,0,74
37,258,82,156,74,82,0,74
201,233,203,242,39,168,-35,74
202,233,205,244,39,170,-35,74
459,525,0,74,74,0,0,74
296,270,231,248,17,174,-57,74
531,309,0,74,74,0,0,74
267,360,105,142,37,68,-37,74
19,274,123,163,40,89,-34,74
411,353,217,220,3,146,-71,74
131,323,138,164,26,90,-48,74
519,298,82,95,13,21,-61,74
520,57,0,74,74,0,0,74
215,284,141,176,35,102,-39,74
479,248,0,74,74,0,0,74
510,322,21,74,53,0,-21,74
460,322,72,127,55,53,-19,74
34,269,93,117,24,43,-50,74
34,268,96,117,21,43,-53,74
401,512,21,74,53,0,-21,74
517,301,46,95,49,21,-25,74
517,300,89,95,6,21,-68,74
457,317,85,95,10,21,-64,74
457,316,95,95,0,21,-74,74
457,315,61,95,34,21,-40,74
324,230,206,222,16,148,-58,74
11,294,247,251,4,177,-70,74
527,309,64,95,31,21,-43,74
292,340,74,102,28,28,-46,74
134,245,143,169,26,95,-48,74
417,318,0,74,74,0,0,74
64,376,39,74,35,0,-39,74
418,321,209,221,12,147,-62,74
214,300,148,181,33,107,-41,74
387,283,96,117,21,43,-53,74
545,293,66,95,29,21,-45,74
456,317,90,95,5,21,-69,74
456,316,46,95,49,21,-25,74
334,279,56,95,39,21,-35,74
468,247,105,127,22,53,-52,74
28,274,70,144,74,70,0,74
34,267,87,117,30,43,-44,74
27,274,120,144,24,70,-50,74
459,243,21,74,53,0,-21,74
149,339,50,102,52,28,-22,74
149,338,76,102,26,28,-48,74
557,282,21,95,74,21,0,74
386,516,249,253,4,179,-70,74
357,232,143,176,33,102,-41,74
386,513,0,74,74,0,0,74
488,325,175,202,27,128,-47,74
218,364,248,254,6,180,-68,74
413,73,2,76,74,2,0,74
456,315,21,95,74,21,0,74
473,340,230,232,2,158,-72,74
220,313,78,117,39,43,-35,74
436,318,21,74,53,0,-21,74
436,238,34,74,40,0,-34,74
548,276,28,95,67,21,-7,74
375,313,53,74,21,0,-53,74
527,292,21,95,74,21,0,74
194,365,129,183,54,109,-20,74
358,287,0,74,74,0,0,74
359,77,244,254,10,180,-64,74
398,295,28,95,67,21,-7,74
455,242,0,74,74,0,0,74
51,232,68,127,59,53,-15,74
523,316,34,95,61,21,-13,74
523,315,72,95,23,21,-51,74
358,232,139,172,33,98,-41,74
220,322,50,95,45,21,-29,74
141,384,66,74,8,0,-66,74
453,276,197,199,2,125,-72,74
525,293,43,95,52,21,-22,74
528,310,72,95,23,21,-51,74
528,309,90,95,5,21,-69,74
299,366,50,95,45,21,-29,74
16,311,34,74,40,0,-34,74
389,75,254,254,0,180,-74,74
422,351,227,230,3,156,-71,74
529,289,34,95,61,21,-13,74
463,308,21,95,74,21,0,74
506,310,89,102,13,28,-61,74
135,280,53,124,71,50,-3,74
539,267,21,74,53,0,-21,74
220,326,95,120,25,46,-49,74
141,377,53,107,54,34,-19,73
462,322,70,123,53,50,-20,73
529,287,96,107,11,34,-62,73
327,120,254,254,0,181,-73,73
28,353,251,253,2,180,-71,73
318,447,249,254,5,181,-68,73
359,232,131,168,37,95,-36,73
481,251,112,137,25,64,-48,73
308,227,46,112,66,39,-7,73
222,238,136,200,64,127,-9,73
131,217,64,123,59,50,-14,73
45,259,116,151,35,78,-38,73
292,265,212,246,34,173,-39,73
542,274,188,192,4,119,-69,73
37,269,98,119,21,46,-52,73
219,237,139,206,67,133,-6,73
53,227,135,182,47,109,-26,73
25,260,163,192,29,119,-44,73
315,298,226,233,7,160,-66,73
81,211,115,147,32,74,-41,73
207,234,182,225,43,152,-30,73
47,224,188,221,33,148,-40,73
341,230,89,143,54,70,-19,73
343,325,111,147,36,74,-37,73
45,226,199,239,40,166,-33,73
275,356,34,107,73,34,0,73
11,296,253,253,0,180,-73,73
369,316,178,208,30,135,-43,73
217,273,126,153,27,80,-46,73
191,224,148,210,62,137,-11,73
278,246,248,252,4,179,-69,73
131,324,133,160,27,87,-46,73
136,283,90,139,49,66,-24,73
200,233,199,240,41,167,-32,73
111,386,248,254,6,181,-67,73
268,360,109,141,32,68,-41,73
316,227,56,116,60,43,-13,73
294,392,255,255,0,182,-73,73
304,186,109,178,69,105,-4,73
220,314,72,112,40,39,-33,73
343,503,39,101,62,28,-11,73
419,520,246,253,7,180,-66,73
309,290,150,223,73,150,0,73
499,275,200,206,6,133,-67,73
212,363,105,171,66,98,-7,73
91,212,93,137,44,64,-29,73
393,516,249,253,4,180,-69,73
534,282,105,107,2,34,-71,73
220,315,66,107,41,34,-32,73
448,242,89,101,12,28,-61,73
156,265,139,157,18,84,-55,73
28,252,145,195,50,122,-23,73
297,272,217,244,27,171,-46,73
22,264,150,223,73,150,0,73
55,221,189,212,23,139,-50,73
70,209,248,252,4,179,-69,73
331,116,99,158,59,85,-14,73
188,366,132,139,7,66,-66,73
50,236,76,143,67,70,-6,73
367,315,154,189,35,116,-38,73
504,325,170,197,27,124,-46,73
302,278,234,245,11,172,-62,73
53,229,85,129,44,56,-29,73
317,227,59,116,57,43,-16,73
478,64,21,89,68,16,-5,73
61,225,61,126,65,53,-8,73
145,254,80,151,71,78,-2,73
336,281,133,157,24,84,-49,73
466,61,246,254,8,181,-65,73
215,362,87,160,73,87,0,73
324,297,50,107,57,34,-16,73
196,283,180,190,10,117,-63,73
348,231,118,162,44,89,-29,73
67,218,157,168,11,95,-62,73
218,274,80,126,46,53,-27,73
213,304,133,182,49,109,-24,73
54,227,150,182,32,109,-41,73
289,385,252,252,0,179,-73,73
71,220,96,122,26,50,-46,72
483,59,252,252,0,180,-72,72
299,395,39,72,33,0,-39,72
378,308,21,72,51,0,-21,72
378,309,46,72,26,0,-46,72
295,367,21,72,51,0,-21,72
347,323,127,164,37,92,-35,72
334,366,0,72,72,0,0,72
246,241,213,243,30,171,-42,72
284,367,0,72,72,0,0,72
39,362,246,254,8,182,-64,72
37,262,90,140,50,68,-22,72
79,214,143,154,11,82,-61,72
345,232,166,192,26,120,-46,72
523,262,28,72,44,0,-28,72
282,250,249,249,0,177,-72,72
351,321,132,170,38,98,-34,72
247,241,213,243,30,171,-42,72
445,279,0,72,72,0,0,72
440,310,34,106,72,34,0,72
133,322,68,118,50,46,-22,72
65,220,101,157,56,85,-16,72
530,265,50,72,22,0,-50,72
132,326,85,128,43,56,-29,72
520,261,34,72,38,0,-34,72
153,336,111,125,14,53,-58,72
153,328,70,106,36,34,-36,72
320,292,101,173,72,101,0,72
295,336,74,146,72,74,0,72
37,263,99,140,41,68,-31,72
329,191,21,72,51,0,-21,72
233,241,222,247,25,175,-47,72
517,320,76,93,17,21,-55,72
517,319,66,93,27,21,-45,72
346,232,163,191,28,119,-44,72
194,228,145,217,72,145,0,72
151,253,53,111,58,39,-14,72
264,233,235,254,19,182,-53,72
264,232,247,254,7,182,-65,72
319,293,153,173,20,101,-52,72
345,287,0,72,72,0,0,72
515,259,28,72,44,0,-28,72
536,304,0,72,72,0,0,72
325,363,50,93,43,21,-29,72
325,279,39,72,33,0,-39,72
464,244,21,72,51,0,-21,72
463,526,0,72,72,0,0,72
191,376,252,255,3,183,-69,72
351,77,245,254,9,182,-63,72
143,377,46,106,60,34,-12,72
503,255,28,72,44,0,-28,72
303,279,242,245,3,173,-69,72
502,315,84,93,9,21,-63,72
347,362,229,229,0,157,-72,72
193,226,141,209,68,137,-4,72
374,291,21,72,51,0,-21,72
171,215,247,252,5,180,-67,72
168,385,245,252,7,180,-65,72
379,311,39,72,33,0,-39,72
490,323,74,128,54,56,-18,72
148,333,56,72,16,0,-56,72
139,263,93,122,29,50,-43,72
517,318,21,93,72,21,0,72
286,381,252,253,1,181,-71,72
402,278,230,236,6,164,-66,72
180,367,137,142,5,70,-67,72
452,243,84,106,22,34,-50,72
479,297,28,93,65,21,-7,72
248,241,213,243,30,171,-42,72
247,359,246,253,7,181,-65,72
84,382,28,72,44,0,-28,72
270,234,250,252,2,180,-70,72
441,310,66,106,40,34,-32,72
356,232,147,178,31,106,-41,72
377,310,50,72,22,0,-50,72
69,382,253,254,1,182,-71,72
151,340,76,106,30,34,-42,72
311,227,46,115,69,43,-3,72
152,263,70,93,23,21,-49,72
152,262,82,93,11,21,-61,72
152,256,160,182,22,110,-50,72
23,296,80,118,38,46,-34,72
177,218,200,239,39,167,-33,72
145,325,95,106,11,34,-61,72
486,336,228,228,0,156,-72,72
296,272,182,239,57,167,-15,72
488,532,0,72,72,0,0,72
538,296,0,72,72,0,0,72
376,310,28,72,44,0,-28,72
302,365,76,106,30,34,-42,72
553,272,0,72,72,0,0,72
59,377,254,254,0,182,-72,72
152,327,85,106,21,34,-51,72
500,275,199,200,1,128,-71,72
309,287,240,241,1,169,-71,72
313,434,249,254,5,182,-67,72
434,524,249,254,5,182,-67,72
563,536,0,72,72,0,0,72
475,301,21,93,72,21,0,72
380,311,0,72,72,0,0,72
530,310,21,72,51,0,-21,72
503,315,50,93,43,21,-29,72
303,322,118,177,59,105,-13,72
335,279,92,122,30,50,-42,72
501,313,34,93,59,21,-13,72
501,256,82,106,24,34,-48,72
268,241,197,242,45,170,-27,72
49,370,235,252,17,180,-55,72
156,260,156,175,19,103,-53,72
466,310,21,93,72,21,0,72
385,516,249,253,4,181,-68,72
138,259,80,118,38,46,-34,72
138,258,89,118,29,46,-43,72
152,267,61,93,32,21,-40,72
442,309,66,106,40,34,-32,72
412,515,21,93,72,21,0,72
519,297,93,106,13,34,-59,72
45,258,122,152,30,80,-42,72
181,218,242,253,11,181,-61,72
544,272,122,157,35,85,-37,72
153,223,95,142,47,70,-25,72
148,334,28,72,44,0,-28,72
286,348,61,122,61,50,-11,72
286,258,170,242,72,170,0,72
133,248,140,177,37,105,-35,72
373,292,21,72,51,0,-21,72
80,218,43,106,63,34,-9,72
528,264,46,72,26,0,-46,72
429,319,28,72,44,0,-28,72
135,215,249,254,5,182,-67,72
219,326,66,106,40,34,-32,72
22,271,154,170,16,98,-56,72
29,275,106,142,36,70,-36,72
283,230,254,254,0,182,-72,72
297,274,165,232,67,160,-5,72
174,216,233,252,19,180,-53,72
217,280,111,154,43,82,-29,72
469,286,28,93,65,21,-7,72
333,228,70,118,48,46,-24,72
152,335,53,111,58,39,-14,72
152,328,106,106,0,34,-72,72
318,291,140,156,16,84,-56,72
319,227,56,111,55,39,-17,72
422,521,251,253,2,181,-70,72
507,258,80,106,26,34,-46,72
506,332,21,93,72,21,0,72
467,288,21,93,72,21,0,72
264,234,236,254,18,182,-54,72
321,292,160,173,13,101,-59,72
485,531,0,72,72,0,0,72
231,240,244,253,9,181,-63,72
135,244,128,164,36,92,-36,72
423,236,21,72,51,0,-21,72
35,262,93,140,47,68,-25,72
528,308,66,92,26,21,-45,71
551,283,21,92,71,21,0,71
566,537,16,82,66,11,-5,71
312,308,139,202,63,131,-8,71
540,299,34,92,58,21,-13,71
231,357,109,160,51,89,-20,71
131,271,160,188,28,117,-43,71
323,230,209,223,14,152,-57,71
187,366,136,141,5,70,-66,71
529,309,72,92,20,21,-51,71
163,212,237,253,16,182,-55,71
192,222,245,253,8,182,-63,71
318,227,59,114,55,43,-16,71
489,335,230,230,0,159,-71,71
220,323,59,99,40,28,-31,71
477,299,21,92,71,21,0,71
481,289,28,92,64,21,-7,71
3,569,61,132,71,61,0,71
398,355,226,226,0,155,-71,71
323,133,249,254,5,183,-66,71
152,281,144,167,23,96,-48,71
34,260,151,173,22,102,-49,71
278,249,157,222,65,151,-6,71
524,315,34,92,58,21,-13,71
524,294,43,92,49,21,-22,71
110,209,251,254,3,183,-68,71
341,325,74,110,36,39,-35,71
288,258,249,249,0,178,-71,71
189,367,66,132,66,61,-5,71
457,314,28,92,64,21,-7,71
307,414,21,92,71,21,0,71
320,150,106,161,55,90,-16,71
220,278,76,124,48,53,-23,71
195,285,114,160,46,89,-25,71
368,298,68,105,37,34,-34,71
55,370,34,92,58,21,-13,71
514,303,85,92,7,21,-64,71
329,463,21,92,71,21,0,71
131,322,144,166,22,95,-49,71
493,254,95,124,29,53,-42,71
437,239,61,92,31,21,-40,71
182,380,250,254,4,183,-67,71
152,264,61,92,31,21,-40,71
383,304,28,92,64,21,-7,71
386,282,43,99,56,28,-15,71
138,260,76,114,38,43,-33,71
13,279,250,252,2,181,-69,71
353,254,179,211,32,140,-39,71
135,379,34,99,65,28,-6,71
504,312,105,105,0,34,-71,71
207,233,221,252,31,181,-40,71
195,289,151,161,10,90,-61,71
153,281,125,167,42,96,-29,71
307,172,247,254,7,183,-64,71
335,363,197,204,7,133,-64,71
504,257,82,105,23,34,-48,71
156,223,131,153,22,82,-49,71
344,254,247,248,1,177,-70,71
55,229,96,127,31,56,-40,71
252,241,212,242,30,171,-41,71
253,241,209,242,33,171,-38,71
309,227,43,114,71,43,0,71
80,212,126,145,19,74,-52,71
26,297,56,127,71,56,0,71
145,214,188,230,42,159,-29,71
155,268,92,141,49,70,-22,71
302,402,21,92,71,21,0,71
149,336,56,92,36,21,-35,71
37,267,127,127,0,56,-71,71
45,255,85,139,54,68,-17,71
150,254,39,110,71,39,0,71
486,325,176,203,27,132,-44,71
362,510,21,92,71,21,0,71
377,291,80,92,12,21,-59,71
465,311,21,92,71,21,0,71
336,360,164,180,16,109,-55,71
356,316,122,158,36,87,-35,71
20,564,249,249,0,178,-71,71
71,219,112,137,25,66,-46,71
143,263,137,156,19,85,-52,71
448,302,34,105,71,34,0,71
487,325,175,202,27,131,-44,71
473,532,252,253,1,182,-70,71
519,324,95,105,10,34,-61,71
545,294,28,92,64,21,-7,71
472,283,21,92,71,21,0,71
516,536,240,253,13,182,-58,71
139,264,82,117,35,46,-36,71
53,218,220,243,23,172,-48,71
543,271,105,139,34,68,-37,71
528,288,95,105,10,34,-61,71
515,303,46,92,46,21,-25,71
374,314,59,105,46,34,-25,71
191,284,140,160,20,89,-51,71
12,556,248,248,0,177,-71,71
27,273,109,141,32,70,-39,71
511,259,76,99,23,28,-48,71
459,316,46,92,46,21,-25,71
451,299,34,105,71,34,0,71
334,358,46,110,64,39,-7,71
62,222,89,132,43,61,-28,71
352,321,143,178,35,107,-36,71
283,251,240,249,9,178,-62,71
349,347,228,228,0,157,-71,71
505,311,102,105,3,34,-68,71
505,314,21,92,71,21,0,71
14,319,248,253,5,182,-66,71
392,319,213,219,6,148,-65,71
139,262,102,130,28,59,-43,71
498,275,206,208,2,137,-69,71
311,293,161,220,59,149,-12,71
51,231,76,127,51,56,-20,71
310,227,43,114,71,43,0,71
498,255,76,105,29,34,-42,71
366,78,244,252,8,181,-63,71
448,526,245,253,8,182,-63,71
213,292,147,194,47,123,-24,71
151,281,139,167,28,96,-43,71
283,373,38,82,44,11,-27,71
343,509,253,253,0,182,-71,71
501,536,241,253,12,182,-59,71
295,207,109,173,64,102,-7,71
128,381,64,105,41,34,-30,71
516,303,28,92,64,21,-7,71
43,262,128,135,7,64,-64,71
54,229,76,127,51,56,-20,71
416,277,228,231,3,160,-68,71
348,232,159,188,29,117,-42,71
34,359,241,253,12,182,-59,71
371,313,28,92,64,21,-7,71
280,248,248,252,4,181,-67,71
81,213,74,127,53,56,-18,71
284,374,29,93,64,22,-7,71
245,241,214,243,29,172,-42,71
155,264,84,139,55,68,-16,71
195,293,158,167,9,96,-62,71
460,245,96,117,21,46,-50,71
340,501,251,253,2,182,-69,71
510,277,39,99,60,28,-11,71
282,227,21,92,71,21,0,71
29,354,250,253,3,182,-68,71
51,230,80,127,47,56,-24,71
523,296,21,92,71,21,0,71
528,307,21,92,71,21,0,71
11,291,253,253,0,182,-71,71
299,329,93,161,68,90,-3,71
30,244,217,254,37,184,-33,70
281,376,253,253,0,183,-70,70
220,317,56,98,42,28,-28,70
132,214,251,254,3,184,-67,70
541,293,21,70,49,0,-21,70
317,303,248,249,1,179,-69,70
490,251,21,70,49,0,-21,70
147,386,53,116,63,46,-7,70
240,351,68,136,68,66,-2,70
300,275,242,247,5,177,-65,70
23,260,208,252,44,182,-26,70
23,259,233,252,19,182,-51,70
155,211,159,217,58,147,-12,70
382,283,21,70,49,0,-21,70
502,256,72,98,26,28,-44,70
191,305,78,109,31,39,-39,70
285,254,240,248,8,178,-62,70
285,219,78,138,60,68,-10,70
22,278,135,165,30,95,-40,70
476,247,0,70,70,0,0,70
58,372,43,70,27,0,-43,70
501,325,173,199,26,129,-44,70
154,269,72,140,68,70,-2,70
215,285,131,171,40,101,-30,70
215,283,151,180,29,110,-41,70
295,201,251,254,3,184,-67,70
510,305,50,98,48,28,-22,70
328,468,253,253,0,183,-70,70
447,240,21,70,49,0,-21,70
521,293,28,98,70,28,0,70
324,291,0,70,70,0,0,70
297,204,82,152,70,82,0,70
503,325,171,199,28,129,-42,70
248,359,246,253,7,183,-63,70
146,319,87,120,33,50,-37,70
47,227,156,203,47,133,-23,70
47,225,158,203,45,133,-25,70
511,322,21,70,49,0,-21,70
511,305,90,98,8,28,-62,70
33,358,244,252,8,182,-62,70
27,248,242,252,10,182,-60,70
131,325,128,155,27,85,-43,70
343,350,221,221,0,151,-70,70
456,319,21,70,49,0,-21,70
402,317,0,70,70,0,0,70
512,322,21,70,49,0,-21,70
452,276,199,199,0,129,-70,70
320,286,39,70,31,0,-39,70
326,272,248,250,2,180,-68,70
548,292,21,70,49,0,-21,70
404,289,28,98,70,28,0,70
377,77,242,254,12,184,-58,70
147,251,70,134,64,64,-6,70
150,276,68,126,58,56,-12,70
14,288,53,123,70,53,0,70
376,77,242,254,12,184,-58,70
446,279,0,70,70,0,0,70
417,321,212,221,9,151,-61,70
418,318,0,70,70,0,0,70
366,314,123,159,36,89,-34,70
329,274,0,70,70,0,0,70
155,269,103,140,37,70,-33,70
553,287,21,70,49,0,-21,70
348,306,21,70,49,0,-21,70
328,185,34,70,36,0,-34,70
84,241,84,123,39,53,-31,70
208,366,250,254,4,184,-66,70
208,233,225,252,27,182,-43,70
206,233,220,251,31,181,-39,70
349,306,59,70,11,0,-59,70
343,326,130,162,32,92,-38,70
221,296,142,165,23,95,-47,70
357,315,106,148,42,78,-28,70
292,264,242,247,5,177,-65,70
435,323,205,214,9,144,-61,70
370,282,225,226,1,156,-69,70
244,241,215,244,29,174,-41,70
510,307,98,98,0,28,-70,70
535,305,0,70,70,0,0,70
33,263,114,168,54,98,-16,70
513,322,21,70,49,0,-21,70
449,349,21,70,49,0,-21,70
23,278,141,165,24,95,-46,70
320,227,56,109,53,39,-17,70
146,323,102,109,7,39,-63,70
518,260,28,70,42,0,-28,70
457,319,0,70,70,0,0,70
288,261,166,234,68,164,-2,70
144,214,223,252,29,182,-41,70
274,243,248,252,4,182,-66,70
375,77,243,254,11,184,-59,70
374,358,224,224,0,154,-70,70
509,306,50,98,48,28,-22,70
509,305,34,98,64,28,-6,70
339,286,50,70,20,0,-50,70
49,227,188,203,15,133,-55,70
219,327,84,116,32,46,-38,70
270,358,59,109,50,39,-20,70
395,292,28,98,70,28,0,70
330,273,0,70,70,0,0,70
384,78,247,254,7,184,-63,70
347,232,162,188,26,118,-44,70
347,78,249,254,5,184,-65,70
499,320,0,70,70,0,0,70
406,281,28,70,42,0,-28,70
251,241,212,242,30,172,-40,70
39,256,141,165,24,95,-46,70
39,255,143,165,22,95,-48,70
314,298,180,226,46,156,-24,70
314,297,203,226,23,156,-47,70
148,270,21,70,49,0,-21,70
356,343,210,221,11,151,-59,70
377,309,21,70,49,0,-21,70
431,237,28,70,42,0,-28,70
515,302,92,98,6,28,-64,70
514,301,50,98,48,28,-22,70
514,300,34,98,64,28,-6,70
514,302,92,98,6,28,-64,70
28,251,153,215,62,145,-8,70
543,272,129,166,37,96,-33,70
23,348,252,254,2,184,-68,70
242,241,216,244,28,174,-42,70
535,266,28,70,42,0,-28,70
241,241,216,244,28,174,-42,70
516,302,43,98,55,28,-15,70
516,301,95,98,3,28,-67,70
516,300,95,98,3,28,-67,70
496,323,74,120,46,50,-24,70
151,315,118,138,20,68,-50,70
151,314,107,138,31,68,-39,70
151,313,90,138,48,68,-22,70
50,235,90,142,52,72,-18,70
355,232,150,180,30,110,-40,70
40,273,103,131,28,61,-42,70
40,272,93,126,33,56,-37,70
44,254,115,142,27,72,-43,70
301,331,223,231,8,161,-62,70
48,227,173,203,30,133,-40,70
537,297,0,70,70,0,0,70
276,221,253,253,0,183,-70,70
29,246,215,249,34,179,-36,70
185,221,228,252,24,182,-46,70
515,300,50,98,48,28,-22,70
211,235,162,214,52,144,-18,70
73,209,194,242,48,172,-22,70
72,383,251,254,3,184,-67,70
556,274,53,70,17,0,-53,70
556,273,0,70,70,0,0,70
330,194,39,70,31,0,-39,70
39,257,141,165,24,95,-46,70
254,241,205,241,36,171,-34,70
324,360,154,154,0,84,-70,70
213,289,164,199,35,129,-35,70
217,281,107,148,41,78,-29,70
319,287,70,109,39,39,-31,70
522,293,68,98,30,28,-40,70
243,241,216,244,28,174,-42,70
451,241,0,70,70,0,0,70
450,324,200,216,16,146,-54,70
485,325,178,204,26,134,-44,70
484,340,28,70,42,0,-28,70
484,325,180,205,25,135,-45,70
313,365,84,98,14,28,-56,70
133,271,84,126,42,56,-28,70
84,211,85,129,44,59,-26,70
318,290,122,148,26,78,-44,70
147,323,39,109,70,39,0,70
151,252,50,120,70,50,0,70
151,251,90,120,30,50,-40,70
359,363,28,98,70,28,0,70
361,316,178,204,26,134,-44,70
122,382,70,123,53,53,-17,70
312,167,115,179,64,109,-6,70
313,165,103,173,70,103,0,70
66,211,219,252,33,182,-37,70
339,89,85,131,46,61,-24,70
438,314,95,109,14,39,-56,70
240,350,82,136,54,66,-16,70
240,241,217,245,28,175,-42,70
352,252,206,224,18,154,-52,70
272,244,165,227,62,157,-8,70
463,322,70,120,50,50,-20,70
338,286,43,70,27,0,-43,70
221,288,158,172,14,102,-56,70
489,535,249,253,4,184,-65,69
147,318,92,112,20,43,-49,69
352,258,161,189,28,120,-41,69
317,302,240,248,8,179,-61,69
220,319,46,90,44,21,-25,69
358,343,213,220,7,151,-62,69
506,257,66,90,24,21,-45,69
161,227,151,179,28,110,-41,69
272,363,155,156,1,87,-68,69
272,228,82,119,37,50,-32,69
50,234,93,137,44,68,-25,69
217,276,134,159,25,90,-44,69
217,274,120,149,29,80,-40,69
332,363,180,186,6,117,-63,69
67,211,192,251,59,182,-10,69
533,303,64,90,26,21,-43,69
527,308,21,90,69,21,0,69
350,232,156,186,30,117,-39,69
346,301,90,90,0,21,-69,69
346,300,72,90,18,21,-51,69
464,285,21,90,69,21,0,69
380,283,21,90,69,21,0,69
300,406,253,253,0,184,-69,69
300,366,43,90,47,21,-22,69
354,349,229,229,0,160,-69,69
550,274,140,145,5,76,-64,69
476,300,21,90,69,21,0,69
148,318,105,112,7,43,-62,69
394,516,250,253,3,184,-66,69
217,327,90,115,25,46,-44,69
478,250,109,133,24,64,-45,69
500,316,96,103,7,34,-62,69
292,267,169,229,60,160,-9,69
19,275,92,147,55,78,-14,69
153,269,82,125,43,56,-26,69
268,240,232,251,19,182,-50,69
312,293,197,224,27,155,-42,69
144,264,139,156,17,87,-52,69
162,227,156,181,25,112,-44,69
464,322,68,119,51,50,-18,69
249,359,247,253,6,184,-63,69
249,241,213,242,29,173,-40,69
148,330,39,90,51,21,-18,69
357,343,193,220,27,151,-42,69
535,267,64,90,26,21,-43,69
133,315,136,162,26,93,-43,69
347,302,87,90,3,21,-66,69
347,301,50,90,40,21,-29,69
347,300,21,90,69,21,0,69
206,234,181,221,40,152,-29,69
366,315,157,191,34,122,-35,69
365,315,159,191,32,122,-37,69
365,314,123,159,36,90,-33,69
18,277,85,128,43,59,-26,69
491,323,72,125,53,56,-16,69
216,283,119,159,40,90,-29,69
216,282,130,164,34,95,-35,69
329,113,247,254,7,185,-62,69
196,367,243,252,9,183,-60,69
321,139,253,253,0,184,-69,69
549,274,145,149,4,80,-65,69
132,319,136,158,22,89,-47,69
344,89,80,103,23,34,-46,69
306,283,235,242,7,173,-62,69
453,297,34,103,69,34,0,69
374,77,242,254,12,185,-57,69
446,304,34,103,69,34,0,69
360,232,125,161,36,92,-33,69
441,525,243,253,10,184,-59,69
15,306,21,90,69,21,0,69
149,222,78,135,57,66,-12,69
345,302,34,90,56,21,-13,69
512,307,21,90,69,21,0,69
512,306,46,90,44,21,-25,69
146,318,59,112,53,43,-16,69
313,366,46,90,44,21,-25,69
473,282,28,90,62,21,-7,69
188,222,199,240,41,171,-28,69
373,77,243,254,11,185,-58,69
441,240,68,90,22,21,-47,69
330,364,152,161,9,92,-60,69
334,362,171,197,26,128,-43,69
273,359,130,141,11,72,-58,69
528,291,21,90,69,21,0,69
199,233,197,236,39,167,-30,69
287,217,78,143,65,74,-4,69
455,318,66,90,24,21,-45,69
455,316,28,90,62,21,-7,69
474,343,21,90,69,21,0,69
197,286,137,178,41,109,-28,69
197,285,159,178,19,109,-50,69
286,218,74,143,69,74,0,69
285,375,31,96,65,27,-4,69
342,508,252,255,3,186,-66,69
518,300,53,90,37,21,-32,69
518,299,84,90,6,21,-63,69
269,242,173,233,60,164,-9,69
189,377,254,255,1,186,-68,69
213,294,150,193,43,124,-26,69
533,302,21,90,69,21,0,69
155,332,109,139,30,70,-39,69
326,188,76,90,14,21,-55,69
155,331,102,139,37,70,-32,69
155,330,103,139,36,70,-33,69
145,336,85,103,18,34,-51,69
503,256,59,90,31,21,-38,69
348,323,140,175,35,106,-34,69
456,244,87,112,25,43,-44,69
286,352,184,192,8,123,-61,69
34,277,46,103,57,34,-12,69
340,232,179,201,22,132,-47,69
349,232,158,186,28,117,-41,69
349,231,117,159,42,90,-27,69
221,294,150,170,20,101,-49,69
372,293,34,90,56,21,-13,69
345,301,68,90,22,21,-47,69
45,260,115,147,32,78,-37,69
82,385,243,254,11,185,-58,69
502,316,46,90,44,21,-25,69
90,386,252,255,3,186,-66,69
388,359,21,90,69,21,0,69
388,316,21,90,69,21,0,69
132,268,117,151,34,82,-35,69
164,227,164,189,25,120,-44,69
299,365,90,112,22,43,-47,69
423,67,247,253,6,184,-63,69
529,310,34,90,56,21,-13,69
416,352,223,223,0,154,-69,69
383,308,28,90,62,21,-7,69
532,303,21,90,69,21,0,69
26,346,39,90,51,21,-18,69
483,325,182,206,24,137,-45,69
309,312,128,186,58,117,-11,69
541,274,192,196,4,127,-65,69
500,315,59,96,37,28,-31,68
499,315,34,96,62,28,-6,68
514,322,28,68,40,0,-28,68
430,319,28,68,40,0,-28,68
374,317,181,207,26,139,-42,68
54,259,66,89,23,21,-45,68
498,278,0,68,68,0,0,68
46,226,166,206,40,138,-28,68
416,516,21,89,68,21,0,68
383,289,21,89,68,21,0,68
462,343,225,225,0,157,-68,68
78,217,147,155,8,87,-60,68
163,214,162,223,61,155,-7,68
192,307,28,68,40,0,-28,68
75,210,172,194,22,126,-46,68
22,275,167,174,7,106,-61,68
545,269,0,68,68,0,0,68
281,249,244,249,5,181,-63,68
444,350,28,68,40,0,-28,68
502,325,173,199,26,131,-42,68
335,103,92,160,68,92,0,68
273,366,0,68,68,0,0,68
273,227,85,140,55,72,-13,68
144,258,118,157,39,89,-29,68
348,508,39,68,29,0,-39,68
359,314,90,134,44,66,-24,68
45,261,105,146,41,78,-27,68
345,299,76,89,13,21,-55,68
433,349,231,233,2,165,-66,68
29,247,195,246,51,178,-17,68
221,290,151,171,20,103,-48,68
221,293,150,170,20,102,-48,68
349,251,209,232,23,164,-45,68
47,271,53,89,36,21,-32,68
47,272,46,89,43,21,-25,68
503,257,87,114,27,46,-41,68
195,290,161,169,8,101,-60,68
347,322,106,140,34,72,-34,68
460,243,0,68,68,0,0,68
520,262,68,89,21,21,-47,68
413,236,74,89,15,21,-53,68
386,300,34,68,34,0,-34,68
150,266,0,68,68,0,0,68
348,322,120,153,33,85,-35,68
155,326,141,155,14,87,-54,68
427,66,248,254,6,186,-62,68
155,329,117,142,25,74,-43,68
213,301,175,192,17,124,-51,68
313,296,164,217,53,149,-15,68
138,263,59,102,43,34,-25,68
351,258,134,175,41,107,-27,68
288,216,93,144,51,76,-17,68
204,234,175,220,45,152,-23,68
65,212,232,252,20,184,-48,68
518,301,21,89,68,21,0,68
22,277,165,174,9,106,-59,68
315,293,109,169,60,101,-8,68
22,260,251,253,2,185,-66,68
343,291,39,68,29,0,-39,68
536,268,87,107,20,39,-48,68
297,338,214,214,0,146,-68,68
136,224,85,124,39,56,-29,68
303,365,70,102,32,34,-36,68
269,362,155,158,3,90,-65,68
487,253,116,144,28,76,-40,68
511,277,34,96,62,28,-6,68
306,322,234,238,4,170,-64,68
334,231,200,217,17,149,-51,68
473,246,0,68,68,0,0,68
331,106,252,254,2,186,-66,68
313,295,177,217,40,149,-28,68
385,301,43,68,25,0,-43,68
546,273,141,173,32,105,-36,68
214,286,154,186,32,118,-36,68
194,229,149,213,64,145,-4,68
480,341,28,89,61,21,-7,68
84,242,98,129,31,61,-37,68
485,62,21,68,47,0,-21,68
133,272,89,129,40,61,-28,68
74,209,194,240,46,172,-22,68
180,220,141,209,68,141,0,68
37,271,96,124,28,56,-40,68
283,367,0,68,68,0,0,68
491,338,21,68,47,0,-21,68
421,237,74,89,15,21,-53,68
36,266,82,127,45,59,-23,68
220,235,241,252,11,184,-57,68
356,317,144,175,31,107,-37,68
270,362,158,158,0,90,-68,68
530,56,21,68,47,0,-21,68
531,265,39,68,29,0,-39,68
466,322,68,114,46,46,-22,68
509,309,50,89,39,21,-29,68
328,358,171,173,2,105,-66,68
149,325,50,102,52,34,-16,68
325,366,0,68,68,0,0,68
442,239,21,68,47,0,-21,68
540,294,21,68,47,0,-21,68
313,297,159,217,58,149,-10,68
37,272,82,124,42,56,-26,68
37,273,70,124,54,56,-14,68
37,275,70,124,54,56,-14,68
354,232,151,180,29,112,-39,68
219,272,82,127,45,59,-23,68
394,293,34,96,62,28,-6,68
371,510,21,89,68,21,0,68
132,327,85,124,39,56,-29,68
560,51,0,68,68,0,0,68
49,235,137,144,7,76,-61,68
325,186,76,89,13,21,-55,68
367,286,28,68,40,0,-28,68
69,211,201,219,18,151,-50,68
497,253,0,68,68,0,0,68
26,258,128,187,59,119,-9,68
526,263,28,68,40,0,-28,68
277,364,149,157,8,89,-60,68
293,344,209,211,2,143,-66,68
368,312,21,89,68,21,0,68
471,284,21,89,68,21,0,68
521,261,21,68,47,0,-21,68
220,316,61,102,41,34,-27,68
250,241,212,242,30,174,-38,68
132,278,167,184,17,116,-51,68
328,192,72,89,17,21,-51,68
392,513,0,68,68,0,0,68
322,230,211,224,13,156,-55,68
63,213,226,249,23,181,-45,68
277,224,90,155,65,87,-3,68
217,326,74,102,28,34,-40,68
501,315,90,96,6,28,-62,68
220,277,80,132,52,64,-16,68
442,240,59,89,30,21,-38,68
341,495,34,68,34,0,-34,68
33,275,74,118,44,50,-24,68
469,245,21,68,47,0,-21,68
338,292,28,68,40,0,-28,68
344,232,167,192,25,124,-43,68
371,299,21,89,68,21,0,68
145,251,107,132,25,64,-43,68
378,80,21,89,68,21,0,68
550,271,0,68,68,0,0,68
301,186,252,255,3,187,-65,68
151,268,66,102,36,34,-32,68
350,231,117,158,41,90,-27,68
449,324,200,216,16,148,-52,68
62,379,250,254,4,186,-64,68
500,254,21,68,47,0,-21,68
500,256,87,114,27,46,-41,68
468,287,28,89,61,21,-7,68
292,383,34,85,51,17,-17,68
527,313,21,89,68,21,0,68
319,300,174,215,41,147,-27,68
488,253,110,138,28,70,-40,68
152,252,90,118,28,50,-40,68
70,211,174,219,45,151,-23,68
50,233,95,136,41,68,-27,68
437,238,28,68,40,0,-28,68
458,314,64,96,32,28,-36,68
458,315,92,96,4,28,-64,68
513,258,0,68,68,0,0,68
184,222,182,228,46,160,-22,68
151,331,59,89,30,21,-38,68
211,363,98,160,62,92,-6,68
431,238,66,89,23,21,-45,68
384,302,28,68,40,0,-28,68
344,299,82,89,7,21,-61,68
344,300,61,89,28,21,-40,68
344,301,39,89,50,21,-18,68
438,348,225,228,3,160,-65,68
543,268,0,68,68,0,0,68
424,236,0,68,68,0,0,68
66,212,192,250,58,182,-10,68
135,243,148,164,16,96,-52,68
462,287,21,89,68,21,0,68
301,400,28,96,68,28,0,68
551,274,131,140,9,72,-59,68
346,299,34,89,55,21,-13,68
220,321,46,89,43,21,-25,68
57,225,137,157,20,89,-48,68
507,311,50,89,39,21,-29,68
507,312,21,89,68,21,0,68
317,366,0,68,68,0,0,68
318,363,126,132,6,64,-62,68
216,234,238,253,15,185,-53,68
239,350,136,136,0,68,-68,68
239,351,82,136,54,68,-14,68
240,349,123,136,13,68,-55,68
152,268,78,102,24,34,-44,68
398,71,250,254,4,186,-64,68
0,572,61,128,67,61,0,67
1,573,61,128,67,61,0,67
9,575,61,128,67,61,0,67
10,576,61,128,67,61,0,67
20,266,221,249,28,182,-39,67
161,211,242,254,12,187,-55,67
344,298,87,106,19,39,-48,67
43,273,82,117,35,50,-32,67
43,272,89,117,28,50,-39,67
448,324,200,215,15,148,-52,67
44,240,118,157,39,90,-28,67
184,223,167,209,42,142,-25,67
217,272,133,157,24,90,-43,67
144,213,230,254,24,187,-43,67
144,212,230,254,24,187,-43,67
144,211,229,254,25,187,-42,67
342,232,172,195,23,128,-44,67
342,89,89,106,17,39,-50,67
229,242,124,181,57,114,-10,67
232,243,138,190,52,123,-15,67
366,312,61,95,34,28,-33,67
292,339,85,95,10,28,-57,67
291,229,237,245,8,178,-59,67
383,306,95,95,0,28,-67,67
37,361,245,253,8,186,-59,67
333,100,252,253,1,186,-66,67
27,254,125,187,62,120,-5,67
531,535,251,253,2,186,-65,67
350,322,144,177,33,110,-34,67
346,323,115,149,34,82,-33,67
515,299,28,95,67,28,0,67
38,255,160,165,5,98,-62,67
139,265,74,110,36,43,-31,67
410,70,253,254,1,187,-66,67
461,529,255,255,0,188,-67,67
508,306,34,95,61,28,-6,67
148,317,80,110,30,43,-37,67
148,316,53,110,57,43,-10,67
43,271,95,117,22,50,-45,67
145,226,115,137,22,70,-45,67
43,365,244,252,8,185,-59,67
544,273,151,182,31,115,-36,67
112,386,249,255,6,188,-61,67
234,356,89,143,54,76,-13,67
319,289,124,135,11,68,-56,67
144,263,156,156,0,89,-67,67
324,295,34,95,61,28,-6,67
146,226,112,137,25,70,-42,67
320,301,152,174,22,107,-45,67
402,320,214,223,9,156,-58,67
300,278,163,224,61,157,-6,67
278,374,252,254,2,187,-65,67
191,306,68,95,27,28,-40,67
480,251,116,145,29,78,-38,67
43,263,118,131,13,64,-54,67
213,293,145,190,45,123,-22,67
361,232,120,156,36,89,-31,67
250,359,247,253,6,186,-61,67
410,353,220,223,3,156,-64,67
410,283,43,106,63,39,-4,67
444,241,85,95,10,28,-57,67
232,356,140,143,3,76,-64,67
447,303,34,101,67,34,0,67
239,241,218,245,27,178,-40,67
238,241,219,245,26,178,-41,67
159,212,173,227,54,160,-13,67
196,284,160,181,21,114,-46,67
508,308,89,95,6,28,-61,67
508,307,53,95,42,28,-25,67
354,344,219,234,15,167,-52,67
49,237,143,143,0,76,-67,67
49,236,142,143,1,76,-66,67
371,513,255,255,0,188,-67,67
520,325,50,95,45,28,-22,67
81,212,92,128,36,61,-31,67
411,70,252,253,1,186,-66,67
54,223,160,195,35,128,-32,67
54,218,190,239,49,172,-18,67
151,257,162,170,8,103,-59,67
442,310,101,106,5,39,-62,67
442,308,34,101,67,34,0,67
219,302,56,101,45,34,-22,67
219,301,56,101,45,34,-22,67
25,252,244,254,10,187,-57,67
306,317,116,183,67,116,0,67
151,221,147,157,10,90,-57,67
131,270,152,184,32,117,-35,67
267,240,222,249,27,182,-40,67
349,322,132,165,33,98,-34,67
19,267,233,253,20,186,-47,67
153,320,144,190,46,123,-21,67
145,256,125,156,31,89,-36,67
341,232,174,198,24,131,-43,67
452,298,34,101,67,34,0,67
452,66,14,80,66,13,-1,67
60,225,115,126,11,59,-56,67
365,312,78,95,17,28,-50,67
219,325,46,95,49,28,-18,67
19,330,34,101,67,34,0,67
136,219,61,123,62,56,-5,67
441,309,39,101,62,34,-5,67
224,239,131,192,61,125,-6,67
59,225,87,126,39,59,-28,67
43,264,131,131,0,64,-67,67
214,303,114,162,48,95,-19,67
214,299,151,182,31,115,-36,67
45,224,224,244,20,177,-47,67
495,323,74,120,46,53,-21,67
314,296,217,226,9,159,-58,67
516,299,59,95,36,28,-31,67
451,276,199,200,1,133,-66,67
347,348,220,225,5,158,-62,67
375,514,249,253,4,186,-63,67
198,233,194,232,38,165,-29,67
426,322,210,217,7,150,-60,67
233,356,114,143,29,76,-38,67
237,241,219,245,26,178,-41,67
217,278,135,159,24,92,-43,67
351,232,155,184,29,117,-38,67
449,276,202,204,2,137,-65,67
147,226,105,137,32,70,-35,67
295,271,174,231,57,164,-10,67
37,255,124,165,41,98,-26,67
305,285,148,215,67,148,0,67
269,359,80,126,46,59,-21,67
205,234,181,220,39,153,-28,67
543,50,246,254,8,187,-59,67
36,355,53,101,48,34,-19,67
517,299,90,95,5,28,-62,67
221,289,156,172,16,105,-51,67
63,219,178,191,13,124,-54,67
343,232,170,193,23,126,-44,67
132,383,251,255,4,188,-63,67
190,367,61,128,67,61,0,67
340,86,92,159,67,92,0,67
76,381,34,95,61,28,-6,67
177,369,78,117,39,50,-28,67
134,318,68,117,49,50,-18,67
336,93,251,253,2,186,-65,67
340,91,34,101,67,34,0,67
304,280,244,245,1,178,-66,67
221,292,150,170,20,103,-47,67
42,264,82,131,49,64,-18,67
42,263,64,131,67,64,0,67
517,536,240,253,13,186,-54,67
343,89,84,106,22,39,-45,67
10,577,61,128,67,61,0,67
483,252,118,149,31,82,-36,67
318,289,95,135,40,68,-27,67
545,273,145,177,32,110,-35,67
523,292,70,95,25,28,-42,67
163,227,160,182,22,115,-45,67
35,354,34,101,67,34,0,67
338,229,78,126,48,59,-19,67
51,228,138,163,25,96,-42,67
44,256,139,152,13,85,-54,67
463,246,106,126,20,59,-47,67
482,325,184,207,23,140,-44,67
143,262,130,156,26,89,-41,67
8,574,61,128,67,61,0,67
489,532,21,66,45,0,-21,66
281,218,250,253,3,187,-63,66
318,296,194,223,29,157,-37,66
215,365,251,254,3,188,-63,66
216,281,141,167,26,101,-40,66
454,318,28,66,38,0,-28,66
454,319,39,66,27,0,-39,66
344,331,184,227,43,161,-23,66
152,265,53,87,34,21,-32,66
470,285,21,87,66,21,0,66
529,264,34,66,32,0,-34,66
507,256,21,66,45,0,-21,66
282,367,0,66,66,0,0,66
22,274,158,167,9,101,-57,66
454,317,28,66,38,0,-28,66
147,336,0,66,66,0,0,66
345,297,39,87,48,21,-18,66
435,317,74,87,13,21,-53,66
511,326,200,222,22,156,-44,66
221,291,150,169,19,103,-47,66
359,233,161,191,30,125,-36,66
450,276,200,202,2,136,-64,66
510,326,196,222,26,156,-40,66
341,89,90,109,19,43,-47,66
91,209,252,254,2,188,-64,66
345,298,56,87,31,21,-35,66
348,303,70,87,17,21,-49,66
553,280,28,66,38,0,-28,66
36,256,133,156,23,90,-43,66
176,369,87,125,38,59,-28,66
321,227,56,105,49,39,-17,66
321,278,247,247,0,181,-66,66
14,276,243,252,9,186,-57,66
150,267,34,66,32,0,-34,66
351,259,151,184,33,118,-33,66
101,209,253,254,1,188,-65,66
204,364,112,167,55,101,-11,66
295,268,242,246,4,180,-62,66
34,270,76,109,33,43,-33,66
510,309,21,87,66,21,0,66
460,316,21,87,66,21,0,66
351,231,117,156,39,90,-27,66
494,252,6,66,60,0,-6,66
474,249,110,136,26,70,-40,66
519,299,50,87,37,21,-29,66
509,326,194,222,28,156,-38,66
173,217,180,233,53,167,-13,66
297,271,239,248,9,182,-57,66
426,353,21,87,66,21,0,66
134,276,64,116,52,50,-14,66
313,426,21,87,66,21,0,66
150,336,66,105,39,39,-27,66
496,280,34,87,53,21,-13,66
58,266,39,66,27,0,-39,66
458,61,246,254,8,188,-58,66
342,325,92,130,38,64,-28,66
213,295,160,193,33,127,-33,66
313,311,244,248,4,182,-62,66
314,163,103,168,65,102,-1,66
343,331,208,227,19,161,-47,66
492,323,70,122,52,56,-14,66
214,297,147,182,35,116,-31,66
214,298,150,182,32,116,-34,66
465,322,68,116,48,50,-18,66
302,324,119,176,57,110,-9,66
321,309,245,248,3,182,-63,66
312,432,253,254,1,188,-65,66
501,318,28,87,59,21,-7,66
341,283,216,225,9,159,-57,66
209,233,230,252,22,186,-44,66
153,319,123,167,44,101,-22,66
432,237,21,66,45,0,-21,66
131,272,167,188,21,122,-45,66
179,367,139,142,3,76,-63,66
355,316,107,144,37,78,-29,66
136,382,252,255,3,189,-63,66
64,213,212,244,32,178,-34,66
193,285,82,116,34,50,-32,66
51,222,173,206,33,140,-33,66
191,304,90,122,32,56,-34,66
549,276,28,87,59,21,-7,66
196,285,125,175,50,109,-16,66
352,320,116,151,35,85,-31,66
238,351,132,136,4,70,-62,66
255,241,202,238,36,172,-30,66
447,279,0,66,66,0,0,66
53,279,53,66,13,0,-53,66
143,267,116,134,18,68,-48,66
148,325,34,87,53,21,-13,66
361,233,149,181,32,115,-34,66
516,318,21,66,45,0,-21,66
186,222,219,246,27,180,-39,66
349,254,96,153,57,87,-9,66
349,321,110,144,34,78,-32,66
54,279,34,66,32,0,-34,66
486,250,21,66,45,0,-21,66
480,60,252,252,0,186,-66,66
368,300,34,66,32,0,-34,66
195,288,138,151,13,85,-53,66
543,532,21,66,45,0,-21,66
416,321,214,222,8,156,-58,66
524,262,21,66,45,0,-21,66
422,237,72,87,15,21,-51,66
394,76,21,87,66,21,0,66
380,306,21,66,45,0,-21,66
380,280,239,244,5,178,-61,66
543,273,157,188,31,122,-35,66
148,273,68,112,44,46,-22,66
148,274,46,112,66,46,0,66
319,292,152,167,15,101,-51,66
415,277,229,231,2,165,-64,66
133,270,78,122,44,56,-22,66
55,279,21,66,45,0,-21,66
433,320,59,105,46,39,-20,66
515,322,46,66,20,0,-46,66
290,261,239,249,10,183,-56,66
217,308,64,87,23,21,-43,66
146,332,0,66,66,0,0,66
349,365,21,66,45,0,-21,66
536,298,21,66,45,0,-21,66
360,233,156,186,30,120,-36,66
16,280,76,125,49,59,-17,66
348,301,21,87,66,21,0,66
348,302,28,87,59,21,-7,66
348,255,87,140,53,74,-13,66
425,236,0,66,66,0,0,66
378,77,246,254,8,188,-58,66
317,290,84,140,56,74,-10,66
185,220,250,252,2,186,-64,66
50,239,78,119,41,53,-25,66
186,366,141,144,3,78,-63,66
350,321,122,156,34,90,-32,66
152,275,146,173,27,107,-39,66
152,276,118,146,28,80,-38,66
383,283,0,66,66,0,0,66
153,254,125,142,17,76,-49,66
514,304,50,87,37,21,-29,66
80,219,34,87,53,21,-13,66
369,300,0,66,66,0,0,66
477,250,116,140,24,74,-42,66
327,190,74,87,13,21,-53,66
43,261,128,146,18,80,-48,66
192,304,76,105,29,39,-37,66
35,263,99,134,35,68,-31,66
378,289,34,87,53,21,-13,66
160,226,110,151,41,85,-25,66
160,384,46,105,59,39,-7,66
463,286,21,87,66,21,0,66
142,383,56,66,10,0,-56,66
2,568,61,127,66,61,0,66
43,227,223,243,20,177,-46,66
147,274,99,111,12,46,-53,65
221,271,131,161,30,96,-35,65
11,297,253,253,0,188,-65,65
384,516,250,253,3,188,-62,65
55,222,188,204,16,139,-49,65
344,325,128,160,32,95,-33,65
30,245,200,249,49,184,-16,65
192,225,137,202,65,137,0,65
75,213,173,192,19,127,-46,65
319,294,154,180,26,115,-39,65
80,210,147,180,33,115,-32,65
310,288,235,242,7,177,-58,65
23,295,85,111,26,46,-39,65
309,167,252,255,3,190,-62,65
213,288,169,197,28,132,-37,65
418,72,9,74,65,9,0,65
144,215,202,245,43,180,-22,65
345,89,76,99,23,34,-42,65
145,252,90,129,39,64,-26,65
61,226,90,115,25,50,-40,65
344,83,84,111,27,46,-38,65
144,210,233,253,20,188,-45,65
471,248,103,133,30,68,-35,65
497,255,85,111,26,46,-39,65
214,287,145,180,35,115,-30,65
362,233,143,175,32,110,-33,65
441,321,76,115,39,50,-26,65
308,289,160,215,55,150,-10,65
501,314,66,93,27,28,-38,65
268,227,253,253,0,188,-65,65
306,181,116,175,59,110,-6,65
37,281,74,118,44,53,-21,65
304,320,114,170,56,105,-9,65
351,320,107,143,36,78,-29,65
44,243,87,141,54,76,-11,65
31,242,231,252,21,187,-44,65
30,355,251,253,2,188,-63,65
518,296,34,93,59,28,-6,65
372,77,246,254,8,189,-57,65
518,536,242,253,11,188,-54,65
131,326,124,150,26,85,-39,65
306,174,253,254,1,189,-64,65
467,322,68,111,43,46,-22,65
557,48,255,255,0,190,-65,65
45,257,128,152,24,87,-41,65
26,260,150,184,34,119,-31,65
52,222,190,205,15,140,-50,65
156,227,122,152,30,87,-35,65
155,333,112,139,27,74,-38,65
518,298,87,93,6,28,-59,65
518,297,61,93,32,28,-33,65
458,64,18,83,65,18,0,65
326,359,166,166,0,101,-65,65
148,275,70,111,41,46,-24,65
139,261,110,131,21,66,-44,65
328,116,251,254,3,189,-62,65
302,281,161,222,61,157,-4,65
157,227,128,157,29,92,-36,65
269,360,116,135,19,70,-46,65
160,227,144,174,30,109,-35,65
47,364,28,93,65,28,0,65
271,241,243,249,6,184,-59,65
338,359,178,189,11,124,-54,65
93,209,250,253,3,188,-62,65
301,193,114,175,61,110,-4,65
540,274,196,200,4,135,-61,65
135,224,98,124,26,59,-39,65
66,218,157,182,25,117,-40,65
166,224,144,187,43,122,-22,65
218,281,82,111,29,46,-36,65
186,223,186,219,33,154,-32,65
276,225,99,139,40,74,-25,65
133,247,154,177,23,112,-42,65
133,252,110,143,33,78,-32,65
49,238,119,143,24,78,-41,65
144,259,140,157,17,92,-48,65
251,359,247,253,6,188,-59,65
442,321,72,111,39,46,-26,65
329,364,142,152,10,87,-55,65
340,90,66,99,33,34,-32,65
321,230,214,225,11,160,-54,65
341,90,64,99,35,34,-30,65
290,264,167,229,62,164,-3,65
32,275,112,126,14,61,-51,65
32,274,98,126,28,61,-37,65
67,215,156,205,49,140,-16,65
187,222,212,246,34,181,-31,65
373,317,187,209,22,144,-43,65
295,341,207,209,2,144,-63,65
214,296,144,181,37,116,-28,65
147,209,251,253,2,188,-63,65
492,254,102,131,29,66,-36,65
43,270,96,115,19,50,-46,65
486,58,252,252,0,187,-65,65
74,208,239,251,12,186,-53,65
347,264,149,180,31,115,-34,65
514,260,72,93,21,28,-44,65
363,233,137,168,31,103,-34,65
67,214,205,205,0,140,-65,65
357,317,158,187,29,122,-36,65
220,318,50,93,43,28,-22,65
481,325,187,209,22,144,-43,65
85,241,107,139,32,74,-33,65
143,268,106,131,25,66,-40,65
147,275,111,111,0,46,-65,65
147,340,70,93,23,28,-42,65
409,70,254,254,0,189,-65,65
352,232,154,182,28,117,-37,65
318,299,215,239,24,174,-41,65
43,245,134,160,26,96,-38,64
233,243,164,190,26,126,-38,64
324,130,248,255,7,191,-57,64
142,377,43,107,64,43,0,64
350,351,223,228,5,164,-59,64
88,212,64,117,53,53,-11,64
555,285,28,64,36,0,-28,64
221,299,142,159,17,95,-47,64
46,233,173,206,33,142,-31,64
415,280,21,64,43,0,-21,64
58,224,124,151,27,87,-37,64
182,376,95,107,12,43,-52,64
347,263,136,167,31,103,-33,64
475,295,28,85,57,21,-7,64
483,249,0,64,64,0,0,64
239,352,70,132,62,68,-2,64
68,220,72,117,45,53,-19,64
499,278,0,64,64,0,0,64
555,276,21,64,43,0,-21,64
532,265,28,64,36,0,-28,64
532,52,254,255,1,191,-63,64
322,298,156,170,14,106,-50,64
322,289,46,64,18,0,-46,64
542,271,114,144,30,80,-34,64
334,228,66,110,44,46,-20,64
46,273,84,110,26,46,-38,64
341,330,223,226,3,162,-61,64
134,249,105,140,35,76,-29,64
513,303,87,92,5,28,-59,64
513,302,56,92,36,28,-28,64
513,301,28,92,64,28,0,64
513,277,28,85,57,21,-7,64
375,310,21,64,43,0,-21,64
341,351,216,221,5,157,-59,64
515,301,98,98,0,34,-64,64
516,259,0,64,64,0,0,64
32,277,128,132,4,68,-60,64
354,361,236,236,0,172,-64,64
183,376,92,107,15,43,-49,64
216,284,110,151,41,87,-23,64
238,352,92,134,42,70,-22,64
353,253,199,221,22,157,-42,64
353,232,154,180,26,116,-38,64
447,324,202,215,13,151,-51,64
352,322,170,196,26,132,-38,64
437,318,0,64,64,0,0,64
512,277,34,92,58,28,-6,64
480,248,0,64,64,0,0,64
219,271,112,146,34,82,-30,64
376,295,28,85,57,21,-7,64
368,359,220,223,3,159,-61,64
368,316,181,208,27,144,-37,64
527,263,21,64,43,0,-21,64
346,304,28,85,57,21,-7,64
526,293,21,85,64,21,0,64
321,286,0,64,64,0,0,64
194,232,194,231,37,167,-27,64
178,369,66,107,41,43,-23,64
412,236,76,92,16,28,-48,64
149,255,43,103,60,39,-4,64
328,364,128,142,14,78,-50,64
30,291,89,123,34,59,-30,64
30,290,107,123,16,59,-48,64
132,318,141,160,19,96,-45,64
480,325,190,210,20,146,-44,64
521,313,21,64,43,0,-21,64
46,272,85,110,25,46,-39,64
46,271,89,110,21,46,-43,64
215,236,137,201,64,137,0,64
510,306,98,98,0,34,-64,64
536,266,21,64,43,0,-21,64
451,348,21,85,64,21,0,64
347,324,149,179,30,115,-34,64
459,317,21,85,64,21,0,64
459,245,102,120,18,56,-46,64
460,289,28,85,57,21,-7,64
448,276,204,205,1,141,-63,64
290,225,61,64,3,0,-61,64
312,291,236,244,8,180,-56,64
496,255,93,120,27,56,-37,64
146,386,46,110,64,46,0,64
311,430,254,254,0,190,-64,64
440,240,78,92,14,28,-50,64
256,241,197,234,37,170,-27,64
362,232,115,149,34,85,-30,64
538,531,0,64,64,0,0,64
377,292,74,92,18,28,-46,64
347,304,53,85,32,21,-32,64
219,312,50,92,42,28,-22,64
26,283,68,125,57,61,-7,64
330,195,46,72,26,8,-38,64
314,301,143,207,64,143,0,64
493,323,72,120,48,56,-16,64
494,323,74,120,46,56,-18,64
215,286,125,163,38,99,-26,64
146,320,103,120,17,56,-47,64
334,278,64,92,28,28,-36,64
37,277,90,117,27,53,-37,64
438,351,34,64,30,0,-34,64
349,261,147,178,31,114,-33,64
539,531,0,64,64,0,0,64
155,209,248,252,4,188,-60,64
37,242,180,197,17,133,-47,64
382,290,21,85,64,21,0,64
490,532,21,64,43,0,-21,64
194,284,101,146,45,82,-19,64
60,373,39,64,25,0,-39,64
42,262,80,128,48,64,-16,64
135,245,109,156,47,92,-17,64
298,401,251,254,3,190,-61,64
196,232,221,252,31,188,-33,64
509,307,95,98,3,34,-61,64
320,365,0,64,64,0,0,64
377,293,46,92,46,28,-18,64
480,296,21,85,64,21,0,64
456,242,0,64,64,0,0,64
519,321,0,64,64,0,0,64
436,239,68,92,24,28,-40,64
353,321,151,180,29,116,-35,64
419,318,0,64,64,0,0,64
79,222,56,92,36,28,-28,64
27,283,101,125,24,61,-40,64
58,265,34,64,30,0,-34,64
150,328,28,85,57,21,-7,64
300,188,254,255,1,191,-63,64
337,495,254,254,0,190,-64,64
165,215,150,214,64,150,0,64
422,354,21,85,64,21,0,64
462,346,28,64,36,0,-28,64
24,256,232,251,19,187,-45,64
537,531,0,64,64,0,0,64
298,365,95,114,19,50,-45,64
120,210,252,255,3,191,-61,64
515,304,21,85,64,21,0,64
289,225,64,64,0,0,-64,64
348,304,80,85,5,21,-59,64
197,233,191,229,38,165,-26,64
301,366,34,85,51,21,-13,64
92,209,249,252,3,188,-61,64
379,312,21,64,43,0,-21,64
402,512,28,64,36,0,-28,64
348,262,142,173,31,109,-33,64
163,383,46,103,57,39,-7,64
414,236,72,85,13,21,-51,64
156,267,141,156,15,92,-49,64
36,278,53,92,39,28,-25,64
467,345,39,64,25,0,-39,64
467,247,107,132,25,68,-39,64
47,273,50,85,35,21,-29,64
380,286,28,64,36,0,-28,64
518,261,59,85,26,21,-38,64
147,273,76,110,34,46,-30,64
139,268,68,103,35,39,-29,64
476,294,28,85,57,21,-7,64
364,233,130,163,33,99,-31,64
351,322,156,186,30,122,-34,64
362,316,182,206,24,142,-40,64
538,269,98,123,25,59,-39,64
36,279,39,92,53,28,-11,64
111,209,251,254,3,190,-61,64
348,352,219,222,3,158,-61,64
348,321,98,132,34,68,-30,64
220,320,43,85,42,21,-22,64
327,186,0,64,64,0,0,64
147,325,21,85,64,21,0,64
523,293,92,98,6,34,-58,64
44,241,92,148,56,84,-8,64
317,301,243,243,0,179,-64,64
148,251,110,134,24,70,-40,64
370,300,21,64,43,0,-21,64
344,324,110,142,32,78,-32,64
30,243,237,254,17,190,-47,64
522,54,254,254,0,190,-64,64
522,292,34,92,58,28,-6,64
534,267,70,92,22,28,-42,64
88,237,105,138,33,74,-31,64
499,256,93,120,27,56,-37,64
357,513,254,255,1,192,-62,63
358,233,168,194,26,131,-37,63
152,223,82,133,51,70,-12,63
38,273,118,131,13,68,-50,63
38,274,124,131,7,68,-56,63
310,172,118,169,51,106,-12,63
22,276,174,174,0,111,-63,63
132,267,118,148,30,85,-33,63
122,385,247,254,7,191,-56,63
148,250,89,133,44,70,-19,63
317,294,181,199,18,136,-45,63
318,295,180,217,37,154,-26,63
523,263,66,84,18,21,-45,63
85,240,95,129,34,66,-29,63
344,510,251,254,3,191,-60,63
43,228,207,234,27,171,-36,63
481,295,21,84,63,21,0,63
356,513,255,255,0,192,-63,63
362,360,222,223,1,160,-62,63
410,282,68,106,38,43,-25,63
321,294,178,178,0,115,-63,63
41,363,231,251,20,188,-43,63
367,234,138,170,32,107,-31,63
530,283,21,84,63,21,0,63
47,274,50,84,34,21,-29,63
503,316,21,84,63,21,0,63
36,270,56,106,50,43,-13,63
504,315,21,84,63,21,0,63
36,255,146,161,15,98,-48,63
312,366,59,84,25,21,-38,63
325,308,22,66,44,3,-19,63
380,309,84,84,0,21,-63,63
379,309,72,84,12,21,-51,63
505,329,220,221,1,158,-62,63
47,369,241,252,11,189,-52,63
78,216,152,169,17,106,-46,63
161,226,112,156,44,93,-19,63
197,232,225,252,27,189,-36,63
325,127,249,254,5,191,-58,63
42,240,173,192,19,129,-44,63
550,276,21,84,63,21,0,63
166,225,163,187,24,124,-39,63
162,221,141,173,32,110,-31,63
150,329,21,84,63,21,0,63
214,285,163,188,25,125,-38,63
27,284,68,122,54,59,-9,63
65,218,182,182,0,119,-63,63
353,255,165,198,33,135,-30,63
519,300,21,84,63,21,0,63
339,94,93,156,63,93,0,63
49,234,135,153,18,90,-45,63
509,310,28,84,56,21,-7,63
166,213,244,254,10,191,-53,63
133,218,59,106,47,43,-16,63
217,282,101,141,40,78,-23,63
217,309,64,84,20,21,-43,63
381,309,50,84,34,21,-29,63
154,386,61,122,61,59,-2,63
155,227,116,148,32,85,-31,63
267,228,253,253,0,190,-63,63
37,274,68,124,56,61,-7,63
320,294,141,178,37,115,-26,63
351,251,211,227,16,164,-47,63
149,386,64,116,52,53,-11,63
445,65,254,254,0,191,-63,63
39,254,151,162,11,99,-52,63
252,359,248,253,5,190,-58,63
322,227,56,102,46,39,-17,63
141,225,96,127,31,64,-32,63
268,361,135,168,33,105,-30,63
542,272,139,168,29,105,-34,63
542,273,166,192,26,129,-37,63
137,224,78,119,41,56,-22,63
70,215,106,169,63,106,0,63
365,233,123,156,33,93,-30,63
365,234,151,179,28,116,-35,63
221,300,144,159,15,96,-48,63
34,265,92,129,37,66,-26,63
451,243,89,109,20,46,-43,63
172,384,248,253,5,190,-58,63
461,288,21,84,63,21,0,63
34,262,134,156,22,93,-41,63
273,242,252,252,0,189,-63,63
360,77,247,254,7,191,-56,63
332,468,39,84,45,21,-18,63
266,240,218,245,27,182,-36,63
145,215,182,223,41,160,-22,63
191,367,66,124,58,61,-5,63
524,295,21,84,63,21,0,63
55,259,34,84,50,21,-13,63
434,323,207,215,8,152,-55,63
132,328,85,119,34,56,-29,63
59,224,109,150,41,87,-22,63
140,225,101,127,26,64,-37,63
149,337,76,102,26,39,-37,63
510,259,80,106,26,43,-37,63
29,245,235,251,16,188,-47,63
346,322,92,127,35,64,-28,63
133,323,61,106,45,43,-18,63
32,265,149,168,19,105,-44,63
355,317,129,158,29,95,-34,63
325,185,64,84,20,21,-43,63
342,80,253,254,1,191,-62,63
56,229,95,127,32,64,-31,63
513,306,28,84,56,21,-7,63
521,262,59,84,25,21,-38,63
12,284,252,252,0,189,-63,63
468,322,66,109,43,46,-20,63
212,304,170,190,20,127,-43,63
322,299,156,170,14,107,-49,63
532,287,21,84,63,21,0,63
152,321,190,206,16,143,-47,63
482,534,255,255,0,192,-63,63
71,211,167,214,47,151,-16,63
71,215,160,169,9,106,-54,63
475,65,19,82,63,19,0,63
40,254,115,162,47,99,-16,63
17,270,252,253,1,190,-62,63
148,386,61,116,55,53,-8,63
149,220,153,164,11,101,-52,63
329,123,95,158,63,95,0,63
184,368,56,116,60,53,-3,63
210,235,158,207,49,144,-14,63
352,231,118,155,37,92,-26,63
192,294,103,133,30,70,-33,63
471,62,249,252,3,189,-60,63
38,275,114,131,17,68,-46,63
349,323,153,183,30,120,-33,63
11,290,253,253,0,190,-63,63
541,277,34,84,50,21,-13,63
16,329,248,252,4,189,-59,63
72,210,172,230,58,167,-5,63
399,294,28,90,62,28,0,62
192,288,39,101,62,39,0,62
192,284,116,144,28,82,-34,62
192,282,137,173,36,111,-26,62
327,183,78,90,12,28,-50,62
319,145,249,253,4,191,-58,62
147,317,43,105,62,43,0,62
142,225,92,126,34,64,-28,62
210,233,235,253,18,191,-44,62
151,336,76,112,36,50,-26,62
221,297,138,157,19,95,-43,62
567,537,15,75,60,13,-2,62
212,303,182,195,13,133,-49,62
88,238,122,147,25,85,-37,62
152,227,117,144,27,82,-35,62
498,332,222,222,0,160,-62,62
366,234,144,174,30,112,-32,62
500,314,28,90,62,28,0,62
60,214,237,250,13,188,-49,62
61,214,233,250,17,188,-45,62
144,221,59,118,59,56,-3,62
69,216,164,168,4,106,-58,62
326,183,68,90,22,28,-40,62
152,280,96,146,50,84,-12,62
144,218,202,231,29,169,-33,62
359,513,253,254,1,192,-61,62
365,313,95,123,28,61,-34,62
214,295,133,178,45,116,-17,62
221,321,84,105,21,43,-41,62
153,227,117,144,27,82,-35,62
500,536,243,253,10,191,-52,62
382,308,53,90,37,28,-25,62
153,278,117,140,23,78,-39,62
267,241,182,232,50,170,-12,62
154,222,142,157,15,95,-47,62
153,321,167,206,39,144,-23,62
320,230,217,226,9,164,-53,62
136,285,132,158,26,96,-36,62
304,365,64,96,32,34,-30,62
137,378,74,90,16,28,-46,62
151,227,118,144,26,82,-36,62
415,321,215,222,7,160,-55,62
473,249,116,142,26,80,-36,62
150,315,85,118,33,56,-29,62
150,314,68,118,50,56,-12,62
138,257,92,118,26,56,-36,62
155,327,133,147,14,85,-48,62
420,237,74,90,16,28,-46,62
159,210,248,253,5,191,-57,62
336,280,122,154,32,92,-30,62
479,251,122,152,30,90,-32,62
348,261,127,160,33,98,-29,62
378,515,248,254,6,192,-56,62
299,277,160,222,62,160,0,62
57,216,217,248,31,186,-31,62
226,237,253,254,1,192,-61,62
53,230,61,96,35,34,-27,62
168,216,164,222,58,160,-4,62
236,353,124,134,10,72,-52,62
236,241,219,245,26,183,-36,62
172,215,250,252,2,190,-60,62
150,227,119,144,25,82,-37,62
28,285,105,123,18,61,-44,62
28,284,109,123,14,61,-48,62
176,368,117,140,23,78,-39,62
177,217,229,252,23,190,-39,62
175,369,95,132,37,70,-25,62
234,241,219,246,27,184,-35,62
237,353,95,134,39,72,-23,62
237,352,125,134,9,72,-53,62
56,220,188,212,24,150,-38,62
511,304,59,90,31,28,-31,62
510,304,28,90,62,28,0,62
28,287,82,123,41,61,-21,62
28,286,116,123,7,61,-55,62
353,231,118,154,36,92,-26,62
325,183,39,90,51,28,-11,62
293,265,244,246,2,184,-60,62
219,300,56,101,45,39,-17,62
354,231,116,154,38,92,-24,62
134,284,165,180,15,118,-47,62
512,305,84,90,6,28,-56,62
512,304,87,90,3,28,-59,62
33,266,105,149,44,87,-18,62
341,357,198,213,15,151,-47,62
70,220,66,112,46,50,-16,62
342,230,89,132,43,70,-19,62
292,206,251,253,2,191,-60,62
86,239,98,134,36,72,-26,62
328,461,28,90,62,28,0,62
40,252,135,173,38,111,-24,62
143,266,122,134,12,72,-50,62
560,539,254,254,0,192,-62,62
185,366,144,147,3,85,-59,62
346,324,133,167,34,105,-28,62
346,302,78,90,12,28,-50,62
346,264,130,163,33,101,-29,62
131,273,167,188,21,126,-41,62
54,230,56,96,40,34,-22,62
133,249,128,158,30,96,-32,62
188,374,56,118,62,56,0,62
517,298,61,90,29,28,-33,62
517,261,70,90,20,28,-42,62
516,298,28,90,62,28,0,62
139,225,107,128,21,66,-41,62
326,364,93,112,19,50,-43,62
139,266,72,105,33,43,-29,62
345,324,122,155,33,93,-29,62
31,243,209,249,40,187,-22,62
455,317,43,90,47,28,-15,62
343,324,95,128,33,66,-29,62
190,291,135,147,12,85,-50,62
72,220,99,132,33,70,-29,62
447,276,205,207,2,145,-60,62
344,79,254,254,0,192,-62,62
343,502,43,90,47,28,-15,62
343,501,28,90,62,28,0,62
193,288,43,101,58,39,-4,62
192,305,56,90,34,28,-28,62
55,230,72,96,24,34,-38,62
29,287,103,123,20,61,-42,62
25,296,103,118,15,56,-47,62
132,224,101,128,27,66,-35,62
344,330,161,208,47,146,-15,62
317,445,252,255,3,193,-59,62
318,154,105,167,62,105,0,62
215,300,115,151,36,89,-26,62
358,513,252,254,2,192,-60,62
358,317,173,196,23,134,-39,62
400,293,28,90,62,28,0,62
481,322,61,95,34,34,-27,61
24,280,116,139,23,78,-38,61
216,280,148,168,20,107,-41,61
352,255,140,179,39,118,-22,61
352,257,143,179,36,118,-25,61
352,259,175,195,20,134,-41,61
215,299,116,151,35,90,-26,61
241,348,112,127,15,66,-46,61
241,349,90,127,37,66,-24,61
535,55,0,61,61,0,0,61
215,301,107,148,41,87,-20,61
351,307,59,61,2,0,-59,61
352,80,46,61,15,0,-46,61
364,234,156,184,28,123,-33,61
364,312,80,95,15,34,-46,61
448,279,0,61,61,0,0,61
353,80,46,61,15,0,-46,61
215,282,159,180,21,119,-40,61
351,305,21,61,40,0,-21,61
351,306,39,61,22,0,-39,61
26,280,122,139,17,78,-44,61
257,241,193,231,38,170,-23,61
533,286,21,82,61,21,0,61
213,305,127,170,43,109,-18,61
214,288,138,175,37,114,-24,61
366,233,116,151,35,90,-26,61
350,260,150,180,30,119,-31,61
533,532,21,82,61,21,0,61
322,288,43,61,18,0,-43,61
324,139,98,159,61,98,0,61
83,242,74,107,33,46,-28,61
83,245,99,129,30,68,-31,61
324,287,43,61,18,0,-43,61
324,288,43,61,18,0,-43,61
324,289,39,61,22,0,-39,61
483,322,59,89,30,28,-31,61
322,287,43,61,18,0,-43,61
349,260,133,164,31,103,-30,61
349,262,160,188,28,127,-33,61
349,307,28,61,33,0,-28,61
198,232,229,252,23,191,-38,61
348,324,164,188,24,127,-37,61
348,263,156,184,28,123,-33,61
272,229,59,82,23,21,-38,61
118,213,39,95,56,34,-5,61
235,354,123,135,12,74,-49,61
235,355,87,135,48,74,-13,61
236,354,93,133,40,72,-21,61
528,312,21,82,61,21,0,61
273,229,50,82,32,21,-29,61
144,257,102,150,48,89,-13,61
82,381,43,61,18,0,-43,61
438,238,21,61,40,0,-21,61
347,306,21,61,40,0,-21,61
347,321,85,120,35,59,-26,61
131,223,72,107,35,46,-26,61
275,232,245,249,4,188,-57,61
437,313,39,95,56,34,-5,61
437,314,68,95,27,34,-34,61
346,265,144,175,31,114,-30,61
235,241,219,245,26,184,-35,61
217,304,70,89,19,28,-42,61
217,305,70,89,19,28,-42,61
217,306,68,89,21,28,-40,61
217,307,68,89,21,28,-40,61
217,325,61,89,28,28,-33,61
526,264,64,82,18,21,-43,61
346,89,72,95,23,34,-38,61
345,323,105,133,28,72,-33,61
12,308,251,253,2,192,-59,61
131,321,150,167,17,106,-44,61
192,302,106,137,31,76,-30,61
192,303,92,120,28,59,-33,61
345,253,245,247,2,186,-59,61
280,251,160,217,57,156,-4,61
455,244,93,114,21,53,-40,61
344,355,220,226,6,165,-55,61
522,263,72,89,17,28,-44,61
344,326,147,172,25,111,-36,61
344,323,93,122,29,61,-32,61
145,253,78,125,47,64,-14,61
354,80,50,61,11,0,-50,61
54,217,221,248,27,187,-34,61
520,299,21,82,61,21,0,61
285,380,253,253,0,192,-61,61
190,303,122,151,29,90,-32,61
190,304,109,139,30,78,-31,61
286,255,245,249,4,188,-57,61
343,268,131,160,29,99,-32,61
287,212,251,253,2,192,-59,61
433,237,0,61,61,0,0,61
343,230,89,131,42,70,-19,61
517,322,0,61,61,0,0,61
133,224,99,127,28,66,-33,61
516,322,28,61,33,0,-28,61
457,344,219,219,0,158,-61,61
324,366,21,61,40,0,-21,61
540,531,0,61,61,0,0,61
230,355,90,139,49,78,-12,61
432,352,21,82,61,21,0,61
342,288,28,61,33,0,-28,61
76,213,137,188,51,127,-10,61
133,269,82,117,35,56,-26,61
433,317,21,61,40,0,-21,61
433,318,21,61,40,0,-21,61
433,319,46,61,15,0,-46,61
515,320,21,61,40,0,-21,61
515,321,39,61,22,0,-39,61
374,235,130,160,30,99,-31,61
431,319,34,61,27,0,-34,61
218,282,78,107,29,46,-32,61
70,219,66,125,59,64,-2,61
363,232,110,143,33,82,-28,61
355,80,50,61,11,0,-50,61
25,280,124,139,15,78,-46,61
50,224,150,198,48,137,-13,61
291,225,61,61,0,0,-61,61
514,305,28,82,54,21,-7,61
430,238,70,89,19,28,-42,61
21,268,163,205,42,144,-19,61
21,271,111,159,48,98,-13,61
292,225,61,61,0,0,-61,61
33,288,95,125,30,64,-31,61
134,224,99,125,26,64,-35,61
134,244,156,170,14,109,-47,61
548,270,0,61,61,0,0,61
293,225,59,61,2,0,-59,61
14,289,53,111,58,50,-3,61
355,513,255,255,0,194,-61,61
179,377,107,107,0,46,-61,61
180,377,103,107,4,46,-57,61
145,257,139,156,17,95,-44,61
56,262,46,82,36,21,-25,61
294,270,164,225,61,164,0,61
34,263,125,139,14,78,-47,61
341,91,56,95,39,34,-22,61
134,313,129,153,24,92,-37,61
377,290,39,82,43,21,-18,61
175,216,247,253,6,192,-55,61
486,253,123,151,28,90,-33,61
320,452,254,255,1,194,-60,61
49,240,96,133,37,72,-24,61
426,236,0,61,61,0,0,61
339,232,184,204,20,143,-41,61
49,239,99,133,34,72,-27,61
227,357,85,141,56,80,-5,61
508,309,84,89,5,28,-56,61
508,311,28,82,54,21,-7,61
507,307,28,89,61,28,0,61
507,308,59,89,30,28,-31,61
507,309,85,89,4,28,-57,61
507,310,82,89,7,28,-54,61
92,383,34,82,48,21,-13,61
506,309,59,89,30,28,-31,61
57,227,89,125,36,64,-25,61
551,537,250,254,4,193,-57,61
159,227,137,167,30,106,-31,61
505,309,28,89,61,28,0,61
301,229,232,234,2,173,-59,61
391,513,0,61,61,0,0,61
135,378,89,89,0,28,-61,61
466,247,112,137,25,76,-36,61
336,101,99,143,44,82,-17,61
158,227,133,160,27,99,-34,61
156,266,146,157,11,96,-50,61
136,243,109,157,48,96,-13,61
335,366,0,61,61,0,0,61
502,314,93,95,2,34,-59,61
47,270,61,89,28,28,-33,61
90,235,101,135,34,74,-27,61
381,285,28,61,33,0,-28,61
381,305,21,61,40,0,-21,61
304,284,152,209,57,148,-4,61
381,357,228,228,0,167,-61,61
154,281,151,186,35,125,-26,61
154,282,164,186,22,125,-39,61
356,80,50,61,11,0,-50,61
554,279,28,61,33,0,-28,61
89,236,105,137,32,76,-29,61
136,378,84,89,5,28,-56,61
382,309,28,82,54,21,-7,61
500,331,225,225,0,164,-61,61
326,133,111,157,46,96,-15,61
152,336,85,114,29,53,-32,61
333,231,206,220,14,159,-47,61
152,278,78,127,49,66,-12,61
308,319,239,244,5,183,-56,61
152,266,53,82,29,21,-32,61
499,335,28,61,33,0,-28,61
46,227,168,199,31,138,-30,61
311,314,243,247,4,186,-57,61
151,339,92,114,22,53,-39,61
384,360,28,61,33,0,-28,61
498,55,248,253,5,192,-56,61
221,298,139,156,17,95,-44,61
151,263,21,82,61,21,0,61
151,265,21,61,40,0,-21,61
151,266,21,61,40,0,-21,61
146,339,76,89,13,28,-48,61
313,158,248,253,5,192,-56,61
414,515,0,61,61,0,0,61
415,236,68,82,14,21,-47,61
151,262,61,82,21,21,-40,61
137,386,254,254,0,193,-61,61
331,272,34,61,27,0,-34,61
137,384,253,254,1,193,-60,61
137,385,254,254,0,193,-61,61
385,307,21,82,61,21,0,61
313,306,143,197,54,136,-7,61
443,321,70,107,37,46,-24,61
330,120,95,151,56,90,-5,61
330,193,28,61,33,0,-28,61
150,268,59,89,30,28,-31,61
150,269,74,89,15,28,-46,61
150,270,46,89,43,28,-18,61
82,250,110,135,25,74,-36,61
147,267,50,61,11,0,-50,61
147,268,56,61,5,0,-56,61
147,269,0,61,61,0,0,61
64,214,181,226,45,165,-16,61
149,267,28,61,33,0,-28,61
149,320,68,125,57,64,-4,61
17,335,251,252,1,191,-60,61
474,296,21,82,61,21,0,61
410,514,21,61,40,0,-21,61
143,265,125,139,14,78,-47,61
319,230,220,228,8,167,-53,61
387,513,0,61,61,0,0,61
317,149,253,254,1,193,-60,61
407,517,253,253,0,192,-61,61
148,268,61,61,0,0,-61,61
148,269,43,61,18,0,-43,61
491,254,110,137,27,76,-34,61
318,292,156,167,11,106,-50,61
44,242,87,141,54,80,-7,61
410,235,43,82,39,21,-22,61
389,359,21,82,61,21,0,61
148,226,96,131,35,70,-26,61
318,438,28,82,54,21,-7,61
319,152,99,160,61,99,0,61
81,381,43,61,18,0,-43,61
147,319,112,120,8,59,-53,61
143,269,95,125,30,64,-31,61
143,261,122,151,29,90,-32,61
83,246,109,134,25,74,-35,60
221,301,143,159,16,99,-44,60
323,227,56,99,43,39,-17,60
322,300,156,170,14,110,-46,60
203,234,170,212,42,152,-18,60
492,334,227,230,3,170,-57,60
347,265,163,190,27,130,-33,60
527,53,253,254,1,194,-59,60
144,252,119,138,19,78,-41,60
401,278,236,236,0,176,-60,60
131,224,103,130,27,70,-33,60
149,316,85,110,25,50,-35,60
149,315,59,110,51,50,-9,60
196,233,189,225,36,165,-24,60
27,282,125,128,3,68,-57,60
277,245,250,252,2,192,-58,60
131,327,119,145,26,85,-34,60
345,349,219,220,1,160,-59,60
452,527,252,253,1,193,-59,60
346,325,155,182,27,122,-33,60
175,383,252,253,1,193,-59,60
135,312,120,150,30,90,-30,60
78,221,92,116,24,56,-36,60
20,265,232,252,20,192,-40,60
161,213,167,221,54,161,-6,60
70,216,151,166,15,106,-45,60
315,161,111,152,41,92,-19,60
327,364,112,128,16,68,-44,60
193,303,76,106,30,46,-30,60
495,255,102,128,26,68,-34,60
131,274,170,189,19,129,-41,60
23,258,242,252,10,192,-50,60
39,241,178,200,22,140,-38,60
345,325,142,170,28,110,-32,60
130,224,107,132,25,72,-35,60
279,250,161,217,56,157,-4,60
55,223,177,188,11,128,-49,60
36,271,56,106,50,46,-10,60
84,243,107,134,27,74,-33,60
174,369,98,132,34,72,-26,60
173,369,101,132,31,72,-29,60
379,318,176,202,26,142,-34,60
421,351,222,227,5,167,-55,60
53,217,239,250,11,190,-49,60
228,238,252,254,2,194,-58,60
139,267,72,103,31,43,-29,60
27,255,120,175,55,115,-5,60
22,273,148,158,10,98,-50,60
30,280,103,134,31,74,-29,60
30,279,119,134,15,74,-45,60
138,225,111,128,17,68,-43,60
68,210,219,252,33,192,-27,60
335,278,90,116,26,56,-34,60
510,327,222,222,0,162,-60,60
91,235,118,144,26,84,-34,60
150,338,102,110,8,50,-52,60
44,244,96,136,40,76,-20,60
210,363,92,149,57,89,-3,60
46,234,159,197,38,137,-22,60
151,280,116,144,28,84,-32,60
331,475,252,254,2,194,-58,60
350,323,165,192,27,132,-33,60
350,320,98,132,34,72,-26,60
350,259,133,167,34,107,-26,60
44,245,105,136,31,76,-29,60
351,260,167,193,26,133,-34,60
113,386,250,255,5,195,-55,60
33,298,82,124,42,64,-18,60
42,241,161,189,28,129,-32,60
356,348,225,227,2,167,-58,60
356,315,98,134,36,74,-24,60
344,267,138,167,29,107,-31,60
344,266,125,155,30,95,-30,60
30,281,101,134,33,74,-27,60
191,303,105,136,31,76,-29,60
189,320,110,138,28,78,-32,60
38,259,142,142,0,82,-60,60
38,241,153,200,47,140,-13,60
285,257,170,225,55,165,-5,60
26,282,74,128,54,68,-6,60
129,213,248,253,5,193,-55,60
213,296,178,193,15,133,-45,60
85,242,123,144,21,84,-39,60
189,221,236,253,17,193,-43,60
133,251,118,145,27,85,-33,60
343,267,119,150,31,90,-29,60
292,229,238,243,5,183,-55,60
21,273,101,158,57,98,-3,60
37,243,167,193,26,133,-34,60
63,214,206,241,35,181,-25,60
408,70,254,254,0,194,-60,60
477,533,253,253,0,193,-60,60
190,221,251,253,2,193,-58,60
76,210,131,186,55,126,-5,60
152,329,98,106,8,46,-52,60
152,315,117,138,21,78,-39,60
152,314,138,138,0,78,-60,60
82,251,116,138,22,78,-38,60
82,249,103,130,27,70,-33,60
287,260,170,226,56,166,-4,60
67,210,229,252,23,192,-37,60
89,237,123,147,24,87,-36,60
153,314,110,138,28,78,-32,60
133,282,165,184,19,124,-41,60
289,349,197,197,0,137,-60,60
307,230,231,242,11,182,-49,60
308,230,224,242,18,182,-42,60
353,258,179,203,24,143,-36,60
353,257,165,195,30,135,-30,60
363,316,186,208,22,148,-38,60
37,260,98,142,44,82,-16,60
37,259,90,142,52,82,-8,60
33,297,64,124,60,64,0,60
65,211,250,252,2,192,-58,60
502,257,90,119,29,59,-31,60
65,213,203,238,35,178,-25,60
375,235,124,155,31,95,-29,60
181,376,103,106,3,46,-57,60
33,257,168,195,27,135,-33,60
391,319,215,216,1,156,-59,60
153,315,78,138,60,78,0,60
32,276,118,128,10,68,-50,60
32,297,115,124,9,64,-51,60
479,325,192,211,19,151,-41,60
146,273,110,110,0,50,-60,60
146,219,165,178,13,118,-47,60
128,216,59,99,40,39,-20,60
353,320,127,156,29,96,-31,60
188,221,232,253,21,193,-39,60
319,288,102,124,22,64,-38,60
32,298,124,124,0,64,-60,60
306,230,237,242,5,182,-55,60
15,274,247,254,7,194,-53,60
221,319,85,103,18,43,-42,60
221,318,90,106,16,46,-44,60
221,317,93,110,17,50,-43,60
52,227,152,174,22,114,-38,60
62,214,226,248,22,188,-38,60
195,295,114,144,30,84,-30,60
86,240,115,142,27,82,-33,60
20,279,64,106,42,46,-18,60
19,570,65,121,56,61,-4,60
19,575,65,121,56,61,-4,60
165,227,174,193,19,133,-41,60
462,246,107,132,25,72,-35,60
66,210,251,252,1,192,-59,60
220,327,106,126,20,66,-40,60
551,276,21,80,59,21,0,59
483,337,221,224,3,165,-56,59
322,301,148,164,16,105,-43,59
17,317,59,59,0,0,-59,59
558,535,0,59,59,0,0,59
329,190,0,59,59,0,0,59
316,285,249,249,0,190,-59,59
11,298,253,253,0,194,-59,59
6,557,65,120,55,61,-4,59
411,235,39,80,41,21,-18,59
411,236,78,93,15,34,-44,59
149,227,123,144,21,85,-38,59
559,276,21,59,38,0,-21,59
17,315,53,59,6,0,-53,59
17,316,59,59,0,0,-59,59
135,314,92,129,37,70,-22,59
135,315,76,118,42,59,-17,59
357,80,43,59,16,0,-43,59
146,331,0,59,59,0,0,59
37,276,76,115,39,56,-20,59
47,228,180,215,35,156,-24,59
514,277,21,80,59,21,0,59
514,258,0,59,59,0,0,59
154,227,114,144,30,85,-29,59
89,386,254,255,1,196,-58,59
15,286,50,98,48,39,-11,59
352,306,0,59,59,0,0,59
352,307,21,59,38,0,-21,59
289,259,247,249,2,190,-57,59
127,381,64,87,23,28,-36,59
14,290,50,109,59,50,0,59
14,301,28,80,52,21,-7,59
479,322,64,98,34,39,-25,59
478,325,194,211,17,152,-42,59
406,235,68,87,19,28,-40,59
14,561,61,120,59,61,0,59
33,289,111,125,14,66,-45,59
37,241,188,199,11,140,-48,59
155,224,82,131,49,72,-10,59
447,242,89,102,13,43,-46,59
307,284,238,243,5,184,-54,59
133,314,144,165,21,106,-38,59
554,286,21,59,38,0,-21,59
188,319,99,131,32,72,-27,59
546,288,21,80,59,21,0,59
32,242,203,246,43,187,-16,59
215,298,116,151,35,92,-24,59
407,235,61,87,26,28,-33,59
390,513,0,59,59,0,0,59
152,317,76,125,49,66,-10,59
469,322,66,105,39,46,-20,59
432,319,39,59,20,0,-39,59
15,562,61,120,59,61,0,59
16,307,56,59,3,0,-56,59
404,354,220,223,3,164,-56,59
405,234,39,80,41,21,-18,59
381,283,21,80,59,21,0,59
420,318,0,59,59,0,0,59
304,326,234,235,1,176,-58,59
502,317,21,80,59,21,0,59
376,235,120,151,31,92,-28,59
341,298,28,59,31,0,-28,59
325,136,105,158,53,99,-6,59
41,273,72,109,37,50,-22,59
217,303,72,87,15,28,-44,59
217,310,61,80,19,21,-40,59
513,305,53,87,34,28,-25,59
129,223,78,109,31,50,-28,59
448,240,0,59,59,0,0,59
152,277,92,125,33,66,-26,59
469,531,247,252,5,193,-54,59
517,297,28,87,59,28,0,59
372,317,192,210,18,151,-41,59
373,235,135,164,29,105,-30,59
327,184,43,80,37,21,-22,59
327,185,21,59,38,0,-21,59
214,284,171,190,19,131,-40,59
190,287,133,149,16,90,-43,59
190,288,130,144,14,85,-45,59
190,292,134,154,20,95,-39,59
519,260,21,59,38,0,-21,59
133,246,160,177,17,118,-42,59
284,365,103,125,22,66,-37,59
191,307,56,80,24,21,-35,59
504,54,254,254,0,195,-59,59
504,255,21,59,38,0,-21,59
427,350,229,232,3,173,-56,59
178,378,80,125,45,66,-14,59
294,225,59,59,0,0,-59,59
126,381,68,87,19,28,-40,59
484,321,28,59,31,0,-28,59
512,302,28,87,59,28,0,59
512,303,59,87,28,28,-31,59
513,304,82,87,5,28,-54,59
403,317,0,59,59,0,0,59
354,316,95,129,34,70,-25,59
318,305,248,249,1,190,-58,59
260,241,190,223,33,164,-26,59
470,322,66,105,39,46,-20,59
372,234,117,148,31,89,-28,59
55,260,56,87,31,28,-28,59
55,261,70,87,17,28,-42,59
55,262,78,87,9,28,-50,59
522,323,34,59,25,0,-34,59
522,261,21,59,38,0,-21,59
522,312,21,59,38,0,-21,59
257,359,251,251,0,192,-59,59
213,287,175,197,22,138,-37,59
151,279,84,125,41,66,-18,59
344,268,150,178,28,119,-31,59
344,294,28,87,59,28,0,59
497,279,46,59,13,0,-46,59
416,236,66,80,14,21,-45,59
209,366,251,254,3,195,-56,59
54,258,56,80,24,21,-35,59
150,386,61,115,54,56,-5,59
57,253,66,87,21,28,-38,59
420,517,21,59,38,0,-21,59
302,366,34,80,46,21,-13,59
296,225,56,59,3,0,-56,59
34,259,164,173,9,114,-50,59
511,257,0,59,59,0,0,59
34,264,98,129,31,70,-28,59
295,225,59,59,0,0,-59,59
232,354,99,143,44,84,-15,59
363,234,163,189,26,130,-33,59
363,311,56,80,24,21,-35,59
335,362,182,204,22,145,-37,59
466,527,21,80,59,21,0,59
330,464,50,80,30,21,-29,59
345,265,128,158,30,99,-29,59
138,224,72,115,43,56,-16,59
58,264,28,59,31,0,-28,59
472,322,66,102,36,43,-23,59
449,279,0,59,59,0,0,59
532,266,59,80,21,21,-38,59
533,265,21,59,38,0,-21,59
139,269,64,98,34,39,-25,59
540,267,0,59,59,0,0,59
159,226,109,144,35,85,-24,59
48,228,203,215,12,156,-47,59
465,244,21,59,38,0,-21,59
485,321,28,59,31,0,-28,59
511,303,28,87,59,28,0,59
375,361,21,59,38,0,-21,59
57,252,53,87,34,28,-25,59
148,260,46,59,13,0,-46,59
525,262,0,59,59,0,0,59
435,315,39,87,48,28,-11,59
435,316,56,87,31,28,-28,59
495,321,39,59,20,0,-39,59
138,264,50,93,43,34,-16,59
150,316,110,118,8,59,-51,59
318,288,68,127,59,68,0,59
268,242,171,217,46,158,-13,59
349,303,28,80,52,21,-7,59
349,304,50,80,30,21,-29,59
349,305,70,80,10,21,-49,59
414,73,27,61,34,2,-25,59
414,239,127,157,30,98,-29,59
87,238,102,135,33,76,-26,59
87,239,120,144,24,85,-35,59
473,322,64,102,38,43,-21,59
87,212,53,102,49,43,-10,59
280,226,72,80,8,21,-51,59
388,513,0,59,59,0,0,59
439,240,85,93,8,34,-51,59
560,276,34,59,25,0,-34,59
560,277,53,80,27,21,-32,59
560,278,46,80,34,21,-25,59
328,184,59,80,21,21,-38,59
150,279,106,125,19,66,-40,59
494,321,21,59,38,0,-21,59
22,270,159,170,11,111,-48,59
345,322,82,115,33,56,-26,59
40,274,109,131,22,72,-37,59
203,364,109,160,51,101,-8,59
130,223,74,109,35,50,-24,59
148,340,43,87,44,28,-15,59
412,239,135,164,29,105,-30,59
494,56,248,253,5,194,-54,59
494,255,110,135,25,76,-34,59
493,255,117,144,27,85,-32,59
221,320,82,102,20,43,-39,59
221,322,89,105,16,46,-43,59
377,314,0,59,59,0,0,59
298,202,101,148,47,89,-12,59
135,313,106,139,33,80,-26,59
427,236,0,59,59,0,0,59
91,234,98,129,31,70,-28,59
83,381,43,59,16,0,-43,59
480,322,64,98,34,39,-25,59
480,530,21,59,38,0,-21,59
493,321,21,59,38,0,-21,59
131,269,151,176,25,117,-34,59
346,303,43,87,44,28,-15,59
387,76,253,254,1,195,-58,59
493,337,21,80,59,21,0,59
368,234,134,164,30,105,-29,59
347,303,85,87,2,28,-57,59
348,305,61,80,19,21,-40,59
348,307,0,59,59,0,0,59
530,264,21,59,38,0,-21,59
195,372,253,254,1,195,-58,59
347,305,21,80,59,21,0,59
558,276,0,59,59,0,0,59
411,518,253,253,0,194,-59,59
492,321,21,59,38,0,-21,59
544,532,21,59,38,0,-21,59
297,365,98,115,17,56,-42,59
144,226,117,133,16,74,-43,59
324,290,28,59,31,0,-28,59
538,277,59,102,43,43,-16,59
274,367,21,59,38,0,-21,59
274,229,43,80,37,21,-22,59
452,241,0,59,59,0,0,59
276,227,74,93,19,34,-40,59
276,358,142,148,6,89,-53,59
369,234,130,160,30,101,-29,59
482,252,125,154,29,95,-30,59
482,294,21,80,59,21,0,59
378,290,66,87,21,28,-38,59
378,291,82,87,5,28,-54,59
539,301,21,80,59,21,0,59
443,239,21,59,38,0,-21,59
2,557,65,120,55,61,-4,59
83,243,82,115,33,56,-26,59
83,244,90,123,33,64,-26,59
396,281,39,80,41,21,-18,59
324,227,53,98,45,39,-14,59
483,293,21,80,59,21,0,59
483,321,34,59,25,0,-34,59
322,286,43,59,16,0,-43,59
506,258,85,111,26,53,-32,58
273,223,253,254,1,196,-57,58
347,325,167,191,24,133,-34,58
143,225,85,124,39,66,-19,58
149,226,90,128,38,70,-20,58
348,264,167,194,27,136,-31,58
42,364,238,253,15,195,-43,58
395,516,252,254,2,196,-56,58
167,224,170,196,26,138,-32,58
539,274,200,202,2,144,-56,58
482,322,59,92,33,34,-25,58
46,258,87,128,41,70,-17,58
58,216,209,244,35,186,-23,58
129,224,109,132,23,74,-35,58
32,279,115,132,17,74,-41,58
24,299,131,134,3,76,-55,58
126,212,249,255,6,197,-52,58
474,322,64,101,37,43,-21,58
541,271,119,147,28,89,-30,58
541,270,99,126,27,68,-31,58
82,252,120,142,22,84,-36,58
15,325,247,252,5,194,-53,58
342,324,74,111,37,53,-21,58
23,301,84,111,27,53,-31,58
131,268,148,175,27,117,-31,58
475,325,194,212,18,154,-40,58
475,322,64,101,37,43,-21,58
28,246,246,253,7,195,-51,58
148,342,68,92,24,34,-34,58
162,387,253,253,0,195,-58,58
339,282,196,210,14,152,-44,58
20,264,238,252,14,194,-44,58
447,526,247,253,6,195,-52,58
447,346,215,216,1,158,-57,58
189,305,112,138,26,80,-32,58
18,338,254,254,0,196,-58,58
233,354,111,143,32,85,-26,58
67,220,80,119,39,61,-19,58
153,282,152,183,31,125,-27,58
137,225,115,130,15,72,-43,58
31,279,107,132,25,74,-33,58
343,269,142,170,28,112,-30,58
190,320,101,130,29,72,-29,58
190,305,95,126,31,68,-27,58
132,330,80,114,34,56,-24,58
31,257,157,195,38,137,-20,58
26,281,87,128,41,70,-17,58
436,316,87,92,5,34,-53,58
436,315,68,92,24,34,-34,58
347,262,123,156,33,98,-25,58
110,383,50,92,42,34,-16,58
269,226,253,253,0,195,-58,58
194,281,185,195,10,137,-48,58
214,289,132,169,37,111,-21,58
16,272,247,252,5,194,-53,58
189,306,96,126,30,68,-28,58
556,48,255,255,0,197,-58,58
555,538,255,255,0,197,-58,58
193,304,59,92,33,34,-25,58
413,239,131,160,29,102,-29,58
339,352,212,212,0,154,-58,58
48,223,213,231,18,173,-40,58
476,250,120,145,25,87,-33,58
342,92,95,114,19,56,-39,58
234,242,184,222,38,164,-20,58
137,284,96,132,36,74,-22,58
519,262,72,92,20,34,-38,58
21,267,182,221,39,163,-19,58
234,355,125,143,18,85,-40,58
353,322,178,201,23,143,-35,58
217,328,102,126,24,68,-34,58
548,49,254,254,0,196,-58,58
513,260,80,101,21,43,-37,58
79,260,101,128,27,70,-31,58
446,276,207,209,2,151,-56,58
356,231,110,150,40,92,-18,58
219,328,102,126,24,68,-34,58
436,314,43,92,49,34,-9,58
346,266,158,186,28,128,-30,58
571,541,247,254,7,196,-51,58
83,211,87,126,39,68,-19,58
24,300,111,134,23,76,-35,58
79,259,96,126,30,68,-28,58
305,365,59,92,33,34,-25,58
44,246,109,134,25,76,-33,58
351,323,177,202,25,144,-33,58
132,317,146,163,17,105,-41,58
344,91,59,92,33,34,-25,58
30,292,89,117,28,59,-30,58
80,256,101,130,29,72,-29,58
80,255,92,124,32,66,-26,58
384,318,171,180,9,122,-49,58
318,282,248,250,2,192,-56,58
139,270,64,92,28,34,-30,58
435,239,74,92,18,34,-40,58
435,320,50,92,42,34,-16,58
303,189,107,159,52,101,-6,58
36,259,85,140,55,82,-3,58
380,318,171,199,28,141,-30,58
294,337,78,122,44,64,-14,58
253,359,249,252,3,194,-55,58
151,312,90,132,42,74,-16,58
498,256,98,126,28,68,-30,58
154,280,165,183,18,125,-40,58
73,208,240,252,12,194,-46,58
264,235,250,255,5,197,-53,58
350,261,164,191,27,133,-31,58
446,324,203,215,12,157,-46,58
72,208,242,252,10,194,-48,58
293,269,166,218,52,160,-6,58
354,513,254,255,1,197,-57,58
345,266,142,170,28,112,-30,58
313,294,190,206,16,148,-42,58
193,281,173,195,22,137,-36,58
414,277,231,232,1,174,-57,58
477,61,251,252,1,194,-57,58
476,325,194,212,18,154,-40,58
305,176,253,253,0,195,-58,58
519,536,243,253,10,195,-48,58
258,241,191,228,37,170,-21,58
258,240,225,249,24,191,-34,58
257,240,228,249,21,191,-37,58
472,249,120,148,28,90,-30,58
293,210,112,140,28,82,-30,58
231,355,105,140,35,82,-23,58
350,254,109,154,45,96,-13,58
350,251,203,222,19,164,-39,58
355,231,112,151,39,93,-19,58
75,212,174,184,10,126,-48,58
75,211,177,184,7,126,-51,58
132,279,173,186,13,128,-45,58
371,234,123,151,28,93,-30,58
150,340,53,92,39,34,-19,58
145,258,150,157,7,99,-51,58
84,244,115,140,25,82,-33,58
36,277,56,92,36,34,-22,58
155,328,119,143,24,85,-34,58
155,259,175,186,11,128,-47,58
199,232,232,252,20,194,-38,58
197,287,127,167,40,109,-18,58
148,341,59,92,33,34,-25,58
149,326,53,92,39,34,-19,58
221,316,98,114,16,56,-42,58
60,222,152,164,12,106,-46,58
152,282,167,183,16,125,-42,58
77,270,93,119,26,61,-32,58
20,272,109,156,47,98,-11,58
357,233,172,197,25,139,-33,58
443,241,89,96,7,39,-50,57
362,311,43,78,35,21,-22,57
362,234,168,194,26,137,-31,57
361,510,28,78,50,21,-7,57
425,322,213,217,4,160,-53,57
337,280,139,173,34,116,-23,57
133,268,85,118,33,61,-24,57
50,241,78,110,32,53,-25,57
458,291,21,78,57,21,0,57
342,268,112,142,30,85,-27,57
62,375,21,78,57,21,0,57
221,302,138,156,18,99,-39,57
358,314,85,123,38,66,-19,57
221,314,107,123,16,66,-41,57
338,281,173,196,23,139,-34,57
35,257,156,160,4,103,-53,57
508,310,53,85,32,28,-25,57
143,326,84,103,19,46,-38,57
407,238,126,155,29,98,-28,57
197,284,175,182,7,125,-50,57
268,359,70,116,46,59,-11,57
529,290,21,78,57,21,0,57
335,228,64,103,39,46,-18,57
403,234,53,85,32,28,-25,57
403,238,137,164,27,107,-30,57
331,466,43,78,35,21,-22,57
55,217,211,244,33,187,-24,57
497,320,43,78,35,21,-22,57
47,279,70,96,26,39,-31,57
47,280,85,96,11,39,-46,57
56,261,28,78,50,21,-7,57
179,220,162,198,36,141,-21,57
179,221,187,198,11,141,-46,57
318,147,250,254,4,197,-53,57
533,267,76,96,20,39,-37,57
525,264,68,85,17,28,-40,57
259,240,223,247,24,190,-33,57
212,305,160,184,24,127,-33,57
230,357,117,160,43,103,-14,57
471,322,66,103,37,46,-20,57
496,318,39,78,39,21,-18,57
496,319,50,78,28,21,-29,57
496,320,39,78,39,21,-18,57
54,257,43,78,35,21,-22,57
343,327,145,167,22,110,-35,57
334,487,252,254,2,197,-55,57
136,282,74,118,44,61,-13,57
90,236,120,144,24,87,-33,57
47,232,173,210,37,153,-20,57
491,60,18,72,54,15,-3,57
27,272,109,141,32,84,-25,57
39,240,200,210,10,153,-47,57
473,297,21,78,57,21,0,57
192,306,39,78,39,21,-18,57
192,281,160,194,34,137,-23,57
345,267,155,182,27,125,-30,57
401,320,215,223,8,166,-49,57
70,212,151,201,50,144,-7,57
145,320,68,110,42,53,-15,57
145,321,82,110,28,53,-29,57
353,364,21,78,57,21,0,57
33,287,74,116,42,59,-15,57
154,318,144,172,28,115,-29,57
154,324,159,187,28,130,-29,57
303,181,250,254,4,197,-53,57
27,285,61,116,55,59,-2,57
27,286,85,116,31,59,-26,57
531,288,21,78,57,21,0,57
23,263,161,207,46,150,-11,57
278,364,148,156,8,99,-49,57
132,223,70,103,33,46,-24,57
150,327,68,85,17,28,-40,57
409,238,120,150,30,93,-27,57
389,356,228,229,1,172,-56,57
415,239,124,153,29,96,-28,57
372,235,142,167,25,110,-32,57
305,324,234,234,0,177,-57,57
79,258,90,123,33,66,-24,57
222,363,249,254,5,197,-52,57
480,338,219,223,4,166,-53,57
452,348,21,78,57,21,0,57
474,62,249,252,3,195,-54,57
139,260,114,131,17,74,-40,57
389,279,237,238,1,181,-56,57
445,276,209,210,1,153,-56,57
484,322,59,85,26,28,-31,57
217,311,61,78,17,21,-40,57
404,238,134,162,28,105,-29,57
137,285,114,144,30,87,-27,57
334,363,191,197,6,140,-51,57
184,366,147,147,0,90,-57,57
302,191,105,162,57,105,0,57
57,228,70,103,33,46,-24,57
172,369,106,131,25,74,-32,57
125,381,74,85,11,28,-46,57
388,283,76,96,20,39,-37,57
388,284,50,96,46,39,-11,57
131,329,114,137,23,80,-34,57
345,303,28,78,50,21,-7,57
178,219,167,215,48,158,-9,57
377,235,116,146,30,89,-27,57
157,223,133,153,20,96,-37,57
32,287,103,116,13,59,-44,57
291,262,244,249,5,192,-52,57
32,357,248,252,4,195,-53,57
458,245,106,125,19,68,-38,57
50,240,72,110,38,53,-19,57
57,264,46,78,32,21,-25,57
310,292,149,206,57,149,0,57
44,227,197,234,37,177,-20,57
489,254,120,149,29,92,-28,57
408,235,53,85,32,28,-25,57
477,325,194,211,17,154,-40,57
367,233,112,144,32,87,-25,57
69,212,185,201,16,144,-41,57
69,213,171,195,24,138,-33,57
526,314,21,78,57,21,0,57
369,312,21,78,57,21,0,57
370,234,126,155,29,98,-28,57
131,328,115,141,26,84,-31,57
525,294,21,78,57,21,0,57
17,278,85,127,42,70,-15,57
317,156,111,164,53,107,-4,57
256,240,231,250,19,193,-38,57
191,281,154,194,40,137,-17,57
343,323,78,110,32,53,-25,57
372,313,39,78,39,21,-18,57
373,234,110,142,32,85,-25,57
133,250,123,149,26,92,-31,57
306,420,254,254,0,197,-57,57
326,184,28,78,50,21,-7,57
217,277,138,159,21,102,-36,57
46,270,89,110,21,53,-36,57
456,528,254,255,1,198,-56,57
287,256,249,249,0,192,-57,57
541,272,144,171,27,114,-30,57
541,273,168,196,28,139,-29,57
216,279,154,168,14,111,-43,57
418,236,53,78,25,21,-32,57
417,236,61,78,17,21,-40,57
301,276,241,247,6,190,-51,57
19,562,249,249,0,192,-57,57
161,221,155,173,18,116,-39,57
149,317,110,110,0,53,-57,57
410,236,80,96,16,39,-41,57
40,253,131,162,31,105,-26,57
149,334,56,78,22,21,-35,57
150,211,134,174,40,117,-17,57
188,320,120,144,24,87,-33,57
14,557,248,248,0,191,-57,57
241,350,68,123,55,66,-2,57
474,325,195,213,18,156,-39,57
412,235,34,78,44,21,-13,57
542,535,252,254,2,197,-55,57
388,282,53,96,43,39,-14,57
516,261,76,96,20,39,-37,57
187,223,187,219,32,162,-25,57
187,319,112,139,27,82,-30,57
38,240,170,210,40,153,-17,57
383,360,21,78,57,21,0,57
506,308,28,85,57,28,0,57
359,317,184,205,21,148,-36,57
143,325,74,103,29,46,-28,57
411,239,140,167,27,110,-30,57
143,259,106,149,43,92,-14,57
367,316,186,208,22,151,-35,57
298,272,243,246,3,189,-54,57
298,276,165,217,52,160,-5,57
28,283,122,125,3,68,-54,57
450,63,254,254,0,197,-57,57
43,239,157,175,18,118,-39,57
444,321,68,102,34,46,-22,56
53,278,43,56,13,0,-43,56
358,284,246,248,2,192,-54,56
299,225,56,56,0,0,-56,56
379,287,21,56,35,0,-21,56
77,282,107,132,25,76,-31,56
77,283,103,130,27,74,-29,56
11,299,249,253,4,197,-52,56
42,359,43,84,41,28,-15,56
395,298,28,84,56,28,0,56
83,247,116,140,24,84,-32,56
483,286,39,56,17,0,-39,56
221,315,102,117,15,61,-41,56
20,278,68,112,44,56,-12,56
135,285,151,171,20,115,-36,56
165,224,124,163,39,107,-17,56
77,268,82,109,27,53,-29,56
63,222,72,117,45,61,-11,56
500,278,0,56,56,0,0,56
152,312,93,136,43,80,-13,56
333,280,21,56,35,0,-21,56
342,269,124,151,27,95,-29,56
41,262,93,120,27,64,-29,56
41,263,80,120,40,64,-16,56
342,497,56,56,0,0,-56,56
456,320,28,56,28,0,-28,56
457,320,34,56,22,0,-34,56
32,264,168,168,0,112,-56,56
37,356,59,95,36,39,-20,56
15,299,80,90,10,34,-46,56
146,389,249,253,4,197,-52,56
326,189,78,90,12,34,-44,56
82,247,90,122,32,66,-24,56
82,248,96,126,30,70,-26,56
137,241,127,157,30,101,-26,56
515,319,0,56,56,0,0,56
133,324,56,95,39,39,-17,56
16,308,53,56,3,0,-53,56
16,309,50,56,6,0,-50,56
470,248,110,138,28,82,-28,56
383,516,252,254,2,198,-54,56
46,274,76,106,30,50,-26,56
133,253,99,132,33,76,-23,56
342,496,43,56,13,0,-43,56
153,304,109,138,29,82,-27,56
501,254,0,56,56,0,0,56
100,209,254,255,1,199,-55,56
418,355,28,56,28,0,-28,56
406,238,129,157,28,101,-28,56
488,254,131,155,24,99,-32,56
488,279,46,56,10,0,-46,56
320,142,252,253,1,197,-55,56
478,251,128,157,29,101,-27,56
309,230,220,240,20,184,-36,56
343,91,61,95,34,39,-22,56
189,304,126,151,25,95,-31,56
343,266,107,138,31,82,-25,56
489,279,56,56,0,0,-56,56
488,321,28,56,28,0,-28,56
132,329,84,115,31,59,-25,56
190,306,80,112,32,56,-24,56
234,244,156,180,24,124,-32,56
234,354,135,143,8,87,-48,56
334,277,68,90,22,34,-34,56
154,211,153,203,50,147,-6,56
342,91,61,95,34,39,-22,56
291,212,90,146,56,90,0,56
147,334,0,56,56,0,0,56
147,339,59,84,25,28,-31,56
556,276,21,56,35,0,-21,56
310,428,253,255,2,199,-54,56
332,273,50,56,6,0,-50,56
332,274,43,56,13,0,-43,56
332,275,34,56,22,0,-34,56
46,256,89,128,39,72,-17,56
38,272,119,126,7,70,-49,56
477,322,64,99,35,43,-21,56
305,364,85,109,24,53,-32,56
33,274,61,112,51,56,-5,56
217,323,61,84,23,28,-33,56
233,244,137,180,43,124,-13,56
217,283,95,130,35,74,-21,56
128,223,80,109,29,53,-27,56
217,301,74,90,16,34,-40,56
405,238,132,159,27,103,-29,56
404,234,46,84,38,28,-18,56
14,299,46,90,44,34,-12,56
487,321,28,56,28,0,-28,56
60,226,93,115,22,59,-34,56
21,270,132,167,35,111,-21,56
21,272,98,154,56,98,0,56
184,219,249,253,4,197,-52,56
284,252,246,248,2,192,-54,56
284,256,165,215,50,159,-6,56
498,253,0,56,56,0,0,56
26,268,148,167,19,111,-37,56
26,250,238,251,13,195,-43,56
254,359,250,251,1,195,-55,56
489,321,28,56,28,0,-28,56
147,332,34,56,22,0,-34,56
147,333,21,56,35,0,-21,56
409,235,46,84,38,28,-18,56
389,513,0,56,56,0,0,56
312,160,254,254,0,198,-56,56
416,239,119,149,30,93,-26,56
191,302,120,148,28,92,-28,56
344,230,89,128,39,72,-17,56
434,237,0,56,56,0,0,56
343,497,43,56,13,0,-43,56
343,498,43,56,13,0,-43,56
134,223,66,99,33,43,-23,56
127,223,80,109,29,53,-27,56
486,321,28,56,28,0,-28,56
486,531,0,56,56,0,0,56
325,227,53,95,42,39,-14,56
414,321,217,222,5,166,-51,56
151,269,89,102,13,46,-43,56
151,270,64,102,38,46,-18,56
497,275,208,208,0,152,-56,56
75,220,103,138,35,82,-21,56
344,287,0,56,56,0,0,56
471,325,199,215,16,159,-40,56
132,266,118,145,27,89,-29,56
522,533,0,56,56,0,0,56
231,243,124,175,51,119,-5,56
155,257,156,186,30,130,-26,56
36,360,242,253,11,197,-45,56
56,216,224,251,27,195,-29,56
458,320,34,56,22,0,-34,56
490,279,46,56,10,0,-46,56
44,239,142,167,25,111,-31,56
264,359,78,126,48,70,-8,56
349,324,175,196,21,140,-35,56
23,294,78,102,24,46,-32,56
54,260,84,90,6,34,-50,56
490,321,21,56,35,0,-21,56
137,387,254,254,0,198,-56,56
192,290,39,95,56,39,0,56
30,246,188,235,47,179,-9,56
472,325,197,214,17,158,-39,56
402,238,140,166,26,110,-30,56
218,326,46,90,44,34,-12,56
218,327,68,102,34,46,-22,56
536,531,0,56,56,0,0,56
303,328,235,235,0,179,-56,56
512,326,201,213,12,157,-44,56
33,352,46,84,38,28,-18,56
477,247,0,56,56,0,0,56
23,279,106,141,35,85,-21,56
193,286,50,99,49,43,-7,56
22,279,95,141,46,85,-10,56
318,230,224,229,5,173,-51,56
490,254,116,141,25,85,-31,56
40,271,85,112,27,56,-29,56
349,263,173,198,25,142,-31,56
45,254,72,124,52,68,-4,56
192,308,21,56,35,0,-21,56
139,272,50,84,34,28,-22,56
126,223,80,109,29,53,-27,56
356,233,176,199,23,143,-33,56
219,279,53,102,49,46,-7,56
219,299,56,99,43,43,-13,56
57,251,43,84,41,28,-15,56
421,71,20,73,53,17,-3,56
476,279,39,56,17,0,-39,56
148,335,21,56,35,0,-21,56
473,325,196,213,17,157,-39,56
22,272,147,154,7,98,-49,56
131,330,110,134,24,78,-32,56
131,331,103,130,27,74,-29,56
345,300,89,90,1,34,-55,56
476,322,64,99,35,43,-21,56
377,236,141,167,26,111,-30,56
136,244,96,148,52,92,-4,56
36,280,53,84,31,28,-25,56
552,281,21,56,35,0,-21,56
336,361,174,200,26,144,-30,56
322,285,34,56,22,0,-34,56
144,323,78,106,28,50,-28,56
12,309,253,253,0,197,-56,56
314,304,144,200,56,144,0,56
330,192,0,56,56,0,0,56
349,320,90,122,32,66,-24,56
491,321,21,56,35,0,-21,56
53,219,196,228,32,172,-24,56
540,273,171,200,29,144,-27,56
36,265,80,122,42,66,-14,56
461,243,0,56,56,0,0,56
297,196,247,251,4,195,-52,56
400,515,250,254,4,198,-52,56
144,253,99,134,35,78,-21,56
484,285,34,56,22,0,-34,56
24,297,118,134,16,78,-40,56
24,298,134,134,0,78,-56,56
475,250,126,151,25,95,-31,56
40,250,135,173,38,117,-18,56
40,251,138,173,35,117,-21,56
40,255,99,151,52,95,-4,56
131,267,145,173,28,117,-28,56
346,263,115,149,34,93,-22,56
528,263,0,56,56,0,0,56
22,336,56,56,0,0,-56,56
22,337,56,56,0,0,-56,56
297,225,56,56,0,0,-56,56
465,247,115,141,26,85,-30,56
337,281,154,178,24,122,-32,56
301,225,53,56,3,0,-53,56
92,234,112,134,22,78,-34,56
298,225,56,56,0,0,-56,56
49,241,110,128,18,72,-38,56
300,333,221,223,2,167,-54,56
491,532,0,56,56,0,0,56
368,233,107,138,31,82,-25,56
17,311,46,56,10,0,-46,56
329,313,16,60,44,4,-12,56
195,233,188,221,33,165,-23,56
450,279,28,56,28,0,-28,56
52,223,174,195,21,139,-35,56
359,80,34,56,22,0,-34,56
0,567,61,117,56,61,0,56
59,226,59,115,56,59,0,56
59,214,247,250,3,194,-53,56
81,251,84,120,36,64,-20,56
437,320,50,84,34,28,-22,56
450,67,31,67,36,11,-20,56
135,223,64,99,35,43,-21,56
300,225,56,56,0,0,-56,56
135,316,66,106,40,50,-16,56
124,381,72,84,12,28,-44,56
360,513,252,254,2,198,-54,56
143,226,120,134,14,78,-42,56
1,567,61,117,56,61,0,56
397,355,225,226,1,170,-55,56
142,382,50,56,6,0,-50,56
221,313,112,127,15,72,-40,55
361,513,253,254,1,199,-54,55
357,231,106,147,41,92,-14,55
442,320,50,76,26,21,-29,55
169,214,251,253,2,198,-53,55
378,318,183,206,23,151,-32,55
167,223,155,193,38,138,-17,55
142,264,85,137,52,82,-3,55
395,358,21,76,55,21,0,55
442,347,226,226,0,171,-55,55
361,234,175,198,23,143,-32,55
83,241,61,98,37,43,-18,55
401,238,143,167,24,112,-31,55
42,265,96,131,35,76,-20,55
220,271,115,137,22,82,-33,55
221,323,95,105,10,50,-45,55
144,322,66,105,39,50,-16,55
219,364,252,254,2,199,-53,55
77,269,87,114,27,59,-28,55
35,264,78,125,47,70,-8,55
93,232,84,111,27,56,-28,55
354,317,112,137,25,82,-30,55
445,321,68,98,30,43,-25,55
324,363,39,76,37,21,-18,55
43,274,74,116,42,61,-13,55
485,253,129,156,27,101,-28,55
325,184,46,76,30,21,-25,55
218,283,78,101,23,46,-32,55
321,148,114,145,31,90,-24,55
354,254,198,220,22,165,-33,55
405,235,74,89,15,34,-40,55
14,291,59,105,46,50,-9,55
217,302,72,89,17,34,-38,55
478,322,64,98,34,43,-21,55
238,353,72,125,53,70,-2,55
217,271,144,161,17,106,-38,55
377,318,189,211,22,156,-33,55
135,242,157,164,7,109,-48,55
134,378,85,89,4,34,-51,55
134,379,56,89,33,34,-22,55
135,311,136,157,21,102,-34,55
20,277,72,114,42,59,-13,55
407,70,254,254,0,199,-55,55
319,291,148,156,8,101,-47,55
139,377,74,76,2,21,-53,55
15,296,98,98,0,43,-55,55
15,297,95,98,3,43,-52,55
147,213,146,165,19,110,-36,55
242,348,85,119,34,64,-21,55
339,281,189,210,21,155,-34,55
338,280,155,189,34,134,-21,55
34,353,34,89,55,34,0,55
215,287,118,154,36,99,-19,55
364,232,103,137,34,82,-21,55
82,246,84,116,32,61,-23,55
82,253,123,145,22,90,-33,55
408,236,84,101,17,46,-38,55
408,238,124,151,27,96,-28,55
255,240,234,252,18,197,-37,55
534,285,21,76,55,21,0,55
16,296,50,98,48,43,-7,55
16,297,43,98,55,43,0,55
81,385,247,254,7,199,-48,55
489,322,56,76,20,21,-35,55
409,236,82,98,16,43,-39,55
409,239,146,172,26,117,-29,55
260,240,219,244,25,189,-30,55
261,241,189,219,30,164,-25,55
26,262,176,199,23,144,-32,55
259,241,191,225,34,170,-21,55
296,397,254,254,0,199,-55,55
57,226,114,137,23,82,-32,55
339,229,74,114,40,59,-15,55
148,213,131,165,34,110,-21,55
148,222,68,119,51,64,-4,55
16,330,244,252,8,197,-47,55
265,240,213,241,28,186,-27,55
211,233,241,253,12,198,-43,55
542,50,250,254,4,199,-51,55
139,259,114,131,17,76,-38,55
266,364,252,252,0,197,-55,55
27,256,118,170,52,115,-3,55
148,276,85,111,26,56,-29,55
327,311,21,69,48,14,-7,55
27,262,148,199,51,144,-4,55
48,225,148,188,40,133,-15,55
48,226,133,188,55,133,0,55
337,85,254,255,1,200,-54,55
49,226,161,188,27,133,-28,55
461,246,111,137,26,82,-29,55
139,224,68,111,43,56,-12,55
86,208,241,252,11,197,-44,55
27,287,78,116,38,61,-17,55
410,239,144,169,25,114,-30,55
198,286,167,182,15,127,-40,55
198,287,152,182,30,127,-25,55
200,232,236,252,16,197,-39,55
112,209,252,254,2,199,-53,55
27,281,128,129,1,74,-54,55
78,284,123,144,21,89,-34,55
552,276,21,76,55,21,0,55
158,263,131,164,33,109,-22,55
158,264,109,164,55,109,0,55
138,377,76,76,0,21,-55,55
52,224,167,194,27,139,-28,55
451,345,219,223,4,168,-51,55
529,265,59,76,17,21,-38,55
411,238,114,144,30,89,-25,55
59,215,214,249,35,194,-20,55
81,250,78,116,38,61,-17,55
81,252,90,123,33,68,-22,55
81,253,99,127,28,72,-27,55
492,255,124,150,26,95,-29,55
316,151,253,253,0,198,-55,55
149,270,28,76,48,21,-7,55
274,356,39,89,50,34,-5,55
340,271,111,139,28,84,-27,55
296,365,102,116,14,61,-41,55
134,319,61,105,44,50,-11,55
156,268,131,147,16,92,-39,55
136,223,59,98,39,43,-16,55
136,241,152,157,5,102,-50,55
136,242,127,157,30,102,-25,55
157,263,164,164,0,109,-55,55
157,264,156,164,8,109,-47,55
194,295,84,139,55,84,0,55
346,362,228,229,1,174,-54,55
347,266,175,199,24,144,-31,55
412,238,110,140,30,85,-25,55
346,298,21,76,55,21,0,55
156,258,137,175,38,120,-17,55
340,493,28,76,48,21,-7,55
413,235,28,76,48,21,-7,55
150,280,125,139,14,84,-41,55
330,196,53,72,19,17,-36,55
495,333,217,230,13,175,-42,55
131,332,99,125,26,70,-29,55
278,370,22,67,45,12,-10,55
523,317,21,76,55,21,0,55
29,290,85,114,29,59,-26,55
279,231,248,248,0,193,-55,55
150,331,34,76,42,21,-13,55
280,371,30,57,27,2,-28,55
345,91,59,89,30,34,-25,55
344,322,72,105,33,50,-22,55
281,227,21,76,55,21,0,55
459,290,21,76,55,21,0,55
178,367,142,142,0,87,-55,55
134,275,59,105,46,50,-9,55
30,268,127,153,26,98,-29,55
51,233,68,105,37,50,-18,55
496,322,53,76,23,21,-32,55
497,256,105,131,26,76,-29,55
344,269,160,186,26,131,-29,55
191,320,92,123,31,68,-24,55
75,214,188,192,4,137,-51,55
497,322,50,76,26,21,-29,55
415,240,149,174,25,119,-30,55
80,254,84,116,32,61,-23,55
344,265,112,142,30,87,-25,55
371,317,197,212,15,157,-40,55
293,229,236,242,6,187,-49,55
420,236,39,76,37,21,-18,55
47,275,59,89,30,34,-25,55
51,221,205,220,15,165,-40,55
151,332,76,89,13,34,-42,55
151,341,61,89,28,34,-27,55
58,227,82,114,32,59,-23,55
137,310,125,151,26,96,-29,55
80,211,128,147,19,92,-36,55
433,323,209,215,6,160,-49,55
285,353,182,184,2,129,-53,55
190,290,134,140,6,85,-49,55
190,302,136,160,24,105,-31,55
38,242,140,188,48,133,-7,55
46,269,85,116,31,61,-24,55
133,223,66,101,35,46,-20,55
419,236,46,76,30,21,-25,55
90,209,254,254,0,199,-55,55
190,286,140,156,16,101,-39,55
46,275,82,105,23,50,-32,55
46,267,85,116,31,61,-24,55
372,510,21,76,55,21,0,55
373,313,61,76,15,21,-40,55
188,306,114,135,21,80,-34,55
457,292,21,76,55,21,0,55
46,268,95,116,21,61,-34,55
152,304,106,135,29,80,-26,55
373,358,224,225,1,170,-54,55
374,234,105,135,30,80,-25,55
342,267,99,131,32,76,-23,55
308,177,107,162,55,107,0,55
308,285,243,243,0,188,-55,55
417,240,139,166,27,111,-28,55
307,179,110,165,55,110,0,55
469,341,228,229,1,174,-54,55
333,470,34,76,42,21,-13,55
32,257,167,195,28,140,-27,55
375,236,151,175,24,120,-31,55
547,536,247,253,6,198,-49,55
76,281,96,123,27,68,-28,55
154,279,140,172,32,117,-23,55
154,304,112,139,27,84,-28,55
153,275,143,173,30,118,-25,55
289,263,164,219,55,164,0,55
501,257,98,127,29,72,-26,55
79,261,106,129,23,74,-32,55
429,238,74,89,15,34,-40,55
143,324,64,101,37,46,-18,55
124,224,99,127,28,72,-27,55
123,224,96,123,27,68,-28,55
143,260,115,150,35,95,-20,55
539,273,173,202,29,147,-26,55
143,215,228,251,23,196,-32,55
142,256,134,144,10,89,-45,55
142,257,128,144,16,89,-39,55
142,258,120,144,24,89,-31,55
142,267,72,122,50,68,-4,54
11,300,247,251,4,197,-50,54
143,217,231,250,19,196,-35,54
143,216,225,250,25,196,-29,54
24,281,90,124,34,70,-20,54
77,281,111,139,28,85,-26,54
144,225,78,120,42,66,-12,54
125,224,103,130,27,76,-27,54
21,269,144,186,42,132,-12,54
33,280,102,115,13,61,-41,54
428,523,252,254,2,200,-52,54
145,209,253,253,0,199,-54,54
540,272,147,173,26,119,-28,54
219,324,39,82,43,28,-11,54
538,54,21,54,33,0,-21,54
165,382,80,82,2,28,-52,54
165,386,250,251,1,197,-53,54
77,284,95,128,33,74,-21,54
66,213,184,232,48,178,-6,54
219,278,64,107,43,53,-11,54
354,322,180,205,25,151,-29,54
485,322,56,82,26,28,-28,54
84,245,123,144,21,90,-33,54
43,269,101,115,14,61,-40,54
325,205,64,82,18,28,-36,54
290,348,192,197,5,143,-49,54
37,282,68,110,42,56,-12,54
355,315,87,122,35,68,-19,54
25,281,78,124,46,70,-8,54
84,240,74,107,33,53,-21,54
13,314,252,253,1,199,-53,54
145,322,95,110,15,56,-39,54
146,209,252,253,1,199,-53,54
25,299,134,134,0,80,-54,54
230,356,122,139,17,85,-37,54
325,364,76,93,17,39,-37,54
393,300,28,82,54,28,0,54
232,355,126,143,17,89,-37,54
128,224,109,132,23,78,-31,54
187,221,240,253,13,199,-41,54
153,276,125,146,21,92,-33,54
89,235,87,120,33,66,-21,54
374,236,155,178,23,124,-31,54
60,216,195,214,19,160,-35,54
238,350,134,136,2,82,-52,54
216,285,102,141,39,87,-15,54
233,355,143,143,0,89,-54,54
378,235,111,141,30,87,-24,54
378,236,136,163,27,109,-27,54
164,226,133,174,41,120,-13,54
164,382,82,82,0,28,-54,54
239,349,130,136,6,82,-48,54
353,228,50,82,32,28,-22,54
565,540,255,255,0,201,-54,54
352,228,50,82,32,28,-22,54
297,399,254,254,0,200,-54,54
418,240,134,161,27,107,-27,54
417,239,116,144,28,90,-26,54
153,253,118,130,12,76,-42,54
32,254,147,174,27,120,-27,54
32,255,143,174,31,120,-23,54
32,262,151,168,17,114,-37,54
381,318,167,195,28,141,-26,54
300,327,99,144,45,90,-9,54
300,196,115,163,48,109,-6,54
215,297,116,150,34,96,-20,54
535,268,89,107,18,53,-36,54
44,228,177,223,46,169,-8,54
255,359,249,250,1,196,-53,54
82,212,74,115,41,61,-13,54
85,239,82,115,33,61,-21,54
351,257,120,161,41,107,-13,54
26,267,161,180,19,126,-35,54
46,266,82,115,33,61,-21,54
32,263,152,168,16,114,-38,54
457,245,109,128,19,74,-35,54
31,356,250,251,1,197,-53,54
26,263,199,202,3,148,-51,54
256,359,250,251,1,197,-53,54
350,77,250,254,4,200,-50,54
350,262,178,201,23,147,-31,54
92,233,92,120,28,66,-26,54
351,228,53,82,29,28,-25,54
148,227,128,144,16,90,-38,54
318,297,208,225,17,171,-37,54
44,238,148,186,38,132,-16,54
266,229,253,253,0,199,-54,54
90,234,84,118,34,64,-20,54
76,273,84,110,26,56,-28,54
134,250,96,128,32,74,-22,54
189,373,70,93,23,39,-31,54
46,259,80,122,42,68,-12,54
209,235,155,198,43,144,-11,54
40,249,138,171,33,117,-21,54
26,299,98,134,36,80,-18,54
44,253,116,126,10,72,-44,54
349,259,119,150,31,96,-23,54
366,316,189,208,19,154,-35,54
269,240,242,251,9,197,-45,54
202,234,170,206,36,152,-18,54
410,238,117,146,29,92,-25,54
200,300,111,134,23,80,-31,54
531,266,64,82,18,28,-36,54
157,281,154,193,39,139,-15,54
158,212,161,209,48,155,-6,54
190,289,131,139,8,85,-46,54
137,286,128,155,27,101,-27,54
499,536,246,253,7,199,-47,54
189,319,87,120,33,66,-21,54
28,277,145,149,4,95,-50,54
438,320,46,82,36,28,-18,54
348,260,114,147,33,93,-21,54
81,254,107,130,23,76,-31,54
437,348,228,229,1,175,-53,54
195,291,169,169,0,115,-54,54
272,357,39,93,54,39,0,54
28,276,142,149,7,95,-47,54
45,227,192,220,28,166,-26,54
275,227,80,93,13,39,-41,54
73,380,28,82,54,28,0,54
369,233,105,134,29,80,-25,54
340,270,101,130,29,76,-25,54
340,272,122,147,25,93,-29,54
134,312,139,160,21,106,-33,54
38,247,135,176,41,122,-13,54
38,248,122,176,54,122,0,54
470,325,200,215,15,161,-39,54
136,225,119,132,13,78,-41,54
329,194,61,82,21,28,-33,54
131,266,144,172,28,118,-26,54
346,267,170,196,26,142,-28,54
295,395,254,254,0,200,-54,54
29,244,249,254,5,200,-49,54
81,216,28,82,54,28,0,54
474,250,131,156,25,102,-29,54
345,332,189,227,38,173,-16,54
131,275,173,189,16,135,-38,54
376,236,146,170,24,116,-30,54
341,269,107,134,27,80,-27,54
80,257,109,134,25,80,-29,54
22,269,153,186,33,132,-21,54
39,247,176,176,0,122,-54,54
39,248,161,176,15,122,-39,54
131,345,85,110,25,56,-29,54
345,268,167,192,25,138,-29,54
150,337,92,110,18,56,-36,54
370,317,203,218,15,164,-39,54
345,230,89,126,37,72,-17,54
345,264,114,144,30,90,-24,54
39,233,219,248,29,194,-25,54
341,270,119,144,25,90,-29,54
76,272,82,107,25,53,-29,54
471,249,128,152,24,98,-30,54
371,235,148,171,23,117,-31,54
416,240,144,170,26,116,-28,54
332,231,213,223,10,169,-44,54
132,331,78,110,32,56,-22,54
155,316,168,174,6,120,-48,54
155,325,147,165,18,111,-36,54
47,278,66,93,27,39,-27,54
56,263,66,82,16,28,-38,54
344,332,212,227,15,173,-39,54
144,217,200,231,31,177,-23,54
42,290,66,93,27,39,-27,54
221,312,117,132,15,78,-39,54
223,359,90,139,49,85,-5,54
224,236,251,254,3,200,-51,54
378,292,43,82,39,28,-15,54
144,216,196,231,35,177,-19,54
71,216,158,160,2,106,-52,54
83,248,122,144,22,90,-32,54
398,237,123,149,26,96,-27,53
484,292,28,74,46,21,-7,53
126,224,106,131,25,78,-28,53
125,223,78,106,28,53,-25,53
322,284,28,53,25,0,-28,53
154,262,50,103,53,50,0,53
553,534,28,53,25,0,-28,53
57,263,34,74,40,21,-13,53
430,280,53,53,0,0,-53,53
429,280,53,53,0,0,-53,53
335,477,21,74,53,21,0,53
376,311,64,74,10,21,-43,53
281,367,0,53,53,0,0,53
331,196,28,53,25,0,-28,53
331,197,43,53,10,0,-43,53
151,273,162,178,16,125,-37,53
46,223,221,241,20,188,-33,53
324,282,43,53,10,0,-43,53
42,266,90,127,37,74,-16,53
360,234,181,202,21,149,-32,53
362,229,56,87,31,34,-22,53
135,246,95,143,48,90,-5,53
341,271,130,154,24,101,-29,53
55,231,46,87,41,34,-12,53
434,521,28,74,46,21,-7,53
191,321,114,138,24,85,-29,53
434,316,28,74,46,21,-7,53
434,317,43,74,31,21,-22,53
434,318,61,74,13,21,-40,53
434,320,50,96,46,43,-7,53
375,312,74,74,0,21,-53,53
136,286,144,167,23,114,-30,53
155,256,146,173,27,120,-26,53
144,262,151,156,5,103,-48,53
144,324,90,106,16,53,-37,53
141,217,247,252,5,199,-48,53
218,361,90,140,50,87,-3,53
219,273,59,106,47,53,-6,53
48,282,70,87,17,34,-36,53
462,320,28,53,25,0,-28,53
93,233,103,125,22,72,-31,53
35,267,59,96,37,43,-16,53
35,268,43,96,53,43,0,53
299,199,116,154,38,101,-15,53
29,288,96,114,18,61,-35,53
29,289,98,114,16,61,-37,53
472,344,39,53,14,0,-39,53
331,195,17,53,36,0,-17,53
313,298,156,203,47,150,-6,53
132,251,143,163,20,110,-33,53
138,216,254,254,0,201,-53,53
472,298,21,74,53,21,0,53
331,198,39,53,14,0,-39,53
494,322,59,74,15,21,-38,53
495,322,56,74,18,21,-35,53
495,252,6,53,47,0,-6,53
131,344,72,109,37,56,-16,53
414,235,21,74,53,21,0,53
45,262,98,135,37,82,-16,53
345,83,93,99,6,46,-47,53
435,318,46,74,28,21,-25,53
423,354,21,74,53,21,0,53
537,51,251,254,3,201,-50,53
537,266,0,53,53,0,0,53
354,321,156,180,24,127,-29,53
445,324,203,215,12,162,-41,53
322,135,254,254,0,201,-53,53
321,361,148,160,12,107,-41,53
402,234,61,87,26,34,-27,53
402,237,112,143,31,90,-22,53
568,537,13,64,51,11,-2,53
485,291,28,74,46,21,-7,53
320,440,53,53,0,0,-53,53
413,240,157,180,23,127,-30,53
64,223,80,96,16,43,-37,53
473,344,53,53,0,0,-53,53
428,236,0,53,53,0,0,53
428,280,50,53,3,0,-50,53
179,369,53,96,43,43,-10,53
55,253,82,87,5,34,-48,53
55,254,66,87,21,34,-32,53
50,366,39,53,14,0,-39,53
377,284,21,53,32,0,-21,53
493,322,59,74,15,21,-38,53
150,226,85,123,38,70,-15,53
557,273,0,53,53,0,0,53
557,274,28,53,25,0,-28,53
557,275,28,53,25,0,-28,53
436,320,50,87,37,34,-16,53
193,368,50,96,46,43,-7,53
525,288,21,74,53,21,0,53
413,238,105,135,30,82,-23,53
320,441,53,53,0,0,-53,53
320,442,46,53,7,0,-46,53
363,287,21,74,53,21,0,53
374,281,230,231,1,178,-52,53
32,273,96,114,18,61,-35,53
501,278,0,53,53,0,0,53
419,68,252,253,1,200,-52,53
382,315,21,74,53,21,0,53
374,311,21,74,53,21,0,53
374,312,50,74,24,21,-29,53
32,286,92,112,20,59,-33,53
387,282,59,96,37,43,-16,53
131,265,142,170,28,117,-25,53
57,254,70,87,17,34,-36,53
380,361,53,53,0,0,-53,53
303,225,50,53,3,0,-50,53
460,320,28,53,25,0,-28,53
34,258,160,173,13,120,-40,53
34,266,87,112,25,59,-28,53
459,320,28,53,25,0,-28,53
341,93,114,114,0,61,-53,53
376,318,196,215,19,162,-34,53
151,304,105,133,28,80,-25,53
310,418,43,53,10,0,-43,53
332,276,21,53,32,0,-21,53
31,244,190,237,47,184,-6,53
55,276,34,53,19,0,-34,53
369,235,155,179,24,126,-29,53
347,89,70,92,22,39,-31,53
515,277,21,74,53,21,0,53
355,233,178,200,22,147,-31,53
145,319,56,103,47,50,-6,53
325,282,43,53,10,0,-43,53
325,283,39,53,14,0,-39,53
325,284,28,53,25,0,-28,53
72,221,85,99,14,46,-39,53
440,525,246,253,7,200,-46,53
540,278,50,74,24,21,-29,53
540,279,21,74,53,21,0,53
325,285,28,53,25,0,-28,53
325,299,21,53,32,0,-21,53
315,428,50,53,3,0,-50,53
195,287,129,138,9,85,-44,53
195,292,167,169,2,116,-51,53
28,268,146,164,18,111,-35,53
273,245,157,209,52,156,-1,53
149,269,61,74,13,21,-40,53
149,277,78,112,34,59,-19,53
346,321,72,106,34,53,-19,53
340,93,99,114,15,61,-38,53
340,273,130,156,26,103,-27,53
34,281,103,103,0,50,-53,53
325,300,0,53,53,0,0,53
325,301,6,53,47,0,-6,53
14,320,251,253,2,200,-51,53
392,232,59,74,15,21,-38,53
146,251,84,117,33,64,-20,53
41,272,61,103,42,50,-11,53
353,256,160,188,28,135,-25,53
233,353,89,135,46,82,-7,53
421,236,28,74,46,21,-7,53
78,285,116,142,26,89,-27,53
302,225,53,53,0,0,-53,53
379,361,46,53,7,0,-46,53
17,312,43,53,10,0,-43,53
17,313,50,53,3,0,-50,53
17,314,53,53,0,0,-53,53
491,322,56,74,18,21,-35,53
52,230,68,106,38,53,-15,53
111,212,50,92,42,39,-11,53
157,280,147,188,41,135,-12,53
546,269,0,53,53,0,0,53
309,416,50,53,3,0,-50,53
309,417,53,53,0,0,-53,53
88,236,87,123,36,70,-17,53
470,245,21,53,32,0,-21,53
457,242,0,53,53,0,0,53
381,361,50,53,3,0,-50,53
382,236,125,151,26,98,-27,53
217,297,87,103,16,50,-37,53
217,298,84,99,15,46,-38,53
217,299,80,96,16,43,-37,53
217,300,76,92,16,39,-37,53
47,237,142,172,30,119,-23,53
32,285,85,112,27,59,-26,53
431,280,50,53,3,0,-50,53
328,188,0,53,53,0,0,53
201,234,170,205,35,152,-18,53
202,364,107,154,47,101,-6,53
201,232,240,252,12,199,-41,53
270,360,126,133,7,80,-46,53
530,289,21,74,53,21,0,53
406,234,34,74,40,21,-13,53
216,326,89,114,25,61,-28,53
535,284,21,74,53,21,0,53
77,271,98,123,25,70,-28,53
66,223,70,96,26,43,-27,53
35,281,72,103,31,50,-22,53
48,281,61,87,26,34,-27,53
234,243,180,190,10,137,-43,53
234,352,84,133,49,80,-4,53
234,353,109,135,26,82,-27,53
491,251,21,53,32,0,-21,53
27,268,126,164,38,111,-15,53
349,308,21,53,32,0,-21,53
78,270,114,140,26,87,-27,53
464,526,0,53,53,0,0,53
461,320,28,53,25,0,-28,53
77,220,116,138,22,85,-31,53
54,278,0,53,53,0,0,53
41,264,82,117,35,64,-18,53
391,232,61,74,13,21,-40,53
406,513,39,53,14,0,-39,53
391,295,39,53,14,0,-39,53
326,227,53,92,39,39,-14,53
319,290,135,148,13,95,-40,53
319,295,157,194,37,141,-16,53
215,302,98,140,42,87,-11,53
488,339,39,53,14,0,-39,53
113,212,43,92,49,39,-4,53
542,298,21,74,53,21,0,53
490,322,56,74,18,21,-35,53
409,353,223,225,2,172,-51,53
491,255,131,155,24,102,-29,53
317,295,199,220,21,167,-32,53
439,238,0,53,53,0,0,53
54,253,43,87,44,34,-9,53
69,217,166,168,2,115,-51,53
27,257,126,168,42,115,-11,53
532,280,39,53,14,0,-39,53
533,279,28,53,25,0,-28,53
148,277,103,112,9,59,-44,53
326,203,72,87,15,34,-38,53
82,245,74,109,35,56,-18,53
509,259,85,112,27,59,-26,53
422,236,21,74,53,21,0,53
185,368,56,106,50,53,-3,53
182,221,155,197,42,144,-11,53
76,279,102,123,21,70,-32,53
76,280,103,123,20,70,-33,53
341,324,64,92,28,39,-25,53
65,223,66,96,30,43,-23,53
136,311,112,148,36,95,-17,53
47,236,159,172,13,119,-40,53
162,226,115,160,45,107,-8,53
48,280,53,87,34,34,-19,53
139,271,56,87,31,34,-22,53
419,240,130,156,26,103,-27,53
47,248,64,87,23,34,-30,53
304,406,43,53,10,0,-43,53
76,274,84,114,30,61,-23,53
375,311,34,74,40,21,-13,53
470,249,133,156,23,103,-30,53
261,240,215,242,27,189,-26,53
461,247,132,160,28,107,-25,53
337,286,0,53,53,0,0,53
337,287,0,53,53,0,0,53
337,288,21,53,32,0,-21,53
377,311,72,74,2,21,-51,53
377,312,50,74,24,21,-29,53
507,57,0,53,53,0,0,53
35,269,43,96,53,43,0,53
508,256,0,53,53,0,0,53
298,392,28,53,25,0,-28,53
243,346,105,119,14,66,-39,53
364,287,28,74,46,21,-7,53
241,242,175,217,42,164,-11,53
488,288,28,74,46,21,-7,53
408,239,150,173,23,120,-30,53
147,331,28,53,25,0,-28,53
188,307,101,123,22,70,-31,53
342,331,225,227,2,174,-51,53
152,334,76,92,16,39,-37,53
333,197,31,53,22,0,-31,53
333,198,39,53,14,0,-39,53
76,220,111,138,27,85,-26,53
342,270,134,160,26,107,-27,53
390,232,66,74,8,21,-45,53
390,296,34,53,19,0,-34,53
390,359,21,74,53,21,0,53
214,362,92,140,48,87,-5,53
244,345,103,119,16,66,-37,53
244,346,74,119,45,66,-8,53
242,347,105,119,14,66,-39,53
351,509,21,74,53,21,0,53
561,276,21,53,32,0,-21,53
561,277,28,53,25,0,-28,53
561,278,21,53,32,0,-21,53
214,290,129,164,35,111,-18,53
444,276,210,211,1,158,-52,53
399,237,119,148,29,95,-24,53
142,266,78,125,47,72,-6,53
358,231,102,143,41,90,-12,53
359,229,68,92,24,39,-29,53
77,275,114,137,23,84,-30,53
399,512,28,74,46,21,-7,53
362,287,21,74,53,21,0,53
400,512,21,74,53,21,0,53
62,224,53,106,53,53,0,53
379,77,250,254,4,201,-49,53
143,327,89,103,14,50,-39,53
143,328,93,103,10,50,-43,53
323,142,107,160,53,107,0,53
124,223,76,103,27,50,-26,53
53,277,34,53,19,0,-34,53
71,221,70,99,29,46,-24,53
358,80,39,53,14,0,-39,53
323,282,28,53,25,0,-28,53
43,229,195,223,28,171,-24,52
43,226,234,249,15,197,-37,52
539,277,72,102,30,50,-22,52
481,252,130,158,28,106,-24,52
379,236,132,158,26,106,-26,52
379,235,109,136,27,84,-25,52
508,326,195,213,18,161,-34,52
401,237,116,144,28,92,-24,52
221,303,138,151,13,99,-39,52
400,237,117,145,28,93,-24,52
166,382,80,80,0,28,-52,52
143,214,245,254,9,202,-43,52
142,263,89,137,48,85,-4,52
26,265,177,202,25,150,-27,52
16,295,50,98,48,46,-4,52
242,242,174,216,42,164,-10,52
351,261,180,202,22,150,-30,52
244,242,178,216,38,164,-14,52
133,267,89,118,29,66,-23,52
152,330,84,98,14,46,-38,52
342,323,66,95,29,43,-23,52
188,305,126,148,22,96,-30,52
189,303,139,161,22,109,-30,52
16,298,46,95,49,43,-3,52
114,386,250,255,5,203,-47,52
44,226,220,244,24,192,-28,52
240,242,180,218,38,166,-14,52
365,229,46,80,34,28,-18,52
364,316,190,208,18,156,-34,52
364,311,53,80,27,28,-25,52
243,242,178,216,38,164,-14,52
338,273,98,124,26,72,-26,52
73,220,99,134,35,82,-17,52
339,273,114,139,25,87,-27,52
339,272,103,130,27,78,-25,52
77,267,80,105,25,53,-27,52
77,265,72,98,26,46,-26,52
377,294,28,80,52,28,0,52
301,280,157,209,52,157,0,52
212,291,194,199,5,147,-47,52
365,311,34,80,46,28,-6,52
152,274,173,178,5,126,-47,52
58,215,233,250,17,198,-35,52
76,278,105,122,17,70,-35,52
76,277,103,122,19,70,-33,52
305,230,241,241,0,189,-52,52
266,241,186,222,36,170,-16,52
477,251,133,161,28,109,-24,52
327,119,254,254,0,202,-52,52
350,346,227,228,1,176,-51,52
162,222,116,155,39,103,-13,52
383,236,124,148,24,96,-28,52
40,248,154,176,22,124,-30,52
139,273,46,80,34,28,-18,52
366,235,170,190,20,138,-32,52
15,298,90,95,5,43,-47,52
15,300,68,80,12,28,-40,52
41,248,140,174,34,122,-18,52
238,242,178,219,41,167,-11,52
237,354,72,124,52,72,0,52
239,242,180,219,39,167,-13,52
319,299,194,215,21,163,-31,52
175,218,178,219,41,167,-11,52
20,333,34,80,46,28,-6,52
48,241,107,132,25,80,-27,52
78,269,109,134,25,82,-27,52
78,267,101,126,25,74,-27,52
159,388,252,253,1,201,-51,52
380,236,129,155,26,103,-26,52
476,339,217,225,8,173,-44,52
66,215,162,205,43,153,-9,52
77,272,103,128,25,76,-27,52
217,234,246,253,7,201,-45,52
146,321,110,120,10,68,-42,52
406,239,155,178,23,126,-29,52
67,223,64,95,31,43,-21,52
270,243,170,212,42,160,-10,52
367,235,164,186,22,134,-30,52
348,265,180,201,21,149,-31,52
200,301,102,132,30,80,-22,52
316,296,220,226,6,174,-46,52
130,263,159,181,22,129,-30,52
130,262,153,178,25,126,-27,52
148,321,80,120,40,68,-12,52
148,320,95,120,25,68,-27,52
148,319,105,120,15,68,-37,52
306,364,80,105,25,53,-27,52
555,48,255,255,0,203,-52,52
153,255,141,163,22,111,-30,52
469,248,117,144,27,92,-25,52
333,484,254,254,0,202,-52,52
186,319,124,145,21,93,-31,52
47,223,214,234,20,182,-32,52
47,241,103,132,29,80,-23,52
217,296,90,105,15,53,-37,52
158,226,106,137,31,85,-21,52
335,95,250,254,4,202,-48,52
38,260,142,142,0,90,-52,52
343,270,151,176,25,124,-27,52
190,321,123,144,21,92,-31,52
78,283,128,147,19,95,-33,52
78,272,123,150,27,98,-25,52
315,308,249,249,0,197,-52,52
52,226,160,187,27,135,-25,52
86,238,85,120,35,68,-17,52
450,243,92,111,19,59,-33,52
78,287,101,128,27,76,-25,52
78,286,109,136,27,84,-25,52
235,352,115,134,19,82,-33,52
235,351,87,134,47,82,-5,52
235,245,148,168,20,116,-32,52
217,312,64,80,16,28,-36,52
146,250,103,122,19,70,-33,52
14,300,34,80,46,28,-6,52
320,361,118,148,30,96,-22,52
320,360,109,148,39,96,-13,52
276,244,252,252,0,200,-52,52
274,359,140,145,5,93,-47,52
368,235,160,182,22,130,-30,52
86,241,129,147,18,95,-34,52
273,228,80,95,15,43,-37,52
354,255,188,212,24,160,-28,52
446,321,66,95,29,43,-23,52
486,322,56,80,24,28,-28,52
354,228,46,80,34,28,-18,52
437,315,92,95,3,43,-49,52
285,365,105,120,15,68,-37,52
433,524,252,254,2,202,-50,52
46,241,98,132,34,80,-18,52
80,258,116,137,21,85,-31,52
38,261,140,142,2,90,-50,52
58,222,119,164,45,112,-7,52
151,386,61,111,50,59,-2,52
311,162,253,253,0,201,-52,52
296,206,106,158,52,106,0,52
178,217,239,252,13,200,-39,52
194,223,253,254,1,202,-51,52
387,236,116,142,26,90,-26,52
74,220,101,134,33,82,-19,52
37,264,107,132,25,80,-27,52
501,258,119,142,23,90,-29,52
289,344,74,95,21,43,-31,52
515,261,82,102,20,50,-32,52
32,266,130,157,27,105,-25,52
454,244,98,116,18,64,-34,52
45,240,111,142,31,90,-21,52
330,109,250,254,4,202,-48,52
412,240,160,183,23,131,-29,52
315,296,210,226,16,174,-36,52
296,273,171,217,46,165,-6,52
520,324,78,95,17,43,-35,52
343,328,149,167,18,115,-34,52
341,268,95,124,29,72,-23,52
428,69,23,55,32,3,-20,52
155,304,114,139,25,87,-27,52
47,269,61,95,34,43,-18,52
304,364,92,111,19,59,-33,52
394,299,28,80,52,28,0,52
43,260,123,147,24,95,-28,52
13,278,251,252,1,200,-51,52
167,225,187,196,9,144,-43,52
370,235,151,175,24,123,-28,52
29,278,128,145,17,93,-35,52
29,277,106,145,39,93,-13,52
29,276,95,145,50,93,-2,52
279,364,146,154,8,102,-44,52
414,240,153,176,23,124,-29,52
345,326,160,180,20,128,-32,52
193,302,93,116,23,64,-29,52
496,275,208,208,0,156,-52,52
496,256,111,137,26,85,-26,52
344,505,28,80,52,28,0,52
132,252,132,151,19,99,-33,52
132,250,145,170,25,118,-27,52
87,237,85,122,37,70,-15,52
55,220,212,212,0,160,-52,52
20,282,64,98,34,46,-18,52
127,224,109,132,23,80,-29,52
540,271,126,151,25,99,-27,52
144,265,134,139,5,87,-47,52
143,270,85,116,31,64,-21,52
467,61,251,254,3,202,-49,52
520,536,244,253,9,201,-43,52
50,227,156,190,34,138,-18,52
132,249,149,175,26,123,-26,52
132,265,118,144,26,92,-26,52
53,226,146,187,41,135,-11,52
151,277,80,118,38,66,-14,52
34,239,220,252,32,200,-20,52
47,268,64,95,31,43,-21,52
11,301,248,252,4,200,-48,52
375,234,99,130,31,78,-21,52
66,381,253,253,0,201,-52,52
292,263,247,247,0,195,-52,52
292,211,99,134,35,82,-17,52
79,257,85,116,31,64,-21,52
57,265,59,80,21,28,-31,52
398,289,39,80,41,28,-11,52
397,237,125,151,26,99,-26,52
133,325,56,90,34,39,-17,51
282,226,64,72,8,21,-43,51
51,223,140,190,50,139,-1,51
284,230,253,254,1,203,-50,51
284,226,70,72,2,21,-49,51
52,225,187,190,3,139,-48,51
50,242,74,110,36,59,-15,51
456,245,110,131,21,80,-30,51
456,293,34,72,38,21,-13,51
32,296,115,115,0,64,-51,51
22,265,156,201,45,150,-6,51
353,513,254,254,0,203,-51,51
353,319,109,136,27,85,-24,51
155,334,124,131,7,80,-44,51
352,319,96,127,31,76,-20,51
443,320,46,72,26,21,-25,51
280,227,43,72,29,21,-22,51
571,47,255,255,0,204,-51,51
574,47,255,255,0,204,-51,51
50,226,160,188,28,137,-23,51
133,255,102,127,25,76,-26,51
133,254,101,127,26,76,-25,51
572,47,255,255,0,204,-51,51
352,260,184,202,18,151,-33,51
350,324,183,204,21,153,-30,51
32,288,116,125,9,74,-42,51
34,243,190,229,39,178,-12,51
320,295,172,192,20,141,-31,51
33,296,76,115,39,64,-12,51
288,226,28,72,44,21,-7,51
462,248,151,174,23,123,-28,51
132,280,176,190,14,139,-37,51
156,224,96,133,37,82,-14,51
348,325,179,200,21,149,-30,51
348,320,78,110,32,59,-19,51
136,312,102,136,34,85,-17,51
136,310,135,156,21,105,-30,51
154,319,140,166,26,115,-25,51
245,242,174,215,41,164,-10,51
347,353,222,223,1,172,-50,51
321,360,111,160,49,109,-2,51
321,295,173,192,19,141,-32,51
347,299,28,72,44,21,-7,51
149,330,21,72,51,21,0,51
191,295,132,154,22,103,-29,51
178,376,74,107,33,56,-18,51
463,248,145,169,24,118,-27,51
192,289,39,90,51,39,0,51
570,47,255,255,0,204,-51,51
443,276,211,212,1,161,-50,51
180,221,166,192,26,141,-25,51
360,229,64,90,26,39,-25,51
359,234,186,207,21,156,-30,51
34,244,186,229,43,178,-8,51
363,229,53,85,32,34,-19,51
70,217,154,166,12,115,-39,51
362,313,80,117,37,66,-14,51
193,287,43,90,47,39,-4,51
48,230,218,218,0,167,-51,51
48,229,215,218,3,167,-48,51
131,320,156,169,13,118,-38,51
24,302,98,112,14,61,-37,51
27,260,151,170,19,119,-32,51
532,273,171,201,30,150,-21,51
533,273,173,201,28,150,-23,51
35,238,214,252,38,201,-13,51
361,311,39,72,33,21,-18,51
319,296,171,208,37,157,-14,51
347,256,74,125,51,74,0,51
246,344,74,112,38,61,-13,51
246,343,98,112,14,61,-37,51
346,91,56,85,29,34,-22,51
322,302,139,152,13,101,-38,51
235,356,85,125,40,74,-11,51
363,284,245,245,0,194,-51,51
236,355,74,123,49,72,-2,51
505,258,90,117,27,66,-24,51
235,244,167,180,13,129,-38,51
131,264,139,168,29,117,-22,51
194,233,184,216,32,165,-19,51
131,333,95,119,24,68,-27,51
366,283,231,231,0,180,-51,51
235,353,133,135,2,84,-49,51
365,316,191,208,17,157,-34,51
36,276,56,90,34,39,-17,51
317,230,227,229,2,178,-49,51
234,245,129,167,38,116,-13,51
37,266,122,127,5,76,-46,51
231,356,139,140,1,89,-50,51
316,300,238,243,5,192,-46,51
326,182,90,90,0,39,-51,51
24,303,80,112,32,61,-19,51
176,218,190,229,39,178,-12,51
130,344,103,115,12,64,-39,51
130,343,96,115,19,64,-32,51
37,244,160,184,24,133,-27,51
373,312,28,72,44,21,-7,51
345,331,173,212,39,161,-12,51
345,296,21,72,51,21,0,51
344,284,231,238,7,187,-44,51
153,333,68,90,22,39,-29,51
153,312,112,138,26,87,-25,51
378,312,21,72,51,21,0,51
378,311,64,72,8,21,-43,51
378,310,70,72,2,21,-49,51
553,276,21,72,51,21,0,51
382,231,68,72,4,21,-47,51
381,236,127,152,25,101,-26,51
143,258,92,140,48,89,-3,51
143,255,111,138,27,87,-24,51
143,254,120,138,18,87,-33,51
143,253,127,138,11,87,-40,51
150,304,106,131,25,80,-26,51
27,263,175,199,24,148,-27,51
333,109,109,156,47,105,-4,51
332,480,253,254,1,203,-50,51
20,263,245,252,7,201,-44,51
227,241,120,165,45,114,-6,51
39,265,95,125,30,74,-21,51
382,318,164,189,25,138,-26,51
39,232,226,253,27,202,-24,51
343,92,92,110,18,59,-33,51
153,277,116,129,13,78,-38,51
76,212,127,177,50,126,-1,51
153,252,107,127,20,76,-31,51
137,242,102,152,50,101,-1,51
76,211,126,177,51,126,0,51
468,325,202,215,13,164,-38,51
469,325,201,215,14,164,-37,51
427,353,21,72,51,21,0,51
296,269,246,248,2,197,-49,51
296,198,249,253,4,202,-47,51
386,236,117,144,27,93,-24,51
385,236,119,144,25,93,-26,51
384,236,122,146,24,95,-27,51
144,386,93,110,17,59,-34,51
312,294,176,206,30,155,-21,51
495,256,120,144,24,93,-27,51
76,214,160,188,28,137,-23,51
342,90,43,90,47,39,-4,51
295,365,105,117,12,66,-39,51
200,234,168,203,35,152,-16,51
15,303,46,72,26,21,-25,51
15,302,53,72,19,21,-32,51
15,301,61,72,11,21,-40,51
94,231,74,101,27,50,-24,51
294,229,233,239,6,188,-45,51
140,224,66,107,41,56,-10,51
221,311,124,136,12,85,-39,51
492,322,56,72,16,21,-35,51
311,422,34,72,38,21,-13,51
311,309,131,182,51,131,0,51
220,328,116,135,19,84,-32,51
162,211,250,254,4,203,-47,51
221,238,134,179,45,128,-6,51
57,224,151,157,6,106,-45,51
420,240,125,152,27,101,-24,51
336,192,72,72,0,21,-51,51
529,273,167,197,30,146,-21,51
529,311,21,72,51,21,0,51
334,474,28,72,44,21,-7,51
150,313,76,107,31,56,-20,51
79,270,134,160,26,109,-25,51
390,319,210,215,5,164,-46,51
523,290,21,72,51,21,0,51
524,316,21,72,51,21,0,51
524,289,21,72,51,21,0,51
339,280,170,201,31,150,-20,51
77,266,74,101,27,50,-24,51
325,187,80,90,10,39,-41,51
336,193,64,72,8,21,-43,51
419,237,76,90,14,39,-37,51
58,254,50,72,22,21,-29,51
415,235,21,72,51,21,0,51
201,302,120,144,24,93,-27,51
83,249,126,147,21,96,-30,51
219,313,46,85,39,34,-12,51
394,232,46,72,26,21,-25,51
393,232,53,72,19,21,-32,51
61,374,28,72,44,21,-7,51
396,237,127,152,25,101,-26,51
62,227,50,90,40,39,-11,51
62,226,70,90,20,39,-31,51
274,228,72,85,13,34,-38,51
273,371,254,254,0,203,-51,51
273,363,156,157,1,106,-50,51
77,274,110,135,25,84,-26,51
152,221,156,157,1,106,-50,51
525,315,21,72,51,21,0,51
324,206,66,85,19,34,-32,51
113,209,253,254,1,203,-50,51
167,382,80,85,5,34,-46,51
44,225,239,250,11,199,-40,51
210,366,251,254,3,203,-48,51
407,239,151,175,24,124,-27,51
324,452,34,72,38,21,-13,51
336,481,39,72,33,21,-18,51
151,223,74,119,45,68,-6,51
338,232,188,206,18,155,-33,51
218,237,136,184,48,133,-3,51
400,238,144,167,23,116,-28,51
399,238,145,168,23,117,-28,51
135,310,148,163,15,112,-36,51
325,182,68,90,22,39,-29,51
479,252,145,167,22,116,-29,51
406,70,254,254,0,203,-51,51
212,306,155,178,23,127,-28,51
212,302,192,195,3,144,-48,51
91,233,78,112,34,61,-17,51
143,387,110,129,19,78,-32,51
405,239,157,180,23,129,-28,51
414,238,102,131,29,80,-22,51
413,321,217,222,5,171,-46,51
306,365,53,85,32,34,-19,51
398,238,148,170,22,119,-29,51
42,270,61,101,40,50,-11,51
484,253,136,160,24,109,-27,51
400,287,34,72,38,21,-13,51
303,364,96,115,19,64,-32,51
403,237,110,140,30,89,-21,51
483,253,143,165,22,114,-29,51
337,193,21,72,51,21,0,51
337,192,53,72,19,21,-32,51
78,271,119,144,25,93,-26,51
78,266,98,123,25,72,-26,51
78,262,89,112,23,61,-28,51
78,261,82,110,28,59,-23,51
144,260,149,157,8,106,-43,51
305,318,124,161,37,110,-14,51
42,242,168,180,12,129,-39,51
165,225,141,163,22,112,-29,51
135,279,53,101,48,50,-3,51
214,311,115,141,26,90,-25,51
214,310,110,141,31,90,-20,51
305,184,116,156,40,105,-11,51
404,235,80,90,10,39,-41,51
482,253,149,169,20,118,-31,51
187,320,131,150,19,99,-32,51
573,47,255,255,0,204,-51,51
281,226,70,72,2,21,-49,51
327,227,53,90,37,39,-14,51
327,130,115,150,35,99,-16,51
283,226,72,72,0,21,-51,51
53,223,194,195,1,144,-50,51
538,274,202,202,0,151,-51,51
81,255,116,135,19,84,-32,51
81,249,74,110,36,59,-15,51
538,273,175,202,27,151,-24,51
148,332,53,72,19,21,-32,51
329,185,46,72,26,21,-25,51
262,241,190,215,25,164,-26,51
453,319,21,50,29,0,-21,50
133,265,93,118,25,68,-25,50
133,264,93,118,25,68,-25,50
180,381,254,254,0,204,-50,50
134,260,82,103,21,53,-29,50
53,224,190,194,4,144,-46,50
155,315,158,170,12,120,-38,50
350,508,46,50,4,0,-46,50
357,229,72,93,21,43,-29,50
356,229,76,93,17,43,-33,50
356,228,46,78,32,28,-18,50
156,257,137,165,28,115,-22,50
355,228,46,78,32,28,-18,50
354,320,136,159,23,109,-27,50
545,532,0,50,50,0,0,50
156,228,148,166,18,116,-32,50
179,375,70,106,36,56,-14,50
337,290,50,50,0,0,-50,50
337,289,34,50,16,0,-34,50
137,332,28,50,22,0,-28,50
137,331,28,50,22,0,-28,50
337,277,119,143,24,93,-26,50
78,215,153,169,16,119,-34,50
483,279,50,50,0,0,-50,50
214,312,117,142,25,92,-25,50
275,228,56,84,28,34,-22,50
61,217,177,200,23,150,-27,50
61,216,160,200,40,150,-10,50
165,372,78,93,15,43,-35,50
481,279,50,50,0,0,-50,50
404,237,107,137,30,87,-20,50
213,286,180,195,15,145,-35,50
133,283,172,186,14,136,-36,50
484,279,50,50,0,0,-50,50
42,257,130,151,21,101,-29,50
303,413,252,254,2,204,-48,50
90,382,50,50,0,0,-50,50
482,279,50,50,0,0,-50,50
540,277,61,84,23,34,-27,50
540,270,107,132,25,82,-25,50
78,263,90,114,24,64,-26,50
78,260,74,106,32,56,-18,50
42,256,137,151,14,101,-36,50
144,256,95,139,44,89,-6,50
89,382,50,50,0,0,-50,50
78,207,239,252,13,202,-37,50
254,240,238,252,14,202,-36,50
337,292,46,50,4,0,-46,50
337,291,50,50,0,0,-50,50
164,269,149,167,18,117,-32,50
480,252,137,162,25,112,-25,50
43,292,70,89,19,39,-31,50
43,291,56,84,28,34,-22,50
480,279,50,50,0,0,-50,50
166,227,180,195,15,145,-35,50
130,217,59,96,37,46,-13,50
398,512,39,50,11,0,-39,50
163,372,80,93,13,43,-37,50
485,279,50,50,0,0,-50,50
559,281,21,50,29,0,-21,50
398,233,56,78,22,28,-28,50
397,512,50,50,0,0,-50,50
164,372,76,93,17,43,-33,50
215,281,164,180,16,130,-34,50
42,255,131,151,20,101,-30,50
91,382,50,50,0,0,-50,50
92,232,72,103,31,53,-19,50
407,236,85,103,18,53,-32,50
479,279,46,50,4,0,-46,50
336,366,21,50,29,0,-21,50
28,273,84,120,36,70,-14,50
338,274,109,132,23,82,-27,50
486,279,46,50,4,0,-46,50
217,292,95,106,11,56,-39,50
217,324,59,78,19,28,-31,50
217,322,68,84,16,34,-34,50
396,512,50,50,0,0,-50,50
487,254,138,160,22,110,-28,50
487,250,0,50,50,0,0,50
88,382,50,50,0,0,-50,50
163,221,130,160,30,110,-20,50
219,288,61,106,45,56,-5,50
488,322,56,78,22,28,-28,50
40,357,34,78,44,28,-6,50
219,298,56,96,40,46,-10,50
394,512,39,50,11,0,-39,50
393,512,39,50,11,0,-39,50
392,512,34,50,16,0,-34,50
487,322,56,78,22,28,-28,50
395,512,46,50,4,0,-46,50
219,275,59,103,44,53,-6,50
219,291,64,106,42,56,-8,50
77,273,107,132,25,82,-25,50
29,249,164,208,44,158,-6,50
477,279,50,50,0,0,-50,50
59,222,145,164,19,114,-31,50
411,240,164,185,21,135,-29,50
77,207,237,252,15,202,-35,50
339,274,124,148,24,98,-26,50
77,261,61,89,28,39,-22,50
336,285,21,50,29,0,-21,50
336,228,61,96,35,46,-15,50
474,246,9,50,41,0,-9,50
58,220,192,196,4,146,-46,50
58,219,185,196,11,146,-39,50
168,370,105,122,17,72,-33,50
475,529,21,50,29,0,-21,50
172,217,174,218,44,168,-6,50
201,301,128,148,20,98,-30,50
425,280,46,50,4,0,-46,50
339,271,93,122,29,72,-21,50
219,290,64,106,42,56,-8,50
219,289,61,106,45,56,-5,50
391,512,34,50,16,0,-34,50
202,232,242,253,11,203,-39,50
171,369,111,130,19,80,-31,50
473,250,136,160,24,110,-26,50
277,227,68,84,16,34,-34,50
79,262,110,132,22,82,-28,50
79,256,80,109,29,59,-21,50
530,273,170,199,29,149,-21,50
79,271,140,164,24,114,-26,50
63,218,159,191,32,141,-18,50
555,278,28,50,22,0,-28,50
310,316,243,251,8,201,-42,50
87,382,50,50,0,0,-50,50
390,512,28,50,22,0,-28,50
221,304,139,151,12,101,-38,50
523,311,21,50,29,0,-21,50
79,269,129,155,26,105,-24,50
147,335,0,50,50,0,0,50
46,264,85,111,26,61,-24,50
427,280,50,50,0,0,-50,50
200,302,98,128,30,78,-20,50
426,280,50,50,0,0,-50,50
46,232,186,206,20,156,-30,50
94,232,93,114,21,64,-29,50
432,280,50,50,0,0,-50,50
146,385,72,96,24,46,-26,50
152,333,89,89,0,39,-50,50
221,324,99,109,10,59,-40,50
122,224,92,118,26,68,-24,50
388,236,112,139,27,89,-23,50
492,532,0,50,50,0,0,50
490,255,137,160,23,110,-27,50
95,231,85,106,21,56,-29,50
435,237,0,50,50,0,0,50
196,286,109,159,50,109,0,50
434,280,50,50,0,0,-50,50
434,239,80,93,13,43,-37,50
467,325,202,215,13,165,-37,50
467,320,21,50,29,0,-21,50
55,268,72,84,12,34,-38,50
64,222,89,111,22,61,-28,50
312,193,82,96,14,46,-36,50
383,318,165,182,17,132,-33,50
521,325,43,78,35,28,-15,50
342,271,144,169,25,119,-25,50
76,276,99,120,21,70,-29,50
76,271,76,103,27,53,-23,50
341,272,139,161,22,111,-28,50
495,275,208,208,0,158,-50,50
382,361,50,50,0,0,-50,50
65,225,43,84,41,34,-9,50
65,224,43,84,41,34,-9,50
65,214,178,212,34,162,-16,50
382,284,43,50,7,0,-43,50
86,382,50,50,0,0,-50,50
343,290,43,50,7,0,-43,50
521,263,78,93,15,43,-35,50
343,90,39,89,50,39,0,50
342,495,43,50,7,0,-43,50
153,250,124,142,18,92,-32,50
76,207,243,252,9,202,-41,50
429,236,0,50,50,0,0,50
469,249,138,160,22,110,-28,50
56,230,87,96,9,46,-41,50
55,267,84,84,0,34,-50,50
433,280,50,50,0,0,-50,50
294,266,244,246,2,196,-48,50
531,273,171,200,29,150,-21,50
531,264,0,50,50,0,0,50
333,281,0,50,50,0,0,50
333,196,26,50,24,0,-26,50
333,195,26,50,24,0,-26,50
497,533,0,50,50,0,0,50
38,281,110,118,8,68,-42,50
380,235,106,132,26,82,-24,50
38,263,132,140,8,90,-42,50
38,262,140,140,0,90,-50,50
495,320,28,50,22,0,-28,50
495,319,21,50,29,0,-21,50
39,242,167,183,16,133,-34,50
345,333,214,227,13,177,-37,50
31,258,173,195,22,145,-28,50
344,327,162,180,18,130,-32,50
344,90,39,84,45,34,-5,50
153,303,135,156,21,106,-29,50
75,281,70,103,33,53,-17,50
498,321,21,50,29,0,-21,50
498,279,46,50,4,0,-46,50
378,314,0,50,50,0,0,50
378,313,28,50,22,0,-28,50
499,279,50,50,0,0,-50,50
499,257,114,137,23,87,-27,50
551,52,21,50,29,0,-21,50
20,281,59,96,37,46,-13,50
20,280,59,96,37,46,-13,50
315,429,50,50,0,0,-50,50
375,297,43,50,7,0,-43,50
501,279,50,50,0,0,-50,50
437,319,34,50,16,0,-34,50
437,280,50,50,0,0,-50,50
466,320,28,50,22,0,-28,50
54,333,43,50,7,0,-43,50
436,319,34,50,16,0,-34,50
436,280,50,50,0,0,-50,50
568,138,21,50,29,0,-21,50
130,342,89,114,25,64,-25,50
435,280,50,50,0,0,-50,50
465,320,28,50,22,0,-28,50
54,268,34,84,50,34,0,50
373,236,160,180,20,130,-30,50
373,80,21,50,29,0,-21,50
502,279,50,50,0,0,-50,50
157,333,115,139,24,89,-26,50
502,278,0,50,50,0,0,50
503,279,50,50,0,0,-50,50
503,278,0,50,50,0,0,50
504,259,117,140,23,90,-27,50
371,77,250,253,3,203,-47,50
68,216,162,168,6,118,-44,50
504,279,50,50,0,0,-50,50
504,278,0,50,50,0,0,50
370,233,101,130,29,80,-21,50
85,382,39,50,11,0,-39,50
500,258,127,148,21,98,-29,50
500,257,106,132,26,82,-24,50
376,309,0,50,50,0,0,50
375,318,203,218,15,168,-35,50
500,279,50,50,0,0,-50,50
438,280,50,50,0,0,-50,50
194,310,39,50,11,0,-39,50
194,308,34,50,16,0,-34,50
194,307,34,50,16,0,-34,50
569,138,21,50,29,0,-21,50
464,248,141,165,24,115,-26,50
440,319,28,50,22,0,-28,50
192,310,21,50,29,0,-21,50
192,309,21,50,29,0,-21,50
464,320,28,50,22,0,-28,50
439,319,28,50,22,0,-28,50
505,278,0,50,50,0,0,50
366,311,28,78,50,28,0,50
366,229,43,78,35,28,-15,50
365,235,174,194,20,144,-30,50
365,232,99,130,31,80,-19,50
246,242,172,214,42,164,-8,50
154,274,149,178,29,128,-21,50
346,326,170,192,22,142,-28,50
346,230,89,124,35,74,-15,50
506,279,46,50,4,0,-46,50
506,278,0,50,50,0,0,50
35,270,46,93,47,43,-3,50
363,313,85,122,37,72,-13,50
363,296,28,50,22,0,-28,50
35,279,28,78,50,28,0,50
85,243,129,148,19,98,-31,50
69,378,28,50,22,0,-28,50
368,295,46,50,4,0,-46,50
505,279,50,50,0,0,-50,50
54,267,43,84,41,34,-9,50
438,319,28,50,22,0,-28,50
320,213,56,84,28,34,-22,50
156,304,112,139,27,89,-23,50
70,221,50,96,46,46,-4,50
193,294,84,120,36,70,-14,50
439,280,46,50,4,0,-46,50
465,342,226,226,0,176,-50,50
532,267,78,96,18,46,-32,50
80,259,123,140,17,90,-33,50
532,535,252,253,1,203,-49,50
149,340,34,78,44,28,-6,50
149,333,72,78,6,28,-44,50
508,260,112,135,23,85,-27,50
145,386,68,96,28,46,-22,50
145,385,96,96,0,46,-50,50
319,213,74,84,10,34,-40,50
361,229,61,89,28,39,-22,50
347,261,109,142,33,92,-17,50
326,278,43,50,7,0,-43,50
147,341,87,93,6,43,-44,50
441,319,28,50,22,0,-28,50
463,320,28,50,22,0,-28,50
464,247,118,145,27,95,-23,50
132,218,59,89,30,39,-20,50
570,138,21,50,29,0,-21,50
100,212,50,93,43,43,-7,50
509,260,106,130,24,80,-26,50
360,317,195,209,14,159,-36,50
359,231,98,139,41,89,-9,50
156,333,131,139,8,89,-42,50
71,208,248,252,4,202,-46,50
34,271,70,96,26,46,-24,50
34,289,80,116,36,66,-14,50
190,372,89,89,0,39,-50,50
442,319,28,50,22,0,-28,50
132,332,74,103,29,53,-21,50
132,316,152,167,15,117,-35,50
279,357,152,164,12,114,-38,50
289,351,166,197,31,147,-19,50
462,247,126,156,30,106,-20,50
134,258,80,103,23,53,-27,50
189,372,80,89,9,39,-41,50
444,324,204,215,11,165,-39,50
444,239,0,50,50,0,0,50
53,276,21,50,29,0,-21,50
354,233,180,200,20,150,-30,50
517,259,0,50,50,0,0,50
348,89,72,89,17,39,-33,50
518,262,80,96,16,46,-34,50
81,248,70,103,33,53,-17,50
283,221,96,103,7,53,-43,50
449,523,21,50,29,0,-21,50
455,524,28,50,22,0,-28,50
32,284,84,109,25,59,-25,50
32,278,132,132,0,82,-50,50
349,508,50,50,0,0,-50,50
84,246,129,149,20,99,-30,50
32,253,145,170,25,120,-25,50
348,507,39,50,11,0,-39,50
353,361,232,236,4,186,-46,50
352,345,225,234,9,184,-41,50
352,323,186,206,20,156,-30,50
461,248,156,176,20,126,-30,50
443,319,21,50,29,0,-21,50
571,138,21,50,29,0,-21,50
133,266,92,118,26,68,-24,50
142,268,68,116,48,66,-2,50
142,265,82,128,46,78,-4,50
12,283,252,252,0,202,-50,50
262,240,213,239,26,189,-24,50
328,193,76,89,13,39,-37,50
139,258,118,130,12,80,-38,50
327,202,64,84,20,34,-30,50
327,191,87,89,2,39,-48,50
189,307,80,114,34,64,-16,50
134,259,82,103,21,53,-29,50
82,254,127,149,22,99,-28,50
331,274,0,50,50,0,0,50
331,273,28,50,22,0,-28,50
138,334,53,78,25,28,-25,50
26,261,170,194,24,144,-26,50
186,318,106,134,28,85,-21,49
52,218,228,245,17,196,-32,49
133,313,150,167,17,118,-32,49
285,226,64,70,6,21,-43,49
536,283,21,70,49,21,0,49
114,209,252,255,3,206,-46,49
537,269,102,123,21,74,-28,49
537,273,175,202,27,153,-22,49
5,577,61,110,49,61,0,49
575,47,255,255,0,206,-49,49
142,226,124,134,10,85,-39,49
136,281,66,102,36,53,-13,49
350,306,61,70,9,21,-40,49
350,305,43,70,27,21,-22,49
350,304,21,70,49,21,0,49
350,258,118,151,33,102,-16,49
32,256,145,174,29,125,-20,49
243,347,80,115,35,66,-14,49
349,302,21,70,49,21,0,49
156,209,249,252,3,203,-46,49
353,233,180,200,20,151,-29,49
351,233,182,203,21,154,-28,49
155,258,165,186,21,137,-28,49
357,314,80,115,35,66,-14,49
355,322,179,205,26,156,-23,49
354,258,195,214,19,165,-30,49
244,344,111,119,8,70,-41,49
154,329,85,119,34,70,-15,49
361,77,250,254,4,205,-45,49
358,234,191,210,19,161,-30,49
358,229,70,92,22,43,-27,49
269,361,129,158,29,109,-20,49
362,513,254,255,1,206,-48,49
35,237,225,252,27,203,-22,49
157,226,99,133,34,84,-15,49
157,224,106,133,27,84,-22,49
74,219,134,148,14,99,-35,49
154,256,158,182,24,133,-25,49
346,333,189,226,37,177,-12,49
247,242,171,213,42,164,-7,49
346,83,87,95,8,46,-41,49
146,317,43,92,49,43,0,49
322,145,116,158,42,109,-7,49
157,304,111,138,27,89,-22,49
237,242,183,219,36,170,-13,49
236,351,110,134,24,85,-25,49
236,350,87,134,47,85,-2,49
157,262,146,164,18,115,-31,49
158,262,115,164,49,115,0,49
505,259,111,134,23,85,-26,49
145,337,87,99,12,50,-37,49
20,305,50,92,42,43,-7,49
20,304,59,92,33,43,-16,49
369,317,208,219,11,170,-38,49
502,258,114,136,22,87,-27,49
248,242,173,213,40,164,-9,49
31,241,246,252,6,203,-43,49
322,360,126,160,34,111,-15,49
75,279,72,105,33,56,-16,49
75,278,70,105,35,56,-14,49
38,249,129,171,42,122,-7,49
315,297,226,229,3,180,-46,49
66,214,194,205,11,156,-38,49
382,230,28,70,42,21,-7,49
225,358,87,134,47,85,-2,49
497,257,126,147,21,98,-28,49
498,257,120,142,22,93,-27,49
145,250,117,133,16,84,-33,49
315,153,254,255,1,206,-48,49
383,231,64,70,6,21,-43,49
39,249,163,171,8,122,-41,49
314,302,146,192,46,143,-3,49
75,277,70,105,35,56,-14,49
343,265,95,125,30,76,-19,49
521,536,246,253,7,204,-42,49
137,240,140,159,19,110,-30,49
494,256,128,151,23,102,-26,49
385,231,53,70,17,21,-32,49
384,308,21,70,49,21,0,49
39,258,136,156,20,107,-29,49
384,231,59,70,11,21,-38,49
145,225,74,117,43,68,-6,49
312,192,56,95,39,46,-10,49
342,266,90,119,29,70,-20,49
342,85,109,110,1,61,-48,49
522,291,28,70,42,21,-7,49
147,212,116,159,43,110,-6,49
152,316,90,125,35,76,-14,49
340,274,139,163,24,114,-25,49
221,310,130,141,11,92,-38,49
390,237,132,156,24,107,-25,49
389,237,134,158,24,109,-25,49
389,236,111,136,25,87,-24,49
388,237,136,160,24,111,-25,49
311,289,240,244,4,195,-45,49
387,237,139,161,22,112,-27,49
64,212,238,252,14,203,-35,49
162,220,160,179,19,130,-30,49
392,73,255,255,0,206,-49,49
123,223,72,99,27,50,-22,49
40,270,84,105,21,56,-28,49
340,269,90,119,29,70,-20,49
152,303,133,154,21,105,-28,49
29,273,112,119,7,70,-42,49
77,264,70,95,25,46,-24,49
147,227,131,145,14,96,-35,49
219,287,61,105,44,56,-5,49
395,232,43,70,27,21,-22,49
556,275,46,70,24,21,-25,49
309,426,254,255,1,206,-48,49
218,320,46,70,24,21,-25,49
218,322,39,70,31,21,-18,49
396,75,28,70,42,21,-7,49
219,292,66,105,39,56,-10,49
18,278,72,105,33,56,-16,49
77,276,118,139,21,90,-28,49
137,283,76,115,39,66,-10,49
29,268,144,164,20,115,-29,49
77,285,89,123,34,74,-15,49
253,242,171,212,41,163,-8,49
23,293,74,99,25,50,-24,49
541,299,21,70,49,21,0,49
217,290,93,105,12,56,-37,49
486,254,144,165,21,116,-28,49
307,422,254,254,0,205,-49,49
307,364,76,102,26,53,-23,49
163,226,120,164,44,115,-5,49
218,321,46,70,24,21,-25,49
164,268,147,166,19,117,-30,49
164,267,146,166,20,117,-29,49
164,212,248,253,5,204,-44,49
217,291,93,105,12,56,-37,49
164,331,136,155,19,106,-30,49
144,254,87,127,40,78,-9,49
137,340,50,70,20,21,-29,49
137,339,50,70,20,21,-29,49
337,276,111,134,23,85,-26,49
337,275,102,125,23,76,-26,49
337,274,92,117,25,68,-24,49
540,300,21,70,49,21,0,49
165,226,145,180,35,131,-14,49
214,304,109,144,35,95,-14,49
214,291,125,160,35,111,-14,49
214,283,176,190,14,141,-35,49
135,278,53,92,39,43,-10,49
144,251,129,139,10,90,-39,49
43,236,195,195,0,146,-49,49
404,239,159,181,22,132,-27,49
403,516,254,254,0,205,-49,49
213,306,127,160,33,111,-16,49
151,283,135,169,34,120,-15,49
151,282,139,169,30,120,-19,49
78,268,105,129,24,80,-25,49
78,265,95,119,24,70,-25,49
78,264,93,117,24,68,-25,49
43,265,127,131,4,82,-45,49
43,259,120,151,31,102,-18,49
212,292,190,194,4,145,-45,49
43,237,186,195,9,146,-40,49
44,237,146,195,49,146,0,49
44,236,166,195,29,146,-20,49
24,265,180,202,22,153,-27,49
78,281,132,156,24,107,-25,49
151,264,21,70,49,21,0,49
78,273,128,152,24,103,-25,49
336,279,116,139,23,90,-26,49
336,278,110,134,24,85,-25,49
539,272,151,175,24,126,-25,49
418,239,111,139,28,90,-21,49
475,251,145,169,24,120,-25,49
135,219,61,99,38,50,-11,49
476,251,140,165,25,116,-24,49
415,352,223,224,1,175,-48,49
58,253,34,70,36,21,-13,49
415,238,98,127,29,78,-20,49
415,69,252,252,0,203,-49,49
130,264,164,184,20,135,-29,49
45,264,110,129,19,80,-30,49
298,193,251,251,0,202,-49,49
57,230,70,95,25,46,-24,49
57,229,64,95,31,46,-18,49
421,240,120,148,28,99,-21,49
79,268,126,150,24,101,-25,49
138,256,85,115,30,66,-19,49
79,272,144,168,24,119,-25,49
325,307,3,52,49,3,0,49
46,265,80,110,30,61,-19,49
426,66,250,254,4,205,-45,49
296,367,21,70,49,21,0,49
471,299,28,70,42,21,-7,49
468,248,123,148,25,99,-24,49
199,300,89,119,30,70,-19,49
56,217,207,236,29,187,-20,49
56,260,28,70,42,21,-7,49
56,257,43,70,27,21,-22,49
55,218,187,221,34,172,-15,49
196,282,190,195,5,146,-44,49
325,306,3,52,49,3,0,49
150,278,84,115,31,66,-18,49
79,288,119,142,23,93,-26,49
334,106,98,147,49,98,0,49
326,123,254,254,0,205,-49,49
569,47,254,255,1,206,-48,49
14,298,53,95,42,46,-7,49
438,240,89,95,6,46,-43,49
175,379,59,99,40,50,-9,49
466,248,132,156,24,107,-25,49
131,263,135,164,29,115,-20,49
131,258,126,159,33,110,-16,49
131,257,125,159,34,110,-15,49
131,256,130,159,29,110,-20,49
192,321,106,131,25,82,-24,49
131,346,95,110,15,61,-34,49
138,287,131,155,24,106,-25,49
138,286,115,144,29,95,-20,49
149,335,39,70,31,21,-18,49
147,385,53,95,42,46,-7,49
463,247,123,151,28,102,-21,49
132,264,117,142,25,93,-24,49
132,248,158,177,19,128,-30,49
192,295,120,133,13,84,-36,49
290,350,170,197,27,148,-22,49
132,346,74,99,25,50,-24,49
49,225,137,182,45,133,-4,49
288,377,46,64,18,15,-31,49
134,256,80,102,22,53,-27,49
134,255,78,102,24,53,-25,49
134,251,92,123,31,74,-18,49
444,320,46,70,24,21,-25,49
132,380,50,99,49,50,0,49
133,263,93,117,24,68,-25,49
460,247,137,160,23,111,-26,49
460,246,115,139,24,90,-25,49
149,304,107,131,24,82,-25,49
534,273,173,202,29,153,-20,49
149,213,127,159,32,110,-17,49
455,319,50,70,20,21,-29,49
283,255,159,206,47,158,-1,48
281,356,167,173,6,125,-42,48
51,224,139,187,48,139,0,48
284,379,253,253,0,205,-48,48
440,320,50,76,26,28,-22,48
31,294,95,118,23,70,-25,48
154,320,150,171,21,123,-27,48
348,512,253,253,0,205,-48,48
440,522,28,76,48,28,0,48
347,267,186,206,20,158,-28,48
115,386,251,255,4,207,-44,48
349,264,184,204,20,156,-28,48
349,233,186,204,18,156,-30,48
32,241,231,251,20,203,-28,48
54,219,172,220,48,172,0,48
22,268,186,192,6,144,-42,48
154,224,72,120,48,72,0,48
245,344,102,112,10,64,-38,48
350,233,184,203,19,155,-29,48
242,349,66,112,46,64,-2,48
155,280,172,188,16,140,-32,48
439,320,46,76,30,28,-18,48
193,283,111,149,38,101,-10,48
441,320,50,76,26,28,-22,48
478,252,152,170,18,122,-30,48
328,227,53,87,34,39,-14,48
351,255,120,157,37,109,-11,48
32,299,106,124,18,76,-30,48
345,506,39,76,37,28,-11,48
465,248,137,160,23,112,-25,48
193,305,39,76,37,28,-11,48
75,215,173,192,19,144,-29,48
344,270,170,190,20,142,-28,48
33,258,167,195,28,147,-20,48
353,316,82,112,30,64,-18,48
354,257,186,208,22,160,-26,48
33,299,87,124,37,76,-11,48
512,260,87,107,20,59,-28,48
354,510,28,76,48,28,0,48
267,359,68,109,41,61,-7,48
212,294,190,193,3,145,-45,48
91,236,135,149,14,101,-34,48
302,364,102,118,16,70,-32,48
133,348,68,87,19,39,-29,48
133,347,59,87,28,39,-20,48
156,269,140,140,0,92,-48,48
268,235,253,253,0,205,-48,48
323,132,252,254,2,206,-46,48
357,228,43,76,33,28,-15,48
156,270,137,151,14,103,-34,48
54,254,34,82,48,34,0,48
319,362,132,140,8,92,-40,48
319,361,96,140,44,92,-4,48
343,271,160,182,22,134,-26,48
249,242,174,213,39,165,-9,48
166,223,138,170,32,122,-16,48
536,273,175,202,27,154,-21,48
138,389,253,254,1,206,-47,48
413,277,232,233,1,185,-47,48
44,261,135,146,11,98,-37,48
288,352,161,192,31,144,-17,48
75,384,249,253,4,205,-44,48
319,214,64,82,18,34,-30,48
466,325,203,215,12,167,-36,48
76,275,90,118,28,70,-20,48
157,228,152,170,18,122,-30,48
157,265,157,157,0,109,-48,48
152,386,59,107,48,59,0,48
76,270,70,98,28,50,-20,48
294,203,253,253,0,205,-48,48
303,366,34,76,42,28,-6,48
303,283,165,200,35,152,-13,48
213,300,179,188,9,140,-39,48
148,339,28,76,48,28,0,48
236,246,144,163,19,115,-29,48
364,229,46,82,36,34,-12,48
251,242,174,212,38,164,-10,48
341,273,147,170,23,122,-25,48
506,259,106,128,22,80,-26,48
367,229,39,76,37,28,-11,48
191,226,176,185,9,137,-39,48
191,221,251,253,2,205,-46,48
442,276,212,213,1,165,-47,48
252,242,172,212,40,164,-8,48
340,89,99,109,10,61,-38,48
152,313,132,138,6,90,-42,48
340,281,201,218,17,170,-31,48
158,224,110,133,23,85,-25,48
299,335,218,221,3,173,-45,48
535,273,175,202,27,154,-21,48
81,256,124,140,16,92,-32,48
403,239,162,182,20,134,-28,48
214,236,138,185,47,137,-1,48
158,265,120,157,37,109,-11,48
20,283,70,98,28,50,-20,48
143,256,99,137,38,89,-10,48
504,258,98,124,26,76,-22,48
371,233,98,126,28,78,-20,48
68,217,168,168,0,120,-48,48
372,236,164,183,19,135,-29,48
152,284,161,183,22,135,-26,48
152,283,169,183,14,135,-34,48
29,291,59,107,48,59,0,48
77,219,134,149,15,101,-33,48
503,258,105,130,25,82,-23,48
80,385,248,254,6,206,-42,48
299,404,254,254,0,206,-48,48
373,230,59,76,17,28,-31,48
137,287,144,163,19,115,-29,48
253,240,241,253,12,205,-36,48
29,274,93,118,25,70,-23,48
294,365,106,118,12,70,-36,48
47,229,198,218,20,170,-28,48
316,306,244,248,4,200,-44,48
37,240,192,201,9,153,-39,48
374,230,56,76,20,28,-28,48
83,250,130,151,21,103,-27,48
432,323,211,215,4,167,-44,48
400,320,218,222,4,174,-44,48
42,261,95,128,33,80,-15,48
401,234,68,87,19,39,-29,48
375,230,53,76,23,28,-25,48
376,234,95,124,29,76,-19,48
376,230,46,76,30,28,-18,48
230,239,252,254,2,206,-46,48
338,275,117,140,23,92,-25,48
377,230,43,76,33,28,-15,48
337,360,176,184,8,136,-40,48
137,311,105,135,30,87,-18,48
378,237,158,180,22,132,-26,48
151,337,105,114,9,66,-39,48
337,278,127,150,23,102,-25,48
378,230,39,76,37,28,-11,48
164,333,133,151,18,103,-30,48
164,332,134,153,19,105,-29,48
164,330,139,155,16,107,-32,48
215,296,116,147,31,99,-17,48
133,326,56,87,31,39,-17,48
17,279,72,107,35,59,-13,48
38,276,110,118,8,70,-40,48
190,281,165,192,27,144,-21,48
145,271,107,109,2,61,-46,48
121,210,253,255,2,207,-46,48
528,265,66,82,16,34,-32,48
337,273,82,109,27,61,-21,48
121,224,85,112,27,64,-21,48
134,257,80,101,21,53,-27,48
53,257,66,82,16,34,-32,48
295,229,231,237,6,189,-42,48
173,215,250,251,1,203,-47,48
46,260,78,116,38,68,-10,48
110,212,61,98,37,50,-11,48
78,282,130,151,21,103,-27,48
78,259,70,101,31,53,-17,48
24,264,186,202,16,154,-32,48
496,257,131,153,22,105,-26,48
164,270,151,167,16,119,-32,48
400,233,46,76,30,28,-18,48
305,418,255,255,0,207,-48,48
200,299,119,137,18,89,-30,48
200,297,135,157,22,109,-26,48
189,321,130,149,19,101,-29,48
189,302,151,170,19,122,-29,48
528,273,160,191,31,143,-17,48
495,257,137,159,22,111,-26,48
39,264,103,132,29,84,-19,48
78,274,132,155,23,107,-25,48
19,276,78,116,38,68,-10,48
19,266,242,253,11,205,-37,48
216,327,102,122,20,74,-28,48
89,234,74,101,27,53,-21,48
399,233,53,76,23,28,-25,48
130,261,148,173,25,125,-23,48
56,264,74,82,8,34,-40,48
46,240,120,138,18,90,-30,48
46,235,154,185,31,137,-17,48
15,295,87,98,11,50,-37,48
78,288,96,124,28,76,-20,48
79,207,242,252,10,204,-38,48
325,206,46,76,30,28,-18,48
471,250,148,168,20,120,-28,48
388,279,236,237,1,189,-47,48
79,266,119,143,24,95,-24,48
79,255,72,101,29,53,-19,48
150,332,64,82,18,34,-30,48
169,370,98,120,22,72,-26,48
135,225,124,133,9,85,-39,48
39,357,34,82,48,34,0,48
201,364,107,150,43,102,-5,48
424,322,216,218,2,170,-46,48
389,283,56,76,20,28,-28,48
389,282,39,76,37,28,-11,48
221,305,142,151,9,103,-39,48
310,310,134,167,33,119,-15,48
40,256,95,143,48,95,0,48
138,265,46,82,36,34,-12,48
147,321,115,120,5,72,-43,48
41,274,84,109,25,61,-23,48
397,238,149,171,22,123,-26,48
397,71,253,254,1,206,-47,48
218,270,146,160,14,112,-34,48
472,250,142,164,22,116,-26,48
391,237,132,155,23,107,-25,48
188,308,87,114,27,66,-21,48
188,304,138,160,22,112,-26,48
150,277,70,107,37,59,-11,48
394,237,130,154,24,106,-24,48
203,232,244,253,9,205,-39,48
79,287,124,144,20,96,-28,48
79,286,128,149,21,101,-27,48
57,222,112,160,48,112,0,48
299,190,254,254,0,206,-48,48
88,239,135,150,15,102,-33,48
219,296,59,101,42,53,-6,48
332,113,114,137,23,89,-25,48
45,245,76,109,33,61,-15,48
309,175,112,151,39,103,-9,48
219,276,64,107,43,59,-5,48
103,212,68,98,30,50,-18,48
274,222,254,254,0,206,-48,48
41,247,151,174,23,126,-25,48
41,246,145,174,29,126,-19,48
396,233,64,82,18,34,-30,48
62,228,46,87,41,39,-7,48
94,209,253,255,2,207,-46,48
142,262,90,137,47,89,-1,48
218,328,93,116,23,68,-25,48
45,253,76,116,40,68,-8,48
45,247,87,109,22,61,-26,48
45,246,76,109,33,61,-15,48
18,268,249,253,4,205,-44,48
80,253,76,107,31,59,-17,48
88,386,254,254,0,206,-48,48
51,225,183,187,4,139,-44,48
154,303,138,157,19,109,-29,48
31,299,103,124,21,76,-27,48
290,343,64,109,45,61,-3,48
48,251,50,87,37,39,-11,48
282,377,253,254,1,206,-47,48
59,255,34,68,34,21,-13,47
92,213,68,93,25,46,-22,47
59,256,46,68,22,21,-25,47
59,257,64,68,4,21,-43,47
300,229,230,233,3,186,-44,47
410,240,167,187,20,140,-27,47
31,295,84,117,33,70,-14,47
154,330,74,117,43,70,-4,47
348,233,186,205,19,158,-28,47
51,268,50,68,18,21,-29,47
51,269,39,68,29,21,-18,47
59,216,198,233,35,186,-12,47
21,345,250,253,3,206,-44,47
516,277,21,68,47,21,0,47
218,308,28,68,40,21,-7,47
218,319,46,68,22,21,-25,47
170,370,92,119,27,72,-20,47
396,232,39,68,29,21,-18,47
396,238,151,172,21,125,-26,47
155,228,144,161,17,114,-30,47
350,263,188,207,19,160,-28,47
155,222,151,153,2,106,-45,47
245,345,70,111,41,64,-6,47
545,295,21,68,47,21,0,47
192,322,125,148,23,101,-24,47
192,301,116,140,24,93,-23,47
333,275,53,68,15,21,-32,47
488,255,149,167,18,120,-29,47
489,255,141,163,22,116,-25,47
144,330,98,103,5,56,-42,47
204,232,248,253,5,206,-42,47
131,334,93,115,22,68,-25,47
346,268,182,202,20,155,-27,47
166,372,80,90,10,43,-37,47
406,237,103,132,29,85,-18,47
407,234,28,68,40,21,-7,47
48,271,28,68,40,21,-7,47
353,229,80,93,13,46,-34,47
353,259,189,208,19,161,-28,47
33,241,212,246,34,199,-13,47
352,256,135,165,30,118,-17,47
320,300,163,194,31,147,-16,47
487,289,21,68,47,21,0,47
395,237,129,152,23,105,-24,47
447,321,64,90,26,43,-21,47
62,216,151,197,46,150,-1,47
265,241,191,218,27,171,-20,47
346,82,59,93,34,46,-13,47
344,302,21,68,47,21,0,47
31,253,132,167,35,120,-12,47
354,229,78,93,15,46,-32,47
33,247,178,212,34,165,-13,47
116,382,68,68,0,21,-47,47
33,246,178,212,34,165,-13,47
345,269,178,197,19,150,-28,47
75,219,131,148,17,101,-30,47
131,343,64,103,39,56,-8,47
354,364,21,68,47,21,0,47
30,297,84,117,33,70,-14,47
153,323,187,206,19,159,-28,47
144,329,103,103,0,56,-47,47
334,97,253,254,1,207,-46,47
333,276,50,68,18,21,-29,47
333,277,43,68,25,21,-22,47
333,278,34,68,34,21,-13,47
420,241,148,167,19,120,-28,47
532,532,21,68,47,21,0,47
355,229,78,93,15,46,-32,47
191,308,50,68,18,21,-29,47
191,311,50,68,18,21,-29,47
140,274,74,93,19,46,-28,47
34,238,239,252,13,205,-34,47
43,268,93,115,22,68,-25,47
392,237,131,154,23,107,-24,47
63,216,164,197,33,150,-14,47
221,235,247,253,6,206,-41,47
472,532,253,253,0,206,-47,47
130,265,168,186,18,139,-29,47
187,378,250,252,2,205,-45,47
212,290,199,199,0,152,-47,47
212,307,151,174,23,127,-24,47
43,266,109,127,18,80,-29,47
75,280,72,103,31,56,-16,47
511,260,92,115,23,68,-24,47
322,448,34,68,34,21,-13,47
322,457,253,254,1,207,-46,47
30,298,90,117,27,70,-20,47
465,530,250,253,3,206,-44,47
412,321,218,221,3,174,-44,47
208,235,153,191,38,144,-9,47
476,533,252,253,1,206,-46,47
80,260,126,143,17,96,-30,47
486,290,28,68,40,21,-7,47
45,233,197,206,9,159,-38,47
45,234,185,201,16,154,-31,47
169,385,248,250,2,203,-45,47
79,273,150,170,20,123,-27,47
393,237,131,154,23,107,-24,47
391,359,21,68,47,21,0,47
325,314,237,245,8,198,-39,47
453,62,251,253,2,206,-45,47
405,237,105,134,29,87,-18,47
302,277,243,245,2,198,-45,47
131,276,176,190,14,143,-33,47
343,322,61,93,32,46,-15,47
75,276,72,103,31,56,-16,47
194,303,64,93,29,46,-18,47
249,255,130,152,22,105,-25,47
221,308,137,150,13,103,-34,47
122,225,112,132,20,85,-27,47
389,316,21,68,47,21,0,47
133,262,95,117,22,70,-25,47
80,269,150,173,23,126,-24,47
458,247,142,164,22,117,-25,47
279,375,254,254,0,207,-47,47
34,288,66,111,45,64,-2,47
510,260,99,123,24,76,-23,47
269,356,85,93,8,46,-39,47
269,357,61,93,32,46,-15,47
269,358,59,93,34,46,-13,47
146,225,70,115,45,68,-2,47
466,321,50,68,18,21,-29,47
146,214,160,193,33,146,-14,47
361,313,74,111,37,64,-10,47
445,320,46,68,22,21,-25,47
390,231,34,68,34,21,-13,47
390,236,109,134,25,87,-22,47
40,275,107,131,24,84,-23,47
390,303,34,68,34,21,-13,47
237,349,95,134,39,87,-8,47
237,350,103,134,31,87,-16,47
237,351,134,134,0,87,-47,47
543,53,21,61,40,14,-7,47
250,242,175,213,38,166,-9,47
98,230,87,111,24,64,-23,47
318,293,167,181,14,134,-33,47
418,237,74,93,19,46,-28,47
217,293,95,106,11,59,-36,47
217,294,95,106,11,59,-36,47
217,295,92,106,14,59,-33,47
217,284,90,119,29,72,-18,47
217,289,92,103,11,56,-36,47
446,320,43,68,25,21,-22,47
446,526,250,253,3,206,-44,47
102,228,90,115,25,68,-22,47
361,360,223,224,1,177,-46,47
30,253,153,167,14,120,-33,47
76,269,61,93,32,46,-15,47
23,257,251,252,1,205,-46,47
547,293,21,68,47,21,0,47
236,352,134,134,0,87,-47,47
35,282,78,103,25,56,-22,47
70,213,144,185,41,138,-6,47
185,318,118,139,21,92,-26,47
325,273,248,250,2,203,-45,47
26,296,82,103,21,56,-26,47
481,253,154,172,18,125,-29,47
175,368,125,134,9,87,-38,47
467,248,127,152,25,105,-22,47
341,274,156,177,21,130,-26,47
364,235,179,198,19,151,-28,47
363,312,78,90,12,43,-35,47
507,260,117,139,22,92,-25,47
340,229,72,103,31,56,-16,47
467,321,46,68,22,21,-25,47
367,359,223,223,0,176,-47,47
145,324,106,106,0,59,-47,47
554,276,21,68,47,21,0,47
386,237,142,163,21,116,-26,47
336,277,102,127,25,80,-22,47
494,275,208,208,0,161,-47,47
63,380,252,253,1,206,-46,47
493,256,135,157,22,110,-25,47
79,265,117,140,23,93,-24,47
79,267,123,145,22,98,-25,47
299,273,245,246,1,199,-46,47
93,231,64,93,29,46,-18,47
372,233,93,123,30,76,-17,47
68,211,197,229,32,182,-15,47
550,290,21,68,47,21,0,47
61,227,87,93,6,46,-41,47
214,313,119,142,23,95,-24,47
503,54,254,254,0,207,-47,47
316,230,228,229,1,182,-46,47
130,258,153,172,19,125,-28,47
130,259,145,172,27,125,-20,47
135,317,56,93,37,46,-10,47
216,365,254,254,0,207,-47,47
144,267,131,134,3,87,-44,47
386,231,50,68,18,21,-29,47
311,193,68,93,25,46,-22,47
468,249,144,164,20,117,-27,47
130,330,130,150,20,103,-27,47
77,262,64,90,26,43,-21,47
77,263,68,93,25,46,-22,47
26,266,167,191,24,144,-23,47
457,61,251,254,3,207,-44,47
143,329,95,103,8,56,-39,47
143,330,98,103,5,56,-42,47
416,235,21,68,47,21,0,47
443,324,204,215,11,168,-36,47
377,237,163,183,20,136,-27,47
468,321,46,68,22,21,-25,47
384,237,144,166,22,119,-25,47
39,253,162,162,0,115,-47,47
385,237,144,164,20,117,-27,47
50,269,21,68,47,21,0,47
50,270,34,68,34,21,-13,47
198,288,144,174,30,127,-17,47
149,251,133,134,1,87,-46,47
499,258,132,153,21,106,-26,47
199,299,99,127,28,80,-19,47
199,234,167,199,32,152,-15,47
38,243,133,180,47,133,0,47
66,222,95,111,16,64,-31,47
315,440,254,254,0,207,-47,47
164,334,133,150,17,103,-30,47
144,266,134,134,0,87,-47,47
149,276,59,103,44,56,-3,47
138,330,43,68,25,21,-22,47
138,331,46,68,22,21,-25,47
164,265,144,164,20,117,-27,47
164,264,142,164,22,117,-25,47
78,275,135,157,22,110,-25,47
133,383,253,255,2,208,-45,47
379,237,155,176,21,129,-26,47
470,65,26,72,46,25,-1,47
49,270,68,68,0,21,-47,47
49,271,59,68,9,21,-38,47
49,269,64,68,4,21,-43,47
381,235,103,129,26,82,-21,47
46,261,82,115,33,68,-14,47
46,263,90,111,21,64,-26,47
151,303,130,152,22,105,-25,47
133,245,165,175,10,128,-37,47
180,375,89,106,17,59,-30,47
383,230,21,68,47,21,0,47
314,310,248,249,1,202,-46,47
382,235,101,127,26,80,-21,47
24,255,243,252,9,205,-38,47
151,284,137,169,32,122,-15,47
19,341,252,254,2,207,-45,47
130,257,159,172,13,125,-34,47
121,214,64,90,26,43,-21,47
87,240,134,145,11,98,-36,47
321,297,166,197,31,150,-16,47
321,296,165,197,32,150,-15,47
455,245,112,134,22,87,-25,47
115,382,66,68,2,21,-45,47
347,326,182,202,20,155,-27,47
209,363,89,136,47,89,0,47
328,183,80,90,10,43,-37,47
263,362,247,250,3,203,-44,47
282,217,253,253,0,206,-47,47
411,282,46,80,34,34,-12,46
327,279,21,46,25,0,-21,46
327,280,0,46,46,0,0,46
574,144,21,46,25,0,-21,46
327,201,72,89,17,43,-29,46
326,456,46,46,0,0,-46,46
326,455,43,46,3,0,-43,46
82,214,59,74,15,28,-31,46
328,115,253,254,1,208,-45,46
327,458,39,46,7,0,-39,46
327,457,43,46,3,0,-43,46
263,241,192,213,21,167,-25,46
263,240,209,236,27,190,-19,46
448,280,43,46,3,0,-43,46
50,243,70,105,35,59,-11,46
473,320,21,46,25,0,-21,46
192,320,85,114,29,68,-17,46
92,235,129,144,15,98,-31,46
16,281,74,99,25,53,-21,46
16,282,70,80,10,34,-36,46
408,513,46,46,0,0,-46,46
350,228,56,80,24,34,-22,46
346,366,46,46,0,0,-46,46
440,280,46,46,0,0,-46,46
440,316,28,46,18,0,-28,46
441,280,46,46,0,0,-46,46
48,283,76,80,4,34,-42,46
463,279,39,46,7,0,-39,46
178,377,92,107,15,61,-31,46
499,253,0,46,46,0,0,46
445,280,43,46,3,0,-43,46
445,311,34,74,40,28,-6,46
381,311,21,46,25,0,-21,46
24,271,141,170,29,124,-17,46
95,230,66,92,26,46,-20,46
324,207,56,80,24,34,-22,46
134,252,85,118,33,72,-13,46
134,253,78,110,32,64,-14,46
134,254,76,102,26,56,-20,46
554,272,0,46,46,0,0,46
381,512,43,46,3,0,-43,46
160,221,151,173,22,127,-24,46
160,224,122,131,9,85,-37,46
380,512,28,46,18,0,-28,46
380,230,34,74,40,28,-6,46
20,276,80,114,34,68,-12,46
337,482,46,46,0,0,-46,46
337,483,46,46,0,0,-46,46
337,484,46,46,0,0,-46,46
145,274,87,110,23,64,-23,46
296,229,229,235,6,189,-40,46
296,334,82,128,46,82,0,46
296,340,209,210,1,164,-45,46
428,238,76,92,16,46,-30,46
469,320,21,46,25,0,-21,46
469,345,46,46,0,0,-46,46
46,276,89,105,16,59,-30,46
254,242,172,209,37,163,-9,46
444,280,46,46,0,0,-46,46
444,319,21,46,25,0,-21,46
378,293,28,74,46,28,0,46
560,280,28,46,18,0,-28,46
331,194,8,46,38,0,-8,46
138,333,50,74,24,28,-22,46
164,266,145,164,19,118,-27,46
215,326,105,122,17,76,-29,46
485,254,151,169,18,123,-28,46
164,263,142,163,21,117,-25,46
102,227,74,99,25,53,-21,46
280,364,143,151,8,105,-38,46
137,383,249,254,5,208,-41,46
78,280,139,157,18,111,-28,46
534,265,0,46,46,0,0,46
133,327,56,85,29,39,-17,46
164,329,141,156,15,110,-31,46
42,248,127,151,24,105,-22,46
149,268,59,74,15,28,-31,46
374,313,72,74,2,28,-44,46
375,290,28,46,18,0,-28,46
468,279,39,46,7,0,-39,46
432,318,0,46,46,0,0,46
338,272,87,114,27,68,-19,46
137,330,21,46,25,0,-21,46
151,342,50,80,30,34,-16,46
46,257,96,128,32,82,-14,46
29,255,144,161,17,115,-29,46
526,262,0,46,46,0,0,46
469,279,39,46,7,0,-39,46
499,321,0,46,46,0,0,46
376,312,74,74,0,28,-46,46
377,234,92,120,28,74,-18,46
378,361,43,46,3,0,-43,46
484,249,0,46,46,0,0,46
384,235,96,124,28,78,-18,46
383,512,46,46,0,0,-46,46
324,281,28,46,18,0,-28,46
134,262,76,96,20,50,-26,46
312,424,28,74,46,28,0,46
200,298,127,145,18,99,-28,46
470,320,21,46,25,0,-21,46
470,345,46,46,0,0,-46,46
382,512,46,46,0,0,-46,46
384,512,43,46,3,0,-43,46
385,360,34,46,12,0,-34,46
468,345,46,46,0,0,-46,46
541,531,0,46,46,0,0,46
338,276,125,148,23,102,-23,46
159,224,112,131,19,85,-27,46
66,377,34,46,12,0,-34,46
525,57,21,46,25,0,-21,46
502,334,39,46,7,0,-39,46
372,362,39,46,7,0,-39,46
183,230,170,202,32,156,-14,46
457,247,145,166,21,120,-25,46
564,536,13,46,33,0,-13,46
42,271,50,96,46,50,0,46
416,238,96,124,28,78,-18,46
130,256,156,171,15,125,-31,46
215,288,115,145,30,99,-16,46
190,319,78,110,32,64,-14,46
190,307,68,96,28,50,-18,46
20,290,70,92,22,46,-24,46
377,308,0,46,46,0,0,46
430,236,0,46,46,0,0,46
468,320,21,46,25,0,-21,46
551,271,0,46,46,0,0,46
20,287,72,92,20,46,-26,46
20,288,72,92,20,46,-26,46
450,280,46,46,0,0,-46,46
144,272,87,107,20,61,-26,46
144,273,74,107,33,61,-13,46
216,325,76,105,29,59,-17,46
485,284,34,46,12,0,-34,46
335,277,85,110,25,64,-21,46
64,216,180,197,17,151,-29,46
386,512,39,46,7,0,-39,46
310,419,46,46,0,0,-46,46
20,289,70,92,22,46,-24,46
130,331,125,145,20,99,-26,46
152,269,102,102,0,56,-46,46
152,273,178,178,0,132,-46,46
36,272,56,96,40,50,-6,46
36,261,82,114,32,68,-14,46
502,254,0,46,46,0,0,46
299,394,46,46,0,0,-46,46
329,356,145,183,38,137,-8,46
329,357,173,183,10,137,-36,46
329,470,253,253,0,207,-46,46
456,321,56,74,18,28,-28,46
133,328,59,85,26,39,-20,46
133,329,59,85,26,39,-20,46
402,239,164,183,19,137,-27,46
561,51,0,46,46,0,0,46
561,279,28,46,18,0,-28,46
214,309,110,136,26,90,-20,46
214,314,119,142,23,96,-23,46
231,354,89,126,37,80,-9,46
329,199,56,80,24,34,-22,46
415,281,39,46,7,0,-39,46
299,393,28,46,18,0,-28,46
368,229,34,74,40,28,-6,46
504,334,43,46,3,0,-43,46
503,259,124,144,20,98,-26,46
152,285,151,183,32,137,-14,46
371,362,43,46,3,0,-43,46
370,362,43,46,3,0,-43,46
503,334,46,46,0,0,-46,46
132,347,84,99,15,53,-31,46
443,280,46,46,0,0,-46,46
158,304,110,136,26,90,-20,46
20,303,68,92,24,46,-22,46
317,296,217,226,9,180,-37,46
369,362,39,46,7,0,-39,46
316,432,39,46,7,0,-39,46
549,270,0,46,46,0,0,46
403,235,84,92,8,46,-38,46
213,310,136,156,20,110,-26,46
325,302,6,51,45,5,-1,46
529,263,0,46,46,0,0,46
28,254,145,166,21,120,-25,46
325,204,72,85,13,39,-33,46
386,360,43,46,3,0,-43,46
387,512,34,46,12,0,-34,46
79,264,114,136,22,90,-24,46
530,266,68,85,17,39,-29,46
213,311,141,156,15,110,-31,46
165,303,137,158,21,112,-25,46
329,227,50,85,35,39,-11,46
329,198,66,85,19,39,-27,46
143,221,59,96,37,50,-9,46
14,292,66,105,39,59,-7,46
236,245,160,168,8,122,-38,46
505,255,0,46,46,0,0,46
340,358,194,198,4,152,-42,46
523,323,28,46,18,0,-28,46
368,362,28,46,18,0,-28,46
55,277,28,46,18,0,-28,46
467,346,39,46,7,0,-39,46
442,280,46,46,0,0,-46,46
49,245,78,89,11,43,-35,46
367,230,74,80,6,34,-40,46
235,242,184,219,35,173,-11,46
505,333,43,46,3,0,-43,46
467,279,39,46,7,0,-39,46
316,431,43,46,3,0,-43,46
413,281,34,46,12,0,-34,46
414,281,34,46,12,0,-34,46
213,308,129,156,27,110,-19,46
213,309,132,156,24,110,-22,46
213,297,181,190,9,144,-37,46
157,303,136,156,20,110,-26,46
293,365,109,118,9,72,-37,46
278,227,68,74,6,28,-40,46
47,247,46,80,34,34,-12,46
236,242,185,219,34,173,-12,46
506,326,196,210,14,164,-32,46
21,261,250,253,3,207,-43,46
47,276,66,89,23,43,-23,46
47,277,66,89,23,43,-23,46
137,258,56,92,36,46,-10,46
568,47,254,254,0,208,-46,46
455,321,56,74,18,28,-28,46
201,300,132,148,16,102,-30,46
471,320,21,46,25,0,-21,46
471,345,43,46,3,0,-43,46
297,205,106,128,22,82,-24,46
94,230,56,85,29,39,-17,46
325,280,46,46,0,0,-46,46
325,286,21,46,25,0,-21,46
325,287,21,46,25,0,-21,46
539,271,132,153,21,107,-25,46
28,255,131,161,30,115,-16,46
492,256,144,163,19,117,-27,46
89,238,138,151,13,105,-33,46
149,318,103,110,7,64,-39,46
82,244,68,99,31,53,-15,46
404,317,0,46,46,0,0,46
508,279,46,46,0,0,-46,46
362,312,72,85,13,39,-33,46
195,281,190,195,5,149,-41,46
195,296,103,130,27,84,-19,46
54,334,28,46,18,0,-28,46
76,283,76,107,31,61,-15,46
270,356,74,85,11,39,-35,46
270,357,46,85,39,39,-7,46
237,246,160,163,3,117,-43,46
507,278,0,46,46,0,0,46
507,279,46,46,0,0,-46,46
507,326,196,210,14,164,-32,46
76,219,138,149,11,103,-35,46
481,248,0,46,46,0,0,46
148,343,74,92,18,46,-28,46
452,319,21,46,25,0,-21,46
442,241,89,96,7,50,-39,46
53,333,28,46,18,0,-28,46
318,294,173,199,26,153,-20,46
82,255,130,153,23,107,-23,46
418,356,43,46,3,0,-43,46
217,288,90,102,12,56,-34,46
217,313,64,80,16,34,-30,46
311,366,59,74,15,28,-31,46
446,319,21,46,25,0,-21,46
446,350,46,46,0,0,-46,46
318,366,21,46,25,0,-21,46
35,236,244,252,8,206,-38,46
30,254,138,166,28,120,-18,46
341,366,43,46,3,0,-43,46
30,269,115,144,29,98,-17,46
508,278,21,46,25,0,-21,46
445,319,21,46,25,0,-21,46
122,223,68,96,28,50,-18,46
221,325,109,116,7,70,-39,46
423,280,46,46,0,0,-46,46
424,280,46,46,0,0,-46,46
388,356,228,228,0,182,-46,46
388,512,34,46,12,0,-34,46
18,320,43,46,3,0,-43,46
18,321,46,46,0,0,-46,46
40,257,107,141,34,95,-12,46
360,510,28,74,46,28,0,46
319,215,53,80,27,34,-19,46
270,225,252,253,1,207,-45,46
21,305,78,92,14,46,-32,46
98,231,102,124,22,78,-24,46
289,209,253,253,0,207,-46,46
389,512,34,46,12,0,-34,46
390,79,46,46,0,0,-46,46
445,350,39,46,7,0,-39,46
150,318,84,110,26,64,-20,46
446,242,92,105,13,59,-33,46
446,280,43,46,3,0,-43,46
80,268,145,169,24,123,-22,46
80,270,155,175,20,129,-26,46
449,280,43,46,3,0,-43,46
462,243,0,46,46,0,0,46
288,262,164,210,46,164,0,46
238,349,107,136,29,90,-17,46
71,213,184,184,0,138,-46,46
176,216,251,253,2,207,-44,46
361,312,66,80,14,34,-32,46
53,225,186,190,4,144,-42,46
397,233,61,80,19,34,-27,46
472,320,21,46,25,0,-21,46
447,64,253,254,1,208,-45,46
539,270,115,136,21,90,-25,46
150,303,130,151,21,105,-25,46
124,215,61,89,28,43,-18,46
459,246,117,142,25,96,-21,46
329,184,70,80,10,34,-36,46
329,195,70,85,15,39,-31,46
328,312,18,50,32,4,-14,46
166,226,158,187,29,141,-17,46
276,228,39,80,41,34,-5,46
194,309,39,46,7,0,-39,46
466,279,39,46,7,0,-39,46
132,333,70,99,29,53,-17,46
221,307,141,151,10,105,-36,46
43,258,127,152,25,106,-21,46
412,281,34,46,12,0,-34,46
140,255,125,144,19,98,-27,46
140,256,126,144,18,98,-28,46
342,366,46,46,0,0,-46,46
156,303,138,157,19,111,-27,46
465,325,204,216,12,170,-34,46
439,317,28,46,18,0,-28,46
465,279,39,46,7,0,-39,46
156,280,168,188,20,142,-26,46
156,281,188,193,5,147,-41,46
356,322,175,205,30,159,-16,46
323,208,64,85,21,39,-25,46
343,289,34,46,12,0,-34,46
356,318,158,175,17,129,-29,46
71,222,46,85,39,39,-7,46
511,330,21,46,25,0,-21,46
453,241,0,46,46,0,0,46
447,280,43,46,3,0,-43,46
123,385,251,253,2,207,-44,46
18,322,46,46,0,0,-46,46
391,79,39,46,7,0,-39,46
130,266,170,188,18,142,-28,46
217,314,64,80,16,34,-30,46
447,350,46,46,0,0,-46,46
219,280,46,92,46,46,0,46
126,222,53,80,27,34,-19,46
556,277,0,46,46,0,0,46
185,230,167,202,35,156,-11,46
328,186,21,46,25,0,-21,46
212,233,247,253,6,207,-40,46
480,253,158,176,18,130,-28,46
57,220,194,196,2,150,-44,46
422,240,117,142,25,96,-21,46
422,280,43,46,3,0,-43,46
79,289,115,138,23,92,-23,46
125,222,53,80,27,34,-19,46
419,280,34,46,12,0,-34,46
57,266,64,80,16,34,-30,46
420,280,39,46,7,0,-39,46
355,318,137,158,21,112,-25,46
354,315,78,107,29,61,-17,46
354,319,122,144,22,98,-24,46
520,260,0,46,46,0,0,46
191,322,131,152,21,106,-25,46
179,217,249,252,3,206,-43,46
117,213,46,85,39,39,-7,46
34,240,208,246,38,200,-8,46
345,90,34,80,46,34,0,46
351,319,85,116,31,70,-15,46
352,233,180,200,20,154,-26,46
153,386,59,105,46,59,0,46
354,253,211,225,14,179,-32,46
353,318,98,122,24,76,-22,46
72,222,72,85,13,39,-33,46
514,261,87,110,23,64,-23,46
247,342,90,107,17,61,-29,46
247,343,74,107,33,61,-13,46
344,92,89,105,16,59,-30,46
344,264,99,128,29,82,-17,46
99,209,255,255,0,209,-46,46
343,366,46,46,0,0,-46,46
75,282,68,96,28,50,-18,46
57,217,195,224,29,178,-17,46
441,276,213,214,1,168,-45,46
332,198,28,46,18,0,-28,46
326,279,46,46,0,0,-46,46
326,280,43,46,3,0,-43,46
326,281,28,46,18,0,-28,46
326,282,21,46,25,0,-21,46
487,279,46,46,0,0,-46,46
144,333,102,105,3,59,-43,46
50,225,169,183,14,137,-32,46
41,240,189,207,18,161,-28,46
62,213,241,252,11,206,-35,46
309,291,154,195,41,149,-5,46
345,366,46,46,0,0,-46,46
321,445,43,46,3,0,-43,46
344,366,46,46,0,0,-46,46
248,254,134,155,21,109,-25,46
346,334,221,226,5,180,-41,46
322,209,68,89,21,43,-25,46
247,253,136,156,20,110,-26,46
48,245,56,89,33,43,-13,46
440,238,0,46,46,0,0,46
328,200,64,85,21,39,-25,46
328,201,53,80,27,34,-19,46
139,256,103,130,27,84,-19,46
59,266,21,46,25,0,-21,46
478,291,39,46,7,0,-39,46
44,224,244,252,8,206,-38,46
167,373,56,89,33,43,-13,46
135,247,90,128,38,82,-8,46
44,247,109,122,13,76,-33,46
407,513,46,46,0,0,-46,46
479,290,34,46,12,0,-34,46
345,289,28,46,18,0,-28,46
326,204,64,80,16,34,-30,46
557,276,21,46,25,0,-21,46
219,293,66,105,39,59,-7,46
219,286,56,102,46,56,0,46
144,332,98,102,4,56,-42,46
418,520,253,253,0,207,-46,46
419,241,152,171,19,125,-27,46
26,352,250,252,2,206,-44,46
331,476,253,253,0,207,-46,46
332,102,253,253,0,207,-46,46
307,365,53,80,27,34,-19,46
131,335,90,112,22,66,-24,46
514,321,0,46,46,0,0,46
346,262,103,136,33,90,-13,46
518,322,0,46,46,0,0,46
132,263,117,139,22,93,-24,46
411,356,39,46,7,0,-39,46
409,513,39,46,7,0,-39,46
327,278,34,46,12,0,-34,46
177,367,140,142,2,96,-44,46
348,366,46,46,0,0,-46,46
464,279,39,46,7,0,-39,46
139,274,50,74,24,28,-22,46
284,354,177,182,5,136,-41,46
537,274,202,202,0,156,-46,46
192,370,68,99,31,53,-15,46
134,320,56,96,40,50,-6,46
349,366,46,46,0,0,-46,46
421,280,39,46,7,0,-39,46
421,318,0,46,46,0,0,46
218,325,34,74,40,28,-6,46
380,231,72,74,2,28,-44,46
380,237,152,173,21,127,-25,46
380,292,28,46,18,0,-28,46
314,367,21,46,25,0,-21,46
449,350,46,46,0,0,-46,46
24,270,151,170,19,124,-27,46
48,279,39,85,46,39,0,46
347,230,89,120,31,74,-15,46
321,443,46,46,0,0,-46,46
321,444,46,46,0,0,-46,46
347,366,46,46,0,0,-46,46
184,230,168,202,34,156,-12,46
575,144,0,46,46,0,0,46
448,350,46,46,0,0,-46,46
148,304,110,131,21,85,-25,46
347,233,188,205,17,159,-29,46
537,282,21,66,45,21,0,45
148,249,92,125,33,80,-12,45
23,275,135,174,39,129,-6,45
477,342,28,66,38,21,-7,45
477,252,157,173,16,128,-29,45
407,237,101,129,28,84,-17,45
60,257,39,66,27,21,-18,45
133,346,53,84,31,39,-14,45
31,296,105,115,10,70,-35,45
287,226,43,66,23,21,-22,45
55,258,21,66,45,21,0,45
23,277,144,174,30,129,-15,45
191,225,168,182,14,137,-31,45
132,345,61,95,34,50,-11,45
339,275,132,154,22,109,-23,45
29,272,119,129,10,84,-35,45
277,369,14,57,43,12,-2,45
340,280,184,209,25,164,-20,45
69,220,64,95,31,50,-14,45
367,300,43,66,23,21,-22,45
235,246,122,160,38,115,-7,45
366,232,93,123,30,78,-15,45
339,277,148,170,22,125,-23,45
147,249,105,125,20,80,-25,45
147,250,80,115,35,70,-10,45
37,265,112,125,13,80,-32,45
502,259,130,150,20,105,-25,45
166,303,139,160,21,115,-24,45
43,249,105,127,22,82,-23,45
212,293,188,190,2,145,-43,45
129,384,251,254,3,209,-42,45
329,112,251,254,3,209,-42,45
329,124,96,140,44,95,-1,45
43,248,106,127,21,82,-24,45
243,345,119,119,0,74,-45,45
132,253,126,144,18,99,-27,45
132,254,127,144,17,99,-28,45
456,247,147,170,23,125,-22,45
405,70,254,254,0,209,-45,45
58,267,46,66,20,21,-25,45
90,233,70,98,28,53,-17,45
481,534,254,255,1,210,-44,45
482,59,252,252,0,207,-45,45
144,209,253,253,0,208,-45,45
140,277,72,95,23,50,-22,45
22,259,252,253,1,208,-44,45
517,317,21,66,45,21,0,45
435,521,21,66,45,21,0,45
130,332,119,140,21,95,-24,45
23,276,132,174,42,129,-3,45
338,277,134,156,22,111,-23,45
198,234,167,197,30,152,-15,45
198,285,178,182,4,137,-41,45
32,244,199,229,30,184,-15,45
58,252,28,66,38,21,-7,45
31,280,74,119,45,74,0,45
347,320,68,98,30,53,-15,45
374,318,205,220,15,175,-30,45
339,270,84,111,27,66,-18,45
83,251,135,155,20,110,-25,45
23,268,160,192,32,147,-13,45
287,353,156,184,28,139,-17,45
101,228,82,106,24,61,-21,45
288,225,64,66,2,21,-43,45
433,239,85,95,10,50,-35,45
130,341,84,109,25,64,-20,45
364,313,90,123,33,78,-12,45
236,247,117,160,43,115,-2,45
507,259,99,123,24,78,-21,45
214,294,127,160,33,115,-12,45
246,252,136,154,18,109,-27,45
154,273,160,178,18,133,-27,45
16,305,64,66,2,21,-43,45
26,264,193,202,9,157,-36,45
467,249,148,168,20,123,-25,45
376,237,167,186,19,141,-26,45
377,289,28,66,38,21,-7,45
323,459,253,254,1,209,-44,45
47,267,61,95,34,50,-11,45
379,280,232,239,7,194,-38,45
152,340,89,106,17,61,-28,45
76,282,85,111,26,66,-19,45
58,259,46,66,20,21,-25,45
475,343,28,66,38,21,-7,45
42,272,50,95,45,50,0,45
90,237,137,150,13,105,-32,45
415,519,251,253,2,208,-43,45
133,330,59,84,25,39,-20,45
30,242,249,254,5,209,-40,45
271,360,133,138,5,93,-40,45
20,275,89,123,34,78,-11,45
338,192,46,66,20,21,-25,45
137,338,46,66,20,21,-25,45
428,353,28,66,38,21,-7,45
199,297,118,144,26,99,-19,45
199,298,109,135,26,90,-19,45
46,323,46,66,20,21,-25,45
338,278,143,164,21,119,-24,45
78,214,154,169,15,124,-30,45
132,315,158,173,15,128,-30,45
363,235,184,201,17,156,-28,45
144,255,89,125,36,80,-9,45
346,257,76,117,41,72,-4,45
42,243,166,180,14,135,-31,45
42,247,126,151,25,106,-20,45
164,303,135,156,21,111,-24,45
149,278,105,115,10,70,-35,45
380,81,34,66,32,21,-13,45
551,289,21,66,45,21,0,45
567,47,254,254,0,209,-45,45
143,271,76,109,33,64,-12,45
469,321,46,66,20,21,-25,45
337,279,134,155,21,110,-24,45
190,285,151,160,9,115,-36,45
48,233,153,175,22,130,-23,45
155,279,149,172,23,127,-22,45
305,281,244,245,1,200,-44,45
164,262,144,164,20,119,-25,45
155,303,139,157,18,112,-27,45
400,278,236,236,0,191,-45,45
121,225,106,127,21,82,-24,45
381,319,189,209,20,164,-25,45
160,210,252,254,2,209,-43,45
380,319,195,212,17,167,-28,45
337,260,246,249,3,204,-42,45
114,382,64,66,2,21,-43,45
131,251,151,177,26,132,-19,45
509,261,123,144,21,99,-24,45
46,262,87,111,24,66,-21,45
381,237,151,170,19,125,-26,45
65,222,96,111,15,66,-30,45
38,362,245,254,9,209,-36,45
130,260,145,170,25,125,-20,45
417,235,21,66,45,21,0,45
417,238,93,119,26,74,-19,45
216,275,149,165,16,120,-29,45
216,278,159,168,9,123,-36,45
163,340,120,135,15,90,-30,45
559,539,254,254,0,209,-45,45
26,300,95,134,39,89,-6,45
330,314,36,61,25,16,-20,45
23,267,156,192,36,147,-9,45
153,251,116,135,19,90,-26,45
250,257,120,144,24,99,-21,45
342,272,154,175,21,130,-24,45
160,280,163,181,18,136,-27,45
24,263,178,202,24,157,-21,45
527,307,21,66,45,21,0,45
336,362,192,207,15,162,-30,45
134,263,70,95,25,50,-20,45
345,327,172,192,20,147,-25,45
140,264,110,119,9,74,-36,45
149,303,131,151,20,106,-25,45
417,241,161,179,18,134,-27,45
474,251,151,171,20,126,-25,45
351,262,191,209,18,164,-27,45
351,324,192,210,18,165,-27,45
155,317,172,174,2,129,-43,45
14,297,59,98,39,53,-6,45
288,351,178,197,19,152,-26,45
286,354,156,182,26,137,-19,45
200,296,144,163,19,118,-26,45
470,321,46,66,20,21,-25,45
39,243,152,178,26,133,-19,45
383,235,98,125,27,80,-18,45
552,288,21,66,45,21,0,45
554,48,255,255,0,210,-45,45
360,311,34,66,32,21,-13,45
140,275,74,95,21,50,-24,45
140,276,72,95,23,50,-22,45
217,321,70,84,14,39,-31,45
80,267,143,164,21,119,-24,45
163,303,135,156,21,111,-24,45
33,244,214,229,15,184,-30,45
320,302,149,152,3,107,-42,45
358,311,34,66,32,21,-13,45
336,276,93,119,26,74,-19,45
494,257,144,165,21,120,-24,45
15,305,28,66,38,21,-7,45
28,272,96,129,33,84,-12,45
24,261,182,208,26,163,-19,45
383,237,146,167,21,122,-24,45
218,284,74,95,21,50,-24,45
419,239,107,134,27,89,-18,45
57,262,28,66,38,21,-7,45
473,321,43,66,23,21,-22,45
80,220,21,66,45,21,0,45
45,223,234,248,14,203,-31,45
418,241,156,175,19,130,-26,45
155,337,103,125,22,80,-23,45
546,294,21,66,45,21,0,45
131,262,129,159,30,114,-15,45
466,249,152,172,20,127,-25,45
141,224,64,101,37,56,-8,45
151,226,82,119,37,74,-8,45
336,194,43,66,23,21,-22,45
424,522,253,254,1,209,-44,45
161,303,134,156,22,111,-23,45
33,290,116,125,9,80,-36,45
354,256,183,205,22,160,-23,45
353,317,95,115,20,70,-25,45
421,241,142,162,20,117,-25,45
150,220,157,164,7,119,-38,45
286,226,53,66,13,21,-32,45
421,521,253,253,0,208,-45,45
191,310,46,66,20,21,-25,45
345,92,85,101,16,56,-29,45
345,263,101,130,29,85,-16,45
54,280,66,66,0,21,-45,45
153,274,164,178,14,133,-31,45
239,347,93,127,34,82,-11,45
18,324,39,66,27,21,-18,45
79,263,112,134,22,89,-23,45
161,278,153,176,23,131,-22,45
471,321,46,66,20,21,-25,45
297,229,227,234,7,189,-38,45
297,367,21,66,45,21,0,45
176,370,70,95,25,50,-20,45
274,227,84,101,17,56,-28,45
531,532,21,66,45,21,0,45
144,321,56,95,39,50,-6,45
488,535,251,253,2,208,-43,45
40,363,244,254,10,209,-35,45
142,371,80,101,21,56,-24,45
13,315,252,252,0,207,-45,45
191,301,137,151,14,106,-31,45
191,309,46,66,20,21,-25,45
395,238,152,172,20,127,-25,45
219,297,59,95,36,50,-9,45
162,303,134,156,22,111,-23,45
93,234,120,137,17,92,-28,45
146,249,115,125,10,80,-35,45
140,279,72,95,23,50,-22,45
117,226,101,125,24,80,-21,45
334,473,21,66,45,21,0,45
335,104,101,137,36,92,-9,45
102,212,50,95,45,50,0,45
460,248,160,177,17,132,-28,45
424,354,28,66,38,21,-7,45
249,256,120,144,24,99,-21,45
356,311,43,66,23,21,-22,45
391,231,21,66,45,21,0,45
391,236,107,132,25,87,-20,45
130,267,172,189,17,144,-28,45
130,268,173,190,17,145,-28,45
472,321,46,66,20,21,-25,45
221,306,142,151,9,106,-36,45
221,309,134,144,10,99,-35,45
357,311,39,66,27,21,-18,45
34,242,199,229,30,184,-15,45
153,313,136,138,2,93,-43,45
57,223,122,157,35,112,-10,45
422,241,137,157,20,112,-25,45
447,320,43,66,23,21,-22,45
124,211,255,255,0,210,-45,45
392,236,107,132,25,87,-20,45
325,305,4,48,44,3,-1,45
188,303,151,171,20,126,-25,45
459,247,139,160,21,115,-24,45
309,286,241,243,2,198,-43,45
156,259,148,175,27,130,-18,45
245,251,136,152,16,107,-29,45
51,227,163,174,11,129,-34,45
51,234,72,95,23,50,-22,45
142,255,137,144,7,99,-38,45
25,270,127,154,27,109,-18,45
139,257,115,130,15,85,-30,45
142,328,56,95,39,50,-6,45
47,231,196,218,22,173,-23,45
158,303,135,155,20,110,-25,45
143,257,89,134,45,89,0,45
96,231,92,111,19,66,-26,45
55,280,28,66,38,21,-7,45
55,281,46,66,20,21,-25,45
196,369,249,254,5,209,-40,45
264,240,209,236,27,191,-18,45
409,240,169,188,19,144,-25,44
282,350,68,72,4,28,-40,44
281,371,31,46,15,2,-29,44
55,269,59,78,19,34,-25,44
196,368,247,253,6,209,-38,44
339,276,140,161,21,117,-23,44
287,352,173,192,19,148,-25,44
47,233,156,186,30,142,-14,44
369,229,34,72,38,28,-6,44
368,230,72,78,6,34,-38,44
369,230,70,78,8,34,-36,44
145,318,50,87,37,43,-7,44
327,203,53,78,25,34,-19,44
82,216,50,72,22,28,-22,44
82,215,53,72,19,28,-25,44
167,370,110,122,12,78,-32,44
408,237,98,126,28,82,-16,44
408,240,172,190,18,146,-26,44
406,236,87,105,18,61,-26,44
453,244,102,118,16,74,-28,44
185,224,154,186,32,142,-12,44
517,262,85,103,18,59,-26,44
252,259,123,143,20,99,-24,44
252,240,242,253,11,209,-33,44
196,294,144,158,14,114,-30,44
191,283,144,160,16,116,-28,44
442,324,205,215,10,171,-34,44
119,226,111,131,20,87,-24,44
370,513,255,255,0,211,-44,44
371,236,167,186,19,142,-25,44
340,275,148,168,20,124,-24,44
489,61,21,53,32,9,-12,44
33,286,59,103,44,59,0,44
512,262,116,137,21,93,-23,44
156,226,92,128,36,84,-8,44
50,220,220,249,29,205,-15,44
458,321,53,72,19,28,-25,44
182,218,249,253,4,209,-40,44
219,314,43,78,35,34,-9,44
88,235,76,105,29,61,-15,44
140,273,74,90,16,46,-28,44
131,336,89,110,21,66,-23,44
511,262,123,145,22,101,-22,44
459,321,53,72,19,28,-25,44
286,365,105,116,11,72,-33,44
460,321,53,72,19,28,-25,44
49,283,53,78,25,34,-19,44
448,321,61,87,26,43,-18,44
298,229,226,233,7,189,-37,44
33,259,173,195,22,151,-22,44
357,234,194,212,18,168,-26,44
388,238,158,178,20,134,-24,44
256,264,124,139,15,95,-29,44
201,303,112,136,24,92,-20,44
357,318,175,188,13,144,-31,44
320,212,70,87,17,43,-27,44
54,252,61,87,26,43,-18,44
99,230,96,118,22,74,-22,44
162,371,80,110,30,66,-14,44
147,344,70,87,17,43,-27,44
27,247,250,252,2,208,-42,44
219,294,64,103,39,59,-5,44
489,57,252,253,1,209,-43,44
218,304,28,72,44,28,0,44
307,321,238,238,0,194,-44,44
449,243,96,114,18,70,-26,44
149,332,56,78,22,34,-22,44
80,271,160,178,18,134,-26,44
335,193,64,72,8,28,-36,44
79,213,145,154,9,110,-35,44
357,322,173,204,31,160,-13,44
358,228,43,72,29,28,-15,44
131,255,139,156,17,112,-27,44
28,253,137,166,29,122,-15,44
359,510,28,72,44,28,0,44
389,238,156,176,20,132,-24,44
513,261,93,116,23,72,-21,44
116,386,252,255,3,211,-41,44
45,265,106,124,18,80,-26,44
33,242,225,231,6,187,-38,44
80,266,140,161,21,117,-23,44
331,231,218,223,5,179,-39,44
331,356,186,193,7,149,-37,44
161,222,127,155,28,111,-16,44
385,235,95,122,27,78,-17,44
255,242,173,205,32,161,-12,44
121,382,82,105,23,61,-21,44
137,342,53,72,19,28,-25,44
28,290,72,103,31,59,-13,44
493,275,208,208,0,164,-44,44
335,191,39,72,33,28,-11,44
335,192,46,72,26,28,-18,44
33,262,139,158,19,114,-25,44
396,516,254,254,0,210,-44,44
218,303,34,72,38,28,-6,44
84,215,50,72,22,28,-22,44
84,216,46,72,26,28,-18,44
321,138,253,253,0,209,-44,44
140,265,105,116,11,72,-33,44
45,244,76,105,29,61,-15,44
200,303,93,120,27,76,-17,44
39,234,213,238,25,194,-19,44
382,516,254,254,0,210,-44,44
39,250,171,173,2,129,-42,44
360,231,95,131,36,87,-8,44
360,313,70,105,35,61,-9,44
279,226,72,87,15,43,-29,44
279,227,64,72,8,28,-36,44
291,266,173,212,39,168,-5,44
291,347,195,199,4,155,-40,44
33,239,246,252,6,208,-38,44
44,360,50,78,28,34,-16,44
216,286,101,131,30,87,-14,44
80,261,128,145,17,101,-27,44
326,205,39,72,33,28,-11,44
330,198,46,72,26,28,-18,44
138,332,50,72,22,28,-22,44
496,317,28,72,44,28,0,44
153,249,128,142,14,98,-30,44
521,324,59,78,19,34,-25,44
160,279,148,173,25,129,-19,44
325,181,76,90,14,46,-30,44
28,291,61,103,42,59,-2,44
28,292,78,103,25,59,-19,44
320,308,245,250,5,206,-39,44
345,362,226,228,2,184,-42,44
84,214,56,72,16,28,-28,44
38,279,114,118,4,74,-40,44
30,271,117,139,22,95,-22,44
76,215,144,188,44,144,0,44
56,251,66,87,21,43,-23,44
30,270,122,139,17,95,-27,44
195,286,125,129,4,85,-40,44
195,224,252,253,1,209,-43,44
56,252,84,87,3,43,-41,44
56,255,66,78,12,34,-32,44
56,256,56,72,16,28,-28,44
470,250,152,172,20,128,-24,44
53,222,195,204,9,160,-35,44
381,230,28,72,44,28,0,44
381,231,70,72,2,28,-42,44
382,237,148,168,20,124,-24,44
260,270,111,136,25,92,-19,44
508,261,130,150,20,106,-24,44
177,228,176,195,19,151,-25,44
48,238,126,143,17,99,-27,44
48,243,82,105,23,61,-21,44
155,273,138,167,29,123,-15,44
138,335,56,78,22,34,-22,44
400,234,72,87,15,43,-29,44
42,228,223,239,16,195,-28,44
149,305,85,110,25,66,-19,44
416,241,166,183,17,139,-27,44
484,254,156,173,17,129,-27,44
380,357,228,228,0,184,-44,44
53,256,59,78,19,34,-25,44
151,317,76,110,34,66,-10,44
337,228,61,90,29,46,-15,44
337,232,193,210,17,166,-27,44
138,336,61,78,17,34,-27,44
50,283,39,78,39,34,-5,44
457,321,56,72,16,28,-28,44
330,185,56,72,16,28,-28,44
42,239,175,192,17,148,-27,44
73,213,173,192,19,148,-25,44
73,214,169,192,23,148,-21,44
73,215,174,192,18,148,-26,44
38,280,118,118,0,74,-44,44
379,319,199,215,16,171,-28,44
145,273,102,110,8,66,-36,44
444,312,34,72,38,28,-6,44
180,369,53,87,34,43,-10,44
498,536,246,253,7,209,-37,44
497,55,251,253,2,209,-42,44
85,244,134,151,17,107,-27,44
341,267,85,112,27,68,-17,44
155,272,146,167,21,123,-23,44
48,246,43,78,35,34,-9,44
193,222,253,254,1,210,-43,44
134,311,150,164,14,120,-30,44
58,255,61,72,11,28,-33,44
476,252,161,177,16,133,-28,44
401,233,43,72,29,28,-15,44
17,269,252,253,1,209,-43,44
456,300,39,72,33,28,-11,44
186,221,246,253,7,209,-37,44
147,214,165,175,10,131,-34,44
38,250,138,173,35,129,-9,44
49,220,239,250,11,206,-33,44
164,335,131,147,16,103,-28,44
154,228,142,158,16,114,-28,44
346,233,188,206,18,162,-26,44
16,299,59,90,31,46,-13,44
149,250,109,133,24,89,-20,44
26,259,119,163,44,119,0,44
330,197,53,72,19,28,-25,44
451,246,141,162,21,118,-23,44
440,276,214,215,1,171,-43,44
54,222,186,204,18,160,-26,44
192,299,122,142,20,98,-24,44
526,53,253,253,0,209,-44,44
315,230,228,230,2,186,-42,44
315,364,111,112,1,68,-43,44
86,242,139,151,12,107,-32,44
120,225,101,122,21,78,-23,44
324,205,76,90,14,46,-30,44
77,286,89,116,27,72,-17,44
178,220,192,202,10,158,-34,44
349,228,56,78,22,34,-22,44
32,243,187,231,44,187,0,44
82,243,64,90,26,46,-18,44
81,246,66,90,24,46,-20,44
81,257,130,145,15,101,-29,44
135,286,158,176,18,132,-26,44
60,378,253,254,1,210,-43,44
186,230,162,202,40,158,-4,44
136,313,90,120,30,76,-14,44
229,355,85,122,37,78,-7,44
323,312,246,246,0,202,-44,44
12,310,253,253,0,209,-44,44
550,537,251,254,3,210,-41,44
246,253,123,151,28,107,-16,44
347,228,56,78,22,34,-22,44
185,319,134,150,16,106,-28,44
165,304,115,139,24,95,-20,44
31,350,39,72,33,28,-11,44
154,332,74,112,38,68,-6,44
196,227,249,253,4,209,-40,44
196,228,249,253,4,209,-40,44
196,229,249,253,4,209,-40,44
196,230,249,253,4,209,-40,44
55,216,236,251,15,207,-29,44
118,226,105,128,23,84,-21,44
317,362,93,126,33,82,-11,44
317,363,120,126,6,82,-38,44
83,252,138,160,22,116,-22,44
83,253,142,164,22,120,-22,44
192,300,118,142,24,98,-20,44
177,370,59,87,28,43,-16,44
49,246,66,78,12,34,-32,44
461,321,53,72,19,28,-25,44
83,254,145,167,22,123,-22,44
157,385,46,90,44,46,0,44
505,326,196,210,14,166,-30,44
339,278,156,178,22,134,-22,44
524,264,74,90,16,46,-28,44
47,226,138,177,39,133,-5,44
44,251,90,120,30,76,-14,44
44,252,105,120,15,76,-29,44
25,286,90,103,13,59,-31,44
43,238,167,186,19,142,-25,44
348,266,190,207,17,163,-27,44
25,261,184,194,10,150,-34,44
148,344,72,87,15,43,-29,44
452,246,138,160,22,116,-22,44
282,364,135,147,12,103,-32,44
348,228,56,78,22,34,-22,44
347,333,180,221,41,177,-3,44
36,236,227,250,23,206,-21,44
281,352,53,72,19,28,-25,44
141,371,85,103,18,59,-26,44
283,350,72,72,0,28,-44,44
281,351,70,72,2,28,-42,44
16,283,66,72,6,28,-38,44
16,284,61,72,11,28,-33,44
454,246,134,156,22,112,-22,44
184,317,111,133,22,89,-22,44
455,301,28,72,44,28,0,44
409,237,96,124,28,80,-16,44
55,252,87,87,0,43,-44,44
55,255,50,78,28,34,-16,44
171,370,85,116,31,72,-13,44
146,344,53,87,34,43,-10,44
323,207,74,90,16,46,-28,44
124,222,53,78,25,34,-19,44
45,263,111,129,18,85,-26,44
491,256,150,168,18,124,-26,44
150,317,106,110,4,66,-40,44
156,256,130,156,26,112,-18,44
333,363,186,191,5,147,-39,44
79,285,136,153,17,109,-27,44
79,290,111,134,23,90,-21,44
355,321,159,180,21,136,-23,44
153,305,84,112,28,68,-16,44
274,246,156,200,44,156,0,44
154,305,87,114,27,70,-17,44
282,351,68,72,4,28,-40,44
327,281,0,43,43,0,0,43
281,364,139,149,10,106,-33,43
264,239,233,252,19,209,-24,43
148,303,130,150,20,107,-23,43
328,199,72,89,17,46,-26,43
289,379,46,71,25,28,-18,43
142,330,68,99,31,56,-12,43
192,283,125,144,19,101,-24,43
55,282,59,64,5,21,-38,43
504,326,197,210,13,167,-30,43
549,284,28,43,15,0,-28,43
132,255,120,144,24,101,-19,43
327,411,28,43,15,0,-28,43
59,264,28,43,15,0,-28,43
478,247,0,43,43,0,0,43
477,320,21,43,22,0,-21,43
477,321,43,64,21,21,-22,43
167,372,85,89,4,46,-39,43
407,357,34,43,9,0,-34,43
408,357,34,43,9,0,-34,43
478,320,21,43,22,0,-21,43
478,321,43,64,21,21,-22,43
368,301,21,43,22,0,-21,43
152,305,82,109,27,66,-16,43
523,261,0,43,43,0,0,43
340,366,43,43,0,0,-43,43
340,502,247,253,6,210,-37,43
340,503,249,253,4,210,-39,43
29,349,34,43,9,0,-34,43
405,357,34,43,9,0,-34,43
406,240,175,194,19,151,-24,43
479,253,162,180,18,137,-25,43
479,320,21,43,22,0,-21,43
479,321,43,64,21,21,-22,43
59,372,34,43,9,0,-34,43
406,357,34,43,9,0,-34,43
480,320,21,43,22,0,-21,43
480,321,39,64,25,21,-18,43
60,252,53,64,11,21,-32,43
60,256,21,64,43,21,0,43
328,410,34,43,9,0,-34,43
262,239,236,252,16,209,-27,43
453,246,136,157,21,114,-22,43
23,280,99,128,29,85,-14,43
190,371,82,89,7,46,-36,43
442,351,43,43,0,0,-43,43
134,274,59,96,37,53,-6,43
179,376,90,107,17,64,-26,43
453,348,21,64,43,21,0,43
455,246,131,153,22,110,-21,43
455,247,151,171,20,128,-23,43
113,382,64,64,0,21,-43,43
348,289,39,43,4,0,-39,43
348,326,191,210,19,167,-24,43
154,312,123,139,16,96,-27,43
517,277,21,64,43,21,0,43
440,351,39,43,4,0,-39,43
464,249,160,180,20,137,-23,43
48,252,64,89,25,46,-18,43
178,228,164,194,30,151,-13,43
145,323,105,109,4,66,-39,43
145,342,64,93,29,50,-14,43
366,230,76,82,6,39,-37,43
503,321,0,43,43,0,0,43
339,287,70,82,12,39,-31,43
339,366,39,43,4,0,-39,43
166,304,118,141,23,98,-20,43
302,330,231,233,2,190,-41,43
212,295,193,193,0,150,-43,43
405,281,34,43,9,0,-34,43
412,356,39,43,4,0,-39,43
536,55,21,43,22,0,-21,43
25,285,82,102,20,59,-23,43
505,334,39,43,4,0,-39,43
130,345,109,115,6,72,-37,43
506,260,123,142,19,99,-24,43
20,343,252,253,1,210,-42,43
77,260,59,82,23,39,-20,43
77,280,123,139,16,96,-27,43
295,200,254,254,0,211,-43,43
502,321,0,43,43,0,0,43
328,367,39,43,4,0,-39,43
328,409,21,43,22,0,-21,43
43,246,122,148,26,105,-17,43
348,259,103,133,30,90,-13,43
74,216,169,187,18,144,-25,43
347,289,34,43,9,0,-34,43
53,368,39,64,25,21,-18,43
192,226,156,180,24,137,-19,43
192,227,171,184,13,141,-30,43
192,228,180,190,10,147,-33,43
431,519,39,43,4,0,-39,43
323,360,144,160,16,117,-27,43
101,229,95,117,22,74,-21,43
443,351,43,43,0,0,-43,43
373,362,39,43,4,0,-39,43
373,510,21,64,43,21,0,43
374,285,39,43,4,0,-39,43
197,234,165,194,29,151,-14,43
148,214,159,170,11,127,-32,43
538,270,119,138,19,95,-24,43
452,244,103,123,20,80,-23,43
185,317,101,128,27,85,-16,43
404,281,34,43,9,0,-34,43
404,357,34,43,9,0,-34,43
60,264,34,43,9,0,-34,43
413,356,43,43,0,0,-43,43
97,231,95,117,22,74,-21,43
500,321,0,43,43,0,0,43
375,362,43,43,0,0,-43,43
374,362,39,43,4,0,-39,43
375,237,170,189,19,146,-24,43
159,220,158,177,19,134,-24,43
501,312,28,64,36,21,-7,43
501,321,0,43,43,0,0,43
375,285,43,43,0,0,-43,43
29,271,129,139,10,96,-33,43
97,230,78,102,24,59,-19,43
341,275,163,182,19,139,-24,43
522,322,0,43,43,0,0,43
522,536,247,253,6,210,-37,43
137,259,46,89,43,46,0,43
152,331,82,89,7,46,-36,43
146,384,95,96,1,53,-42,43
44,273,116,117,1,74,-42,43
414,356,43,43,0,0,-43,43
304,404,43,43,0,0,-43,43
304,405,43,43,0,0,-43,43
213,307,128,155,27,112,-16,43
403,354,223,223,0,180,-43,43
481,321,39,64,25,21,-18,43
482,63,28,46,18,3,-25,43
482,341,34,43,9,0,-34,43
428,519,34,43,9,0,-34,43
376,285,39,43,4,0,-39,43
376,361,34,43,9,0,-34,43
377,80,21,43,22,0,-21,43
377,361,43,43,0,0,-43,43
429,519,43,43,0,0,-43,43
430,519,43,43,0,0,-43,43
197,367,249,254,5,211,-38,43
338,366,39,43,4,0,-39,43
302,411,252,254,2,211,-41,43
402,281,34,43,9,0,-34,43
402,284,43,43,0,0,-43,43
403,281,34,43,9,0,-34,43
84,247,134,152,18,109,-25,43
538,272,153,175,22,132,-21,43
82,242,56,82,26,39,-17,43
326,367,39,43,4,0,-39,43
326,412,28,43,15,0,-28,43
323,450,28,64,36,21,-7,43
112,382,61,64,3,21,-40,43
23,292,74,99,25,56,-18,43
363,306,28,43,15,0,-28,43
363,307,28,43,15,0,-28,43
363,308,21,43,22,0,-21,43
363,309,21,43,22,0,-21,43
293,384,39,64,25,21,-18,43
436,237,0,43,43,0,0,43
47,281,87,96,9,53,-34,43
526,57,34,43,9,0,-34,43
81,247,70,96,26,53,-17,43
535,531,21,43,22,0,-21,43
476,320,21,43,22,0,-21,43
476,321,43,64,21,21,-22,43
329,367,43,43,0,0,-43,43
451,319,21,43,22,0,-21,43
338,259,246,246,0,203,-43,43
137,336,39,64,25,21,-18,43
137,337,43,64,21,21,-22,43
526,308,21,64,43,21,0,43
159,303,134,153,19,110,-24,43
159,304,111,135,24,92,-19,43
199,301,80,111,31,68,-12,43
338,279,150,170,20,127,-23,43
349,325,188,207,19,164,-24,43
463,346,34,43,9,0,-34,43
154,263,68,93,25,50,-18,43
347,91,53,82,29,39,-14,43
42,289,56,82,26,39,-17,43
42,291,76,93,17,50,-26,43
534,268,90,107,17,64,-26,43
227,361,255,255,0,212,-43,43
54,335,21,43,22,0,-21,43
237,247,132,160,28,117,-15,43
337,361,180,207,27,164,-16,43
346,92,82,96,14,53,-29,43
73,216,160,187,27,144,-16,43
464,325,205,216,11,173,-32,43
464,346,34,43,9,0,-34,43
515,329,39,43,4,0,-39,43
483,341,28,43,15,0,-28,43
415,356,43,43,0,0,-43,43
475,321,43,64,21,21,-22,43
168,373,64,89,25,46,-18,43
401,239,166,183,17,140,-26,43
401,285,43,43,0,0,-43,43
275,243,252,252,0,209,-43,43
415,515,21,43,22,0,-21,43
475,320,21,43,22,0,-21,43
416,280,28,43,15,0,-28,43
514,329,43,43,0,0,-43,43
515,258,0,43,43,0,0,43
379,284,39,43,4,0,-39,43
379,314,0,43,43,0,0,43
95,232,101,117,16,74,-27,43
567,138,21,43,22,0,-21,43
95,213,66,89,23,46,-20,43
190,293,135,158,23,115,-20,43
155,255,133,158,25,115,-18,43
346,289,28,43,15,0,-28,43
519,57,21,43,22,0,-21,43
544,268,0,43,43,0,0,43
330,367,43,43,0,0,-43,43
526,532,21,43,22,0,-21,43
527,57,43,43,0,0,-43,43
38,278,117,117,0,74,-43,43
363,230,82,89,7,46,-36,43
142,326,50,89,39,46,-4,43
142,327,50,93,43,50,0,43
53,334,0,43,43,0,0,43
507,332,21,64,43,21,0,43
450,319,21,43,22,0,-21,43
138,329,34,64,30,21,-13,43
330,227,50,82,32,39,-11,43
193,284,101,125,24,82,-19,43
439,351,43,43,0,0,-43,43
72,378,39,43,4,0,-39,43
72,379,34,43,9,0,-34,43
16,306,59,64,5,21,-38,43
305,407,39,43,4,0,-39,43
305,408,39,43,4,0,-39,43
160,213,161,203,42,160,-1,43
497,536,247,253,6,210,-37,43
160,225,93,128,35,85,-8,43
380,285,34,43,9,0,-34,43
498,258,137,157,20,114,-23,43
541,267,0,43,43,0,0,43
337,194,34,64,30,21,-13,43
215,325,95,115,20,72,-23,43
216,273,149,163,14,120,-29,43
331,367,43,43,0,0,-43,43
449,319,21,43,22,0,-21,43
50,268,28,64,36,21,-7,43
514,263,118,139,21,96,-22,43
191,371,80,89,9,46,-34,43
463,249,165,184,19,141,-24,43
441,351,43,43,0,0,-43,43
49,268,59,64,5,21,-38,43
362,296,21,43,22,0,-21,43
508,259,92,117,25,74,-18,43
30,257,145,173,28,130,-15,43
30,267,140,154,14,111,-29,43
58,228,64,89,25,46,-18,43
474,320,21,43,22,0,-21,43
474,321,43,64,21,21,-22,43
416,356,43,43,0,0,-43,43
417,237,78,96,18,53,-25,43
216,301,89,115,26,72,-17,43
131,252,143,169,26,126,-17,43
98,229,74,96,22,53,-21,43
319,297,192,214,22,171,-21,43
238,247,154,160,6,117,-37,43
163,382,82,82,0,39,-43,43
307,171,253,254,1,211,-42,43
138,310,112,138,26,95,-17,43
80,262,129,149,20,106,-23,43
331,275,0,43,43,0,0,43
533,301,21,64,43,21,0,43
352,261,193,210,17,167,-26,43
417,280,28,43,15,0,-28,43
417,356,43,43,0,0,-43,43
418,280,34,43,9,0,-34,43
465,249,156,175,19,132,-24,43
352,318,85,109,24,66,-19,43
353,252,215,226,11,183,-32,43
33,240,231,251,20,208,-23,43
397,297,43,43,0,0,-43,43
458,242,0,43,43,0,0,43
521,322,0,43,43,0,0,43
324,367,39,43,4,0,-39,43
24,269,154,170,16,127,-27,43
78,258,68,96,28,53,-15,43
528,57,39,43,4,0,-39,43
336,367,43,43,0,0,-43,43
458,246,120,145,25,102,-18,43
33,243,229,229,0,186,-43,43
345,233,191,206,15,163,-28,43
344,271,176,194,18,151,-25,43
75,216,170,187,17,144,-26,43
513,330,28,43,15,0,-28,43
46,247,66,89,23,46,-20,43
46,248,80,89,9,46,-34,43
46,255,72,111,39,68,-4,43
160,303,134,154,20,111,-23,43
553,279,28,43,15,0,-28,43
314,230,230,230,0,187,-43,43
397,232,34,64,30,21,-13,43
41,271,56,93,37,50,-6,43
163,274,151,170,19,127,-24,43
420,239,103,130,27,87,-16,43
308,364,74,96,22,53,-21,43
532,302,21,64,43,21,0,43
149,370,76,99,23,56,-20,43
332,196,0,43,43,0,0,43
332,197,0,43,43,0,0,43
326,283,0,43,43,0,0,43
14,275,249,255,6,212,-37,43
359,287,21,43,22,0,-21,43
343,272,169,187,18,144,-25,43
132,335,68,93,25,50,-18,43
462,249,169,188,19,145,-24,43
101,212,50,93,43,50,0,43
267,280,106,125,19,82,-24,43
134,264,68,93,25,50,-18,43
80,265,136,157,21,114,-22,43
308,415,46,64,18,21,-25,43
308,424,252,254,2,211,-41,43
449,240,0,43,43,0,0,43
80,252,72,99,27,56,-16,43
332,282,28,43,15,0,-28,43
332,283,39,43,4,0,-39,43
332,367,43,43,0,0,-43,43
149,331,34,64,30,21,-13,43
291,207,253,253,0,210,-43,43
33,267,111,130,19,87,-24,43
307,413,34,64,30,21,-13,43
45,248,89,109,20,66,-23,43
28,271,115,139,24,96,-19,43
325,288,0,43,43,0,0,43
384,301,43,43,0,0,-43,43
265,230,252,253,1,210,-42,43
265,239,236,252,16,209,-27,43
448,319,21,43,22,0,-21,43
448,320,43,64,21,21,-22,43
162,383,59,82,23,39,-20,43
218,309,21,64,43,21,0,43
218,310,21,64,43,21,0,43
218,311,28,64,36,21,-7,43
170,369,116,128,12,85,-31,43
493,532,0,43,43,0,0,43
385,300,43,43,0,0,-43,43
385,512,39,43,4,0,-39,43
384,230,21,64,43,21,0,43
572,138,28,43,15,0,-28,43
572,140,21,43,22,0,-21,43
78,276,137,157,20,114,-23,43
94,213,61,89,28,46,-15,43
140,272,80,89,9,46,-34,43
131,337,85,107,22,64,-21,43
290,351,156,186,30,143,-13,43
99,231,111,130,19,87,-24,43
27,265,157,193,36,150,-7,43
162,340,99,123,24,80,-19,43
219,270,137,155,18,112,-25,43
488,340,34,43,9,0,-34,43
219,285,56,96,40,53,-3,43
309,196,98,107,9,64,-34,43
78,289,93,119,26,76,-17,43
359,288,34,43,9,0,-34,43
359,311,34,64,30,21,-13,43
238,348,93,130,37,87,-6,43
358,288,28,43,15,0,-28,43
510,261,115,135,20,92,-23,43
144,331,96,99,3,56,-40,43
512,261,101,123,22,80,-21,43
355,311,46,64,18,21,-25,43
354,318,115,138,23,95,-20,43
519,322,0,43,43,0,0,43
30,349,39,43,4,0,-39,43
132,281,182,190,8,147,-35,43
395,233,68,82,14,39,-29,43
531,281,28,43,15,0,-28,43
71,217,143,158,15,115,-28,43
466,244,0,43,43,0,0,43
554,538,255,255,0,212,-43,43
325,289,21,43,22,0,-21,43
325,303,5,48,43,5,0,43
27,280,111,130,19,87,-24,43
219,295,61,102,41,59,-2,43
219,277,68,107,39,64,-4,43
489,339,43,43,0,0,-43,43
310,191,78,89,11,46,-32,43
140,254,125,141,16,98,-27,43
343,332,227,227,0,184,-43,43
343,499,39,43,4,0,-39,43
520,322,0,43,43,0,0,43
512,257,0,43,43,0,0,43
334,367,43,43,0,0,-43,43
150,334,70,82,12,39,-31,43
161,279,163,179,16,136,-27,43
297,270,248,248,0,205,-43,43
79,210,145,171,26,128,-17,43
311,170,111,150,39,107,-4,43
34,276,50,82,32,39,-11,43
57,215,244,252,8,209,-35,43
333,367,43,43,0,0,-43,43
150,250,119,133,14,90,-29,43
333,279,28,64,36,21,-7,43
394,238,152,172,20,129,-23,43
52,332,28,43,15,0,-28,43
52,333,21,43,22,0,-21,43
355,343,221,221,0,178,-43,43
153,311,96,123,27,80,-16,43
146,342,92,93,1,50,-42,43
153,263,92,93,1,50,-42,43
355,364,21,64,43,21,0,43
447,319,21,43,22,0,-21,43
54,277,0,43,43,0,0,43
357,288,28,43,15,0,-28,43
75,275,72,99,27,56,-16,43
153,262,93,93,0,50,-43,43
342,300,28,43,15,0,-28,43
343,84,99,109,10,66,-33,43
387,238,160,179,19,136,-24,43
335,367,43,43,0,0,-43,43
392,302,39,43,4,0,-39,43
124,225,123,139,16,96,-27,43
123,225,118,135,17,92,-26,43
490,339,43,43,0,0,-43,43
473,251,156,174,18,131,-25,43
423,241,131,153,22,110,-21,43
188,321,138,153,15,110,-28,43
325,367,43,43,0,0,-43,43
325,412,28,43,15,0,-28,43
138,251,102,123,21,80,-22,43
11,566,61,104,43,61,0,43
134,265,68,93,25,50,-18,43
181,221,155,184,29,141,-14,43
424,518,39,43,4,0,-39,43
325,454,43,64,21,21,-22,43
79,274,152,171,19,128,-24,43
530,532,21,64,43,21,0,43
310,192,72,89,17,46,-26,43
310,193,70,89,19,46,-24,43
555,277,21,43,22,0,-21,43
491,326,199,211,12,168,-31,43
491,339,39,43,4,0,-39,43
390,295,39,43,4,0,-39,43
40,262,120,123,3,80,-40,43
40,263,117,123,6,80,-37,43
221,360,101,135,34,92,-9,43
47,324,43,64,21,21,-22,43
193,321,101,125,24,82,-19,43
193,322,120,144,24,101,-19,43
355,319,138,158,20,115,-23,43
347,507,39,43,4,0,-39,43
348,230,90,119,29,76,-14,43
321,285,0,43,43,0,0,43
51,235,76,93,17,50,-26,43
409,357,34,43,9,0,-34,43
327,412,39,43,4,0,-39,43
263,239,233,252,19,209,-24,43
10,566,61,104,43,61,0,43
9,566,61,104,43,61,0,43
143,371,74,99,25,56,-18,43
410,357,39,43,4,0,-39,43
59,223,124,152,28,109,-15,43
454,245,114,136,22,93,-21,43
184,318,128,144,16,101,-27,43
284,220,93,111,18,68,-25,43
411,321,218,221,3,179,-39,42
410,237,93,120,27,78,-15,42
139,254,102,126,24,84,-18,42
454,302,34,70,36,28,-6,42
454,247,153,173,20,131,-22,42
139,255,98,126,28,84,-14,42
284,349,68,76,8,34,-34,42
283,349,72,76,4,34,-38,42
9,558,61,103,42,61,0,42
130,333,115,135,20,93,-22,42
370,229,34,70,36,28,-6,42
370,230,68,76,8,34,-34,42
119,214,72,76,4,34,-38,42
369,282,224,225,1,183,-41,42
36,264,82,112,30,70,-12,42
316,443,255,255,0,213,-42,42
167,303,141,160,19,118,-23,42
167,304,120,143,23,101,-19,42
135,248,82,118,36,76,-6,42
407,240,173,192,19,150,-23,42
221,326,116,124,8,82,-34,42
390,238,155,174,19,132,-23,42
141,226,126,134,8,92,-34,42
140,371,87,103,16,61,-26,42
24,279,128,141,13,99,-29,42
334,276,68,85,17,43,-25,42
27,298,85,98,13,56,-29,42
123,222,50,76,26,34,-16,42
492,326,199,210,11,168,-31,42
256,265,114,134,20,92,-22,42
391,238,153,173,20,131,-22,42
490,326,200,212,12,170,-30,42
130,269,175,190,15,148,-27,42
423,240,112,137,25,95,-17,42
133,256,101,120,19,78,-23,42
49,282,34,76,42,34,0,42
166,373,46,85,39,43,-3,42
158,228,157,170,13,128,-29,42
152,302,152,172,20,130,-22,42
280,353,43,85,42,43,0,42
96,230,74,95,21,53,-21,42
167,216,160,198,38,156,-4,42
372,230,64,76,12,34,-30,42
119,224,78,101,23,59,-19,42
393,238,154,172,18,130,-24,42
162,214,162,204,42,162,0,42
325,304,5,46,41,4,-1,42
146,343,74,92,18,50,-24,42
355,510,28,70,42,28,0,42
356,314,78,106,28,64,-14,42
137,223,56,85,29,43,-13,42
119,225,95,116,21,74,-21,42
68,213,195,205,10,163,-32,42
371,230,66,76,10,34,-32,42
340,276,154,174,20,132,-22,42
348,347,225,228,3,186,-39,42
349,89,72,85,13,43,-29,42
31,293,105,118,13,76,-29,42
36,247,160,176,16,134,-26,42
68,382,254,254,0,212,-42,42
145,343,50,92,42,50,0,42
153,322,182,206,24,164,-18,42
520,326,28,70,42,28,0,42
79,254,66,92,26,50,-16,42
150,341,34,76,42,34,0,42
493,257,151,170,19,128,-23,42
28,258,147,160,13,118,-29,42
150,370,72,98,26,56,-16,42
493,283,28,70,42,28,0,42
64,215,187,206,19,164,-23,42
156,334,115,131,16,89,-26,42
393,236,107,131,24,89,-18,42
147,225,70,112,42,70,0,42
43,290,50,76,26,34,-16,42
141,262,123,131,8,89,-34,42
91,232,66,92,26,50,-16,42
44,260,146,147,1,105,-41,42
261,324,53,92,39,50,-3,42
148,315,50,85,35,43,-7,42
157,334,89,131,42,89,0,42
134,243,164,170,6,128,-36,42
181,374,78,103,25,61,-17,42
489,326,201,213,12,171,-30,42
162,304,111,135,24,93,-18,42
144,325,101,106,5,64,-37,42
276,355,53,76,23,34,-19,42
299,229,227,233,6,191,-36,42
30,293,85,110,25,68,-17,42
30,296,84,110,26,68,-16,42
21,282,96,101,5,59,-37,42
37,247,147,164,17,122,-25,42
502,330,219,222,3,180,-39,42
43,247,110,131,21,89,-21,42
301,364,106,118,12,76,-30,42
349,265,194,209,15,167,-27,42
31,282,98,116,18,74,-24,42
132,262,115,135,20,93,-22,42
463,321,50,70,20,28,-22,42
468,302,28,70,42,28,0,42
190,322,138,156,18,114,-24,42
156,335,117,131,14,89,-28,42
358,510,28,70,42,28,0,42
357,323,200,215,15,173,-27,42
194,304,46,76,30,34,-12,42
466,64,22,61,39,19,-3,42
311,294,155,197,42,155,0,42
18,567,61,103,42,61,0,42
27,290,90,103,13,61,-29,42
27,291,103,103,0,61,-42,42
27,292,93,103,10,61,-32,42
34,295,106,118,12,76,-30,42
34,296,96,106,10,64,-32,42
358,318,187,200,13,158,-29,42
358,323,192,215,23,173,-19,42
510,262,127,149,22,107,-20,42
493,326,199,210,11,168,-31,42
33,295,103,118,15,76,-27,42
191,319,72,101,29,59,-13,42
462,321,50,70,20,28,-22,42
219,323,28,70,42,28,0,42
316,190,78,92,14,50,-28,42
20,284,74,98,24,56,-18,42
301,409,253,253,0,211,-42,42
143,386,101,110,9,68,-33,42
456,246,128,151,23,109,-19,42
183,317,118,135,17,93,-25,42
267,295,56,85,29,43,-13,42
140,278,70,92,22,50,-20,42
140,280,74,95,21,53,-21,42
285,253,248,248,0,206,-42,42
24,301,101,116,15,74,-27,42
27,264,178,199,21,157,-21,42
79,385,249,254,5,212,-37,42
27,258,137,160,23,118,-19,42
219,284,53,92,39,50,-3,42
309,195,85,106,21,64,-21,42
229,356,103,122,19,80,-23,42
120,214,76,76,0,34,-42,42
29,258,151,160,9,118,-33,42
152,226,82,118,36,76,-6,42
251,258,120,143,23,101,-19,42
137,261,43,76,33,34,-9,42
44,274,98,116,18,74,-24,42
168,223,173,193,20,151,-22,42
207,235,152,186,34,144,-8,42
218,306,28,70,42,28,0,42
94,233,111,126,15,84,-27,42
15,304,39,70,31,28,-11,42
494,282,34,70,36,28,-6,42
39,270,99,124,25,82,-17,42
494,326,199,210,11,168,-31,42
566,47,254,254,0,212,-42,42
396,236,105,129,24,87,-18,42
191,312,56,70,14,28,-28,42
160,371,78,98,20,56,-22,42
160,375,68,85,17,43,-25,42
39,266,92,116,24,74,-18,42
28,288,61,103,42,61,0,42
137,341,53,70,17,28,-25,42
138,288,145,162,17,120,-25,42
142,269,66,106,40,64,-2,42
182,230,180,202,22,160,-20,42
304,366,34,70,36,28,-6,42
337,353,200,203,3,161,-39,42
120,224,82,106,24,64,-18,42
324,140,103,140,37,98,-5,42
483,254,160,178,18,136,-24,42
84,239,66,95,29,53,-13,42
177,376,61,92,31,50,-11,42
148,370,80,101,21,59,-21,42
218,305,28,70,42,28,0,42
41,255,101,137,36,95,-6,42
41,256,101,137,36,95,-6,42
41,257,107,137,30,95,-12,42
332,227,50,76,26,34,-16,42
142,386,89,110,21,68,-21,42
33,273,70,98,28,56,-14,42
513,262,110,129,19,87,-23,42
513,263,123,144,21,102,-21,42
308,169,252,254,2,212,-40,42
57,257,59,70,11,28,-31,42
139,330,64,76,12,34,-30,42
293,346,184,208,24,166,-18,42
195,320,92,112,20,70,-22,42
415,241,170,186,16,144,-26,42
81,217,34,70,36,28,-6,42
338,96,101,127,26,85,-16,42
308,196,78,106,28,64,-14,42
147,370,84,103,19,61,-23,42
147,384,78,95,17,53,-25,42
14,296,56,98,42,56,0,42
292,365,110,118,8,76,-34,42
359,228,43,70,27,28,-15,42
132,334,68,95,27,53,-15,42
313,166,109,145,36,103,-6,42
80,264,134,154,20,112,-22,42
218,301,39,76,37,34,-5,42
378,231,74,76,2,34,-40,42
378,234,89,116,27,74,-15,42
469,250,156,175,19,133,-23,42
516,264,116,138,22,96,-20,42
463,325,206,216,10,174,-32,42
16,304,66,70,4,28,-38,42
427,238,78,92,14,50,-28,42
46,228,170,198,28,156,-14,42
39,252,161,173,12,131,-30,42
495,326,199,210,11,168,-31,42
65,226,64,76,12,34,-30,42
65,227,70,76,6,34,-36,42
397,236,101,127,26,85,-16,42
41,275,93,114,21,72,-21,42
152,341,80,92,12,50,-30,42
76,284,74,103,29,61,-13,42
139,371,90,103,13,61,-29,42
341,263,68,76,8,34,-34,42
270,361,127,158,31,116,-11,42
35,283,74,101,27,59,-15,42
136,215,254,254,0,212,-42,42
183,225,157,184,27,142,-15,42
186,296,194,217,23,175,-19,42
155,271,151,167,16,125,-26,42
342,283,225,231,6,189,-36,42
21,304,92,92,0,50,-42,42
14,295,70,98,28,56,-14,42
496,326,199,210,11,168,-31,42
458,248,160,181,21,139,-21,42
464,321,50,70,20,28,-22,42
214,315,119,140,21,98,-21,42
58,218,178,196,18,154,-24,42
159,371,76,95,19,53,-23,42
498,326,199,210,11,168,-31,42
314,437,252,253,1,211,-41,42
254,261,128,144,16,102,-26,42
53,255,56,76,20,34,-22,42
38,271,124,124,0,82,-42,42
515,262,96,118,22,76,-20,42
136,287,155,170,15,128,-27,42
32,295,105,118,13,76,-29,42
322,208,78,92,14,50,-28,42
346,90,39,76,37,34,-5,42
26,284,61,101,40,59,-2,42
52,234,50,76,26,34,-16,42
418,238,90,116,26,74,-16,42
217,285,87,110,23,68,-19,42
217,287,89,101,12,59,-30,42
241,347,119,127,8,85,-34,42
187,318,93,124,31,82,-11,42
132,314,162,178,16,136,-26,42
145,370,92,106,14,64,-28,42
451,244,106,126,20,84,-22,42
260,324,84,92,8,50,-34,42
164,328,145,156,11,114,-31,42
216,323,78,101,23,59,-19,42
163,371,87,114,27,72,-15,42
41,358,28,70,42,28,0,42
163,339,118,132,14,90,-28,42
144,268,125,131,6,89,-36,42
352,251,222,227,5,185,-37,42
248,255,119,143,24,101,-18,42
31,256,140,167,27,125,-15,42
42,245,148,164,16,122,-26,42
42,246,131,152,21,110,-21,42
48,239,133,138,5,96,-37,42
48,240,128,138,10,96,-32,42
48,242,92,110,18,68,-24,42
155,281,183,193,10,151,-32,42
155,282,186,193,7,151,-35,42
351,229,80,92,12,50,-30,42
164,304,112,137,25,95,-17,42
497,326,199,210,11,168,-31,42
121,223,68,92,24,50,-18,42
437,240,90,95,5,53,-37,42
176,221,175,202,27,160,-15,42
85,212,59,85,26,43,-16,42
318,448,253,254,1,212,-41,42
151,316,107,118,11,76,-31,42
38,282,99,110,11,68,-31,42
160,220,170,179,9,137,-33,42
145,275,74,106,32,64,-10,42
145,276,70,106,36,64,-6,42
315,190,68,92,24,50,-18,42
324,274,245,250,5,208,-37,42
215,323,93,114,21,72,-21,42
399,278,235,236,1,194,-41,42
164,260,155,173,18,131,-24,42
153,228,143,156,13,114,-29,42
30,258,156,173,17,131,-25,42
260,269,123,138,15,96,-27,42
58,223,114,151,37,109,-5,42
57,376,252,252,0,210,-42,42
216,300,90,116,26,74,-16,42
187,304,148,168,20,126,-22,42
52,235,53,76,23,34,-19,42
52,236,64,76,12,34,-30,42
155,305,89,114,25,72,-17,42
352,229,82,92,10,50,-32,42
155,314,148,162,14,120,-28,42
247,254,122,147,25,105,-17,42
31,268,111,140,29,98,-13,42
345,321,64,92,28,50,-14,42
32,319,56,76,20,34,-22,42
225,362,252,255,3,213,-39,42
362,235,189,205,16,163,-26,42
25,271,124,151,27,109,-15,42
264,241,193,213,20,171,-22,42
301,185,254,255,1,213,-41,42
100,228,74,95,21,53,-21,42
142,329,56,98,42,56,0,42
192,280,194,196,2,154,-40,42
192,296,116,138,22,96,-20,42
48,278,43,70,27,28,-15,42
356,323,204,215,11,173,-31,42
79,281,151,172,21,130,-21,42
138,250,105,124,19,82,-23,42
100,229,87,110,23,68,-19,42
347,334,195,222,27,180,-15,42
328,127,105,147,42,105,0,42
536,274,202,202,0,160,-42,42
25,269,142,154,12,112,-30,42
161,371,78,102,24,61,-17,41
161,374,68,80,12,39,-29,41
63,226,68,80,12,39,-29,41
249,240,242,253,11,212,-30,41
153,256,163,182,19,141,-22,41
30,278,111,134,23,93,-18,41
153,268,93,102,9,61,-32,41
392,238,153,172,19,131,-22,41
130,270,176,192,16,151,-25,41
472,251,160,177,17,136,-24,41
102,229,106,123,17,82,-24,41
287,345,80,84,4,43,-37,41
287,346,74,84,10,43,-31,41
368,317,207,219,12,178,-29,41
47,230,209,218,9,177,-32,41
29,286,123,123,0,82,-41,41
216,274,146,161,15,120,-26,41
42,227,234,248,14,207,-27,41
267,297,56,84,28,43,-13,41
267,298,56,84,28,43,-13,41
267,299,56,84,28,43,-13,41
267,300,56,84,28,43,-13,41
267,301,56,84,28,43,-13,41
267,302,56,84,28,43,-13,41
341,507,254,255,1,214,-40,41
450,246,143,164,21,123,-20,41
475,252,165,181,16,140,-25,41
216,307,87,105,18,64,-23,41
164,261,148,168,20,127,-21,41
80,282,163,185,22,144,-19,41
80,290,131,148,17,107,-24,41
132,256,112,139,27,98,-14,41
216,276,155,167,12,126,-29,41
164,215,155,191,36,150,-5,41
144,274,66,102,36,61,-5,41
87,236,74,105,31,64,-10,41
145,390,253,253,0,212,-41,41
361,317,201,211,10,170,-31,41
361,235,194,209,15,168,-26,41
172,373,64,87,23,46,-18,41
277,358,144,148,4,107,-37,41
83,240,53,84,31,43,-10,41
89,233,64,84,20,43,-21,41
147,276,110,111,1,70,-40,41
215,314,98,119,21,78,-20,41
215,315,99,119,20,78,-21,41
215,316,101,119,18,78,-23,41
42,229,211,231,20,190,-21,41
215,312,95,119,24,78,-17,41
215,313,96,119,23,78,-18,41
42,244,160,175,15,134,-26,41
398,278,234,235,1,194,-40,41
398,236,99,125,26,84,-15,41
398,239,168,186,18,145,-23,41
149,319,72,105,33,64,-8,41
80,263,132,151,19,110,-22,41
140,263,117,123,6,82,-35,41
146,275,106,111,5,70,-36,41
144,271,99,109,10,68,-31,41
149,279,115,125,10,84,-31,41
330,355,156,186,30,145,-11,41
330,356,165,186,21,145,-20,41
400,239,167,184,17,143,-24,41
164,271,153,168,15,127,-26,41
155,336,120,131,11,90,-30,41
146,276,99,111,12,70,-29,41
217,315,64,80,16,39,-25,41
217,316,64,80,16,39,-25,41
217,317,64,80,16,39,-25,41
187,305,135,155,20,114,-21,41
187,307,114,128,14,87,-27,41
30,255,134,161,27,120,-14,41
527,265,72,87,15,46,-26,41
38,277,115,117,2,76,-39,41
153,211,149,188,39,147,-2,41
250,240,242,253,11,212,-30,41
289,350,186,197,11,156,-30,41
157,261,150,156,6,115,-35,41
457,248,164,183,19,142,-22,41
186,320,139,153,14,112,-27,41
143,334,98,105,7,64,-34,41
143,335,92,105,13,64,-28,41
169,304,128,147,19,106,-22,41
42,254,118,142,24,101,-17,41
61,228,70,87,17,46,-24,41
253,356,78,117,39,76,-2,41
444,245,138,159,21,118,-20,41
460,529,255,255,0,214,-41,41
38,246,142,176,34,135,-7,41
350,319,78,107,29,66,-12,41
346,327,180,201,21,160,-20,41
346,332,177,214,37,173,-4,41
215,295,116,144,28,103,-13,41
205,232,251,253,2,212,-39,41
163,337,111,131,20,90,-21,41
128,222,53,80,27,39,-14,41
20,273,99,139,40,98,-1,41
182,374,85,107,22,66,-19,41
342,273,161,180,19,139,-22,41
250,256,132,152,20,111,-21,41
342,265,82,107,25,66,-16,41
292,348,167,195,28,154,-13,41
147,304,111,130,19,89,-22,41
449,246,146,167,21,126,-20,41
187,303,160,179,19,138,-22,41
514,262,102,123,21,82,-20,41
33,260,167,181,14,140,-27,41
75,272,56,84,28,43,-13,41
75,273,61,84,23,43,-18,41
193,231,167,194,27,153,-14,41
32,267,117,146,29,105,-12,41
186,297,206,222,16,181,-25,41
134,285,170,180,10,139,-31,41
246,345,64,102,38,61,-3,41
16,294,53,87,34,46,-7,41
457,246,125,147,22,106,-19,41
344,84,99,107,8,66,-33,41
155,335,131,131,0,90,-41,41
487,255,155,172,17,131,-24,41
46,246,61,87,26,46,-15,41
160,304,111,134,23,93,-18,41
39,246,169,176,7,135,-34,41
146,370,89,105,16,64,-25,41
57,267,66,80,14,39,-27,41
378,319,202,217,15,176,-26,41
191,280,192,195,3,154,-38,41
152,342,76,87,11,46,-30,41
76,268,59,87,28,46,-13,41
133,331,56,80,24,39,-17,41
214,292,123,152,29,111,-12,41
129,222,53,80,27,39,-14,41
32,280,80,115,35,74,-6,41
288,344,80,84,4,43,-37,41
288,345,84,84,0,43,-41,41
267,281,99,119,20,78,-21,41
218,298,50,87,37,46,-4,41
218,299,46,84,38,43,-3,41
218,300,43,80,37,39,-4,41
56,231,72,87,15,46,-26,41
137,309,138,153,15,112,-26,41
83,255,149,168,19,127,-22,41
83,256,153,171,18,130,-23,41
243,348,66,105,39,64,-2,41
516,262,90,111,21,70,-20,41
190,280,192,195,3,154,-38,41
253,260,126,143,17,102,-24,41
346,252,246,247,1,206,-40,41
22,266,178,194,16,153,-25,41
81,245,61,84,23,43,-18,41
33,269,109,117,8,76,-33,41
72,219,122,137,15,96,-26,41
138,285,101,128,27,87,-14,41
137,382,254,254,0,213,-41,41
14,293,72,105,33,64,-8,41
195,319,80,102,22,61,-19,41
195,321,105,125,20,84,-21,41
44,292,50,80,30,39,-11,41
168,304,124,144,20,103,-21,41
93,213,56,87,31,46,-10,41
185,379,252,252,0,211,-41,41
64,225,76,84,8,43,-33,41
64,226,76,80,4,39,-37,41
39,272,112,126,14,85,-27,41
45,273,106,117,11,76,-30,41
547,49,253,254,1,213,-40,41
160,376,53,84,31,43,-10,41
225,240,125,166,41,125,0,41
312,295,160,190,30,149,-11,41
312,313,247,247,0,206,-41,41
254,356,76,117,41,76,0,41
266,278,109,126,17,85,-24,41
142,259,111,133,22,92,-19,41
142,261,95,131,36,90,-5,41
213,298,182,188,6,147,-35,41
377,515,251,254,3,213,-38,41
500,259,142,160,18,119,-23,41
176,366,115,140,25,99,-16,41
99,229,82,102,20,61,-21,41
309,318,242,251,9,210,-32,41
285,355,151,177,26,136,-15,41
147,346,70,84,14,43,-27,41
27,259,155,160,5,119,-36,41
62,218,175,191,16,150,-25,41
501,259,136,155,19,114,-22,41
253,261,115,134,19,93,-22,41
29,257,131,156,25,115,-16,41
97,229,64,87,23,46,-18,41
251,240,242,253,11,212,-30,41
168,224,193,196,3,155,-38,41
414,241,174,190,16,149,-25,41
127,222,53,80,27,39,-14,41
64,224,84,84,0,43,-41,41
50,219,237,253,16,212,-25,41
256,242,172,202,30,161,-11,41
138,220,53,84,31,43,-10,41
336,275,85,111,26,70,-15,41
359,324,200,220,20,179,-21,41
191,296,132,157,25,116,-16,41
191,297,138,157,19,116,-22,41
374,237,175,192,17,151,-24,41
130,327,141,156,15,115,-26,41
302,183,253,254,1,213,-40,41
129,339,106,123,17,82,-24,41
129,340,102,123,21,82,-20,41
148,346,68,84,16,43,-25,41
323,275,250,250,0,209,-41,41
431,323,213,216,3,175,-38,41
230,300,102,123,21,82,-20,41
88,234,66,87,21,46,-20,41
310,164,254,255,1,214,-40,41
140,257,130,144,14,103,-27,41
267,357,92,102,10,61,-31,41
267,358,68,102,34,61,-7,41
267,296,59,84,25,43,-16,41
130,329,134,151,17,110,-24,41
372,358,225,225,0,184,-41,41
340,278,170,189,19,148,-22,41
468,250,160,179,19,138,-22,41
373,318,207,222,15,181,-26,41
395,236,106,130,24,89,-17,41
156,336,107,131,24,90,-17,41
386,235,93,119,26,78,-15,41
386,238,161,180,19,139,-22,41
64,218,159,182,23,141,-18,41
196,295,130,144,14,103,-27,41
505,260,128,147,19,106,-22,41
335,490,253,254,1,213,-40,41
130,271,184,193,9,152,-32,41
79,291,107,131,24,90,-17,41
27,267,144,167,23,126,-18,41
490,256,155,172,17,131,-24,41
373,233,89,117,28,76,-13,41
232,244,126,164,38,123,-3,41
339,279,164,184,20,143,-21,41
77,218,149,152,3,111,-38,41
141,261,131,131,0,90,-41,41
44,257,152,152,0,111,-41,41
183,366,145,147,2,106,-39,41
317,304,249,249,0,208,-41,41
188,223,181,212,31,171,-10,41
211,366,252,254,2,213,-39,41
47,235,137,172,35,131,-6,41
47,238,135,160,25,119,-16,41
394,72,249,253,4,212,-37,41
394,236,107,131,24,90,-17,41
161,375,50,80,30,39,-11,41
150,305,82,107,25,66,-16,41
138,252,99,119,20,78,-21,41
459,248,159,178,19,137,-22,41
146,346,76,84,8,43,-33,41
356,234,197,213,16,172,-25,41
54,266,61,84,23,43,-18,41
196,319,90,111,21,70,-20,41
340,268,80,107,27,66,-14,41
340,277,161,181,20,140,-21,41
453,247,156,175,19,134,-22,41
283,364,125,144,19,103,-22,41
133,349,72,87,15,46,-26,41
103,228,99,115,16,74,-25,41
59,228,70,87,17,46,-24,41
411,237,92,117,25,76,-16,41
103,227,82,102,20,61,-21,41
130,334,112,131,19,90,-22,41
55,266,82,84,2,43,-39,41
36,235,239,252,13,211,-28,41
36,237,206,244,38,203,-3,41
51,219,223,248,25,207,-16,41
423,322,218,219,1,178,-40,41
424,241,128,148,20,107,-21,41
492,60,18,59,41,18,0,41
161,304,111,134,23,93,-18,41
79,275,155,173,18,132,-23,41
300,279,157,198,41,157,0,41
148,305,89,111,22,70,-19,41
537,270,123,139,16,98,-25,41
178,229,185,202,17,161,-24,41
177,366,119,142,23,101,-18,41
321,298,169,197,28,156,-13,41
112,212,39,80,41,39,0,41
96,232,106,126,20,85,-21,41
239,348,109,130,21,89,-20,41
320,211,78,87,9,46,-32,41
439,276,215,216,1,175,-40,41
48,222,229,239,10,198,-31,41
79,284,142,157,15,116,-26,41
92,231,56,84,28,43,-13,41
129,341,105,123,18,82,-23,41
100,230,102,123,21,82,-20,41
3,557,62,101,39,61,-1,40
5,557,62,101,39,61,-1,40
51,218,234,252,18,212,-22,40
50,371,246,252,6,212,-34,40
51,270,34,61,27,21,-13,40
51,267,61,68,7,28,-33,40
139,246,124,141,17,101,-23,40
139,245,120,141,21,101,-19,40
81,293,132,154,22,114,-18,40
81,292,135,156,21,116,-19,40
81,266,157,176,19,136,-21,40
212,308,151,168,17,128,-23,40
43,250,105,122,17,82,-23,40
43,293,80,90,10,50,-30,40
60,217,200,200,0,160,-40,40
167,213,250,254,4,214,-36,40
408,234,28,61,33,21,-7,40
43,321,39,61,22,21,-18,40
452,247,157,176,19,136,-21,40
456,248,166,185,19,145,-21,40
139,287,120,145,25,105,-15,40
326,301,40,40,0,0,-40,40
326,300,39,40,1,0,-39,40
58,268,50,68,18,28,-22,40
43,230,190,211,21,171,-19,40
404,70,254,254,0,214,-40,40
143,385,78,101,23,61,-17,40
405,240,178,195,17,155,-23,40
413,241,176,193,17,153,-23,40
456,314,28,61,33,21,-7,40
80,381,43,61,18,21,-22,40
535,299,21,61,40,21,0,40
186,231,194,202,8,162,-32,40
183,226,173,184,11,144,-29,40
183,223,160,182,22,142,-18,40
451,245,123,143,20,103,-20,40
330,186,34,68,34,28,-6,40
260,325,68,90,22,50,-18,40
450,320,43,61,18,21,-22,40
450,306,34,74,40,34,0,40
331,186,59,68,9,28,-31,40
331,117,112,132,20,92,-20,40
331,105,253,253,0,213,-40,40
450,245,126,146,20,106,-20,40
450,244,109,129,20,89,-20,40
304,198,76,112,36,72,-4,40
304,187,120,141,21,101,-19,40
304,178,253,253,0,213,-40,40
141,266,106,112,6,72,-34,40
91,213,72,93,21,53,-19,40
482,321,34,61,27,21,-13,40
213,285,186,194,8,154,-32,40
403,357,28,61,33,21,-7,40
449,320,43,61,18,21,-22,40
449,307,34,74,40,34,0,40
259,268,120,138,18,98,-22,40
138,311,96,125,29,85,-11,40
533,277,21,61,40,21,0,40
187,299,189,210,21,170,-19,40
187,297,188,210,22,170,-18,40
214,308,112,132,20,92,-20,40
402,235,85,93,8,53,-32,40
402,233,39,68,29,28,-11,40
168,303,143,160,17,120,-23,40
187,306,123,141,18,101,-22,40
449,245,129,149,20,109,-20,40
82,256,135,156,21,116,-19,40
149,342,46,74,28,34,-12,40
80,272,164,180,16,140,-24,40
532,277,21,61,40,21,0,40
50,244,70,96,26,56,-14,40
82,286,175,191,16,151,-24,40
82,285,179,195,16,155,-24,40
138,284,87,114,27,74,-13,40
150,223,68,106,38,66,-2,40
258,267,117,136,19,96,-21,40
333,227,46,74,28,34,-12,40
333,99,253,254,1,214,-39,40
24,296,111,118,7,78,-33,40
44,322,39,61,22,21,-18,40
44,321,50,68,18,28,-22,40
16,310,46,61,15,21,-25,40
275,247,163,192,29,152,-11,40
305,198,106,112,6,72,-34,40
90,213,64,93,29,53,-11,40
42,269,68,101,33,61,-7,40
58,260,39,61,22,21,-18,40
143,323,53,90,37,50,-3,40
399,239,167,184,17,144,-23,40
215,317,99,118,19,78,-21,40
306,173,254,254,0,214,-40,40
42,258,122,143,21,103,-19,40
144,261,150,151,1,111,-39,40
164,336,131,145,14,105,-26,40
130,255,151,170,19,130,-21,40
531,303,21,61,40,21,0,40
334,194,46,66,20,26,-20,40
531,277,21,61,40,21,0,40
188,302,161,179,18,139,-22,40
531,52,255,255,0,215,-40,40
334,196,50,66,16,26,-24,40
334,195,50,66,16,26,-24,40
138,266,43,74,31,34,-9,40
138,253,95,118,23,78,-17,40
79,280,156,172,16,132,-24,40
147,320,120,120,0,80,-40,40
144,269,116,125,9,85,-31,40
163,338,115,130,15,90,-25,40
216,322,84,101,17,61,-23,40
216,299,92,116,24,76,-16,40
399,320,220,222,2,182,-38,40
485,58,252,252,0,212,-40,40
188,318,82,112,30,72,-10,40
446,310,39,68,29,28,-11,40
53,220,206,212,6,172,-34,40
150,330,21,61,40,21,0,40
138,249,106,125,19,85,-21,40
530,277,21,61,40,21,0,40
257,266,114,133,19,93,-21,40
79,283,144,163,19,123,-21,40
163,304,111,135,24,95,-16,40
41,290,82,96,14,56,-26,40
397,278,233,234,1,194,-39,40
163,275,156,176,20,136,-20,40
163,335,105,133,28,93,-12,40
163,334,103,133,30,93,-10,40
418,235,21,61,40,21,0,40
474,252,169,185,16,145,-24,40
144,270,109,116,7,76,-33,40
335,190,34,68,34,28,-6,40
336,232,199,214,15,174,-25,40
529,277,21,61,40,21,0,40
528,306,21,61,40,21,0,40
151,260,70,101,31,61,-9,40
528,277,21,61,40,21,0,40
255,263,116,135,19,95,-21,40
17,565,61,101,40,61,0,40
307,363,96,114,18,74,-22,40
41,261,98,120,22,80,-18,40
163,220,149,170,21,130,-19,40
218,302,34,74,40,34,0,40
218,297,53,90,37,50,-3,40
45,241,90,120,30,80,-10,40
396,355,226,226,0,186,-40,40
11,559,61,101,40,61,0,40
286,353,172,184,12,144,-28,40
286,259,174,210,36,170,-4,40
134,261,80,99,19,59,-21,40
137,343,56,74,18,34,-22,40
78,257,66,90,24,50,-16,40
147,305,92,114,22,74,-18,40
298,367,21,61,40,21,0,40
93,383,43,74,31,34,-9,40
277,228,34,74,40,34,0,40
45,274,96,116,20,76,-20,40
218,307,28,68,40,28,0,40
218,323,34,68,34,28,-6,40
57,259,34,61,27,21,-13,40
57,258,46,68,22,28,-18,40
420,351,219,222,3,182,-37,40
45,252,76,116,40,76,0,40
324,208,46,74,28,34,-12,40
151,305,80,106,26,66,-14,40
151,302,151,170,19,130,-21,40
151,278,66,106,40,66,0,40
78,222,76,96,20,56,-20,40
527,277,21,61,40,21,0,40
147,279,82,112,30,72,-10,40
147,278,99,112,13,72,-27,40
147,277,107,112,5,72,-35,40
23,302,74,101,27,61,-13,40
53,254,53,74,21,34,-19,40
556,284,21,61,40,21,0,40
88,233,53,74,21,34,-19,40
219,329,116,133,17,93,-23,40
488,326,202,213,11,173,-29,40
489,280,46,61,15,21,-25,40
162,339,90,120,30,80,-10,40
180,365,119,142,23,102,-17,40
137,335,34,61,27,21,-13,40
23,291,74,99,25,59,-15,40
541,278,39,61,22,21,-18,40
115,227,110,130,20,90,-20,40
115,226,95,116,21,76,-19,40
190,301,148,160,12,120,-28,40
63,212,244,252,8,212,-32,40
310,366,56,68,12,28,-28,40
144,371,70,96,26,56,-14,40
144,370,95,106,11,66,-29,40
392,231,21,61,40,21,0,40
125,225,127,139,12,99,-28,40
101,227,68,90,22,50,-18,40
287,354,144,172,28,132,-12,40
570,541,249,253,4,213,-36,40
339,258,246,246,0,206,-40,40
77,277,120,139,19,99,-21,40
152,257,170,184,14,144,-26,40
338,498,253,254,1,214,-39,40
77,221,96,116,20,76,-20,40
339,294,28,68,40,28,0,40
443,245,141,160,19,120,-21,40
132,348,87,99,12,59,-28,40
49,242,105,110,5,70,-35,40
461,309,28,61,33,21,-7,40
202,303,129,147,18,107,-22,40
40,237,202,221,19,181,-21,40
40,236,206,221,15,181,-25,40
40,235,195,221,26,181,-14,40
310,230,222,232,10,192,-30,40
49,248,39,74,35,34,-5,40
49,247,50,74,24,34,-16,40
252,258,132,150,18,110,-22,40
339,500,253,253,0,213,-40,40
339,491,28,61,33,21,-7,40
340,504,251,253,2,213,-38,40
340,324,56,74,18,34,-22,40
340,296,28,61,33,21,-7,40
340,279,178,196,18,156,-22,40
49,244,89,96,7,56,-33,40
134,273,61,90,29,50,-11,40
161,277,145,169,24,129,-16,40
388,231,43,68,25,28,-15,40
312,168,110,147,37,107,-3,40
492,284,28,68,40,28,0,40
492,275,208,208,0,168,-40,40
492,257,157,175,18,135,-22,40
389,232,68,74,6,34,-34,40
389,231,39,68,29,28,-11,40
22,335,53,68,15,28,-25,40
137,262,34,74,40,34,0,40
251,257,132,150,18,110,-22,40
341,262,68,74,6,34,-34,40
542,277,21,61,40,21,0,40
152,380,82,96,14,56,-26,40
341,281,209,224,15,184,-25,40
191,282,144,165,21,125,-19,40
46,236,172,177,5,137,-35,40
46,230,192,209,17,169,-23,40
200,364,107,145,38,105,-2,40
426,238,80,93,13,53,-27,40
387,231,46,68,22,28,-18,40
201,304,107,129,22,89,-18,40
134,266,68,93,25,53,-15,40
461,343,222,225,3,185,-37,40
76,221,85,116,31,76,-9,40
267,282,95,112,17,72,-23,40
462,308,28,61,33,21,-7,40
132,336,66,90,24,50,-16,40
144,385,95,101,6,61,-34,40
144,384,70,96,26,56,-14,40
383,238,166,184,18,144,-22,40
494,337,21,61,40,21,0,40
313,193,95,96,1,56,-39,40
19,277,68,99,31,59,-9,40
39,271,105,124,19,84,-21,40
343,264,87,112,25,72,-15,40
521,292,28,68,40,28,0,40
153,267,82,93,11,53,-29,40
75,274,70,90,20,50,-20,40
343,301,28,61,33,21,-7,40
153,302,154,173,19,133,-21,40
520,314,21,61,40,21,0,40
179,229,175,201,26,161,-14,40
382,81,46,68,22,28,-18,40
39,239,210,210,0,170,-40,40
495,281,28,61,33,21,-7,40
382,319,182,204,22,164,-18,40
46,229,177,209,32,169,-8,40
462,325,207,216,9,176,-31,40
153,337,114,125,11,85,-29,40
344,233,192,206,14,166,-26,40
248,240,242,253,11,213,-29,40
520,263,84,99,15,59,-25,40
268,357,78,99,21,59,-19,40
153,380,74,96,22,56,-18,40
519,277,21,61,40,21,0,40
345,270,186,200,14,160,-26,40
463,307,28,61,33,21,-7,40
178,382,254,254,0,214,-40,40
441,324,206,216,10,176,-30,40
381,81,43,68,25,28,-15,40
160,228,167,177,10,137,-30,40
497,258,142,160,18,120,-22,40
295,387,28,68,40,28,0,40
48,270,43,68,25,28,-15,40
31,267,129,150,21,110,-19,40
31,266,146,157,11,117,-29,40
322,304,131,136,5,96,-35,40
322,303,136,139,3,99,-37,40
247,240,243,253,10,213,-30,40
246,240,243,253,10,213,-30,40
347,92,78,93,15,53,-25,40
154,272,167,178,11,138,-29,40
154,257,173,186,13,146,-27,40
54,216,244,251,7,211,-33,40
347,268,196,210,14,170,-26,40
518,295,28,61,33,21,-7,40
518,277,21,61,40,21,0,40
120,226,116,135,19,95,-21,40
199,296,129,151,22,111,-18,40
378,288,28,61,33,21,-7,40
379,231,74,74,0,34,-40,40
379,230,34,74,40,34,0,40
31,298,117,124,7,84,-33,40
245,240,243,253,10,213,-30,40
146,306,85,106,21,66,-19,40
31,297,110,124,14,84,-26,40
349,230,90,118,28,78,-12,40
154,380,70,96,26,56,-14,40
136,314,80,106,26,66,-14,40
32,240,246,252,6,212,-34,40
230,299,103,124,21,84,-19,40
272,241,249,252,3,212,-37,40
38,239,181,210,29,170,-11,40
499,326,199,210,11,170,-29,40
178,221,198,202,4,162,-36,40
54,220,208,212,4,172,-36,40
84,248,140,156,16,116,-24,40
155,226,87,122,35,82,-5,40
21,335,50,68,18,28,-22,40
21,334,68,68,0,28,-40,40
21,333,59,68,9,28,-31,40
440,245,147,167,20,127,-20,40
439,525,249,254,5,214,-35,40
116,227,116,135,19,95,-21,40
73,219,132,139,7,99,-33,40
350,307,53,61,8,21,-32,40
351,230,92,118,26,78,-14,40
515,264,122,143,21,103,-19,40
48,244,70,96,26,56,-14,40
48,237,119,159,40,119,0,40
48,236,131,159,28,119,-12,40
130,336,107,125,18,85,-22,40
174,218,167,207,40,167,0,40
134,350,61,74,13,34,-27,40
134,349,53,74,21,34,-19,40
37,283,70,99,29,59,-11,40
159,228,160,173,13,133,-27,40
500,326,199,210,11,170,-29,40
230,301,101,122,21,82,-19,40
515,263,111,130,19,90,-21,40
140,266,103,112,9,72,-31,40
320,296,192,197,5,157,-35,40
353,230,92,118,26,78,-14,40
352,311,34,61,27,21,-13,40
146,277,84,110,26,70,-14,40
48,248,50,74,24,34,-16,40
47,240,132,138,6,98,-34,40
158,371,72,93,21,53,-19,40
193,301,99,118,19,78,-21,40
291,349,167,192,25,152,-15,40
33,248,173,205,32,165,-8,40
353,323,196,210,14,170,-26,40
240,348,127,130,3,90,-37,40
240,347,114,127,13,87,-27,40
354,259,203,219,16,179,-24,40
354,230,93,118,25,78,-15,40
142,385,68,101,33,61,-7,40
131,342,64,96,32,56,-8,40
140,271,84,90,6,50,-34,40
355,230,93,116,23,76,-17,40
356,230,93,112,19,72,-21,40
355,323,205,215,10,175,-30,40
357,230,92,110,18,70,-22,40
356,510,28,68,40,28,0,40
503,326,197,210,13,170,-27,40
371,229,34,68,34,28,-6,40
233,245,124,156,32,116,-8,40
373,298,39,68,29,28,-11,40
372,312,21,61,40,21,0,40
511,261,107,127,20,87,-20,40
131,319,158,169,11,129,-29,40
465,321,50,68,18,28,-22,40
111,382,61,61,0,21,-40,40
319,450,252,255,3,215,-37,40
156,305,89,114,25,74,-15,40
158,223,131,146,15,106,-25,40
369,236,175,191,16,151,-24,40
370,312,28,61,33,21,-7,40
504,260,134,151,17,111,-23,40
370,236,171,188,17,148,-23,40
130,335,110,129,19,89,-21,40
357,510,28,68,40,28,0,40
71,212,177,184,7,144,-33,40
146,227,137,145,8,105,-32,40
320,214,34,74,40,34,0,40
156,337,90,120,30,80,-10,40
360,312,64,74,10,34,-30,40
360,228,39,68,29,28,-11,40
194,302,78,99,21,59,-19,40
292,347,181,199,18,159,-22,40
434,319,50,61,11,21,-29,40
117,386,252,255,3,215,-37,40
145,341,80,93,13,53,-27,40
367,311,34,61,27,21,-13,40
367,299,46,68,22,28,-18,40
367,298,43,68,25,28,-15,40
367,297,34,68,34,28,-6,40
196,320,102,120,18,80,-22,40
98,232,117,135,18,95,-22,40
361,231,92,125,33,85,-7,40
360,363,28,68,40,28,0,40
361,322,201,219,18,179,-22,40
291,365,109,118,9,78,-31,40
35,239,205,239,34,199,-6,40
157,212,155,191,36,151,-4,40
318,362,114,132,18,92,-22,40
318,361,92,132,40,92,0,40
85,245,140,155,15,115,-25,40
97,232,111,132,21,92,-19,40
47,264,64,90,26,50,-14,40
47,263,66,90,24,50,-16,40
47,262,76,90,14,50,-26,40
317,300,239,243,4,203,-36,40
435,319,43,61,18,21,-22,40
55,219,182,212,30,172,-10,40
196,234,165,191,26,151,-14,40
196,231,250,253,3,213,-37,40
278,228,34,68,34,28,-6,40
293,347,170,199,29,159,-11,40
157,282,159,193,34,153,-6,40
157,323,152,173,21,133,-19,40
157,322,153,173,20,133,-20,40
264,231,252,253,1,213,-39,40
283,216,253,253,0,213,-40,40
139,275,50,74,24,34,-16,40
25,251,246,254,8,214,-32,40
25,268,149,167,18,127,-22,40
455,248,170,187,17,147,-23,40
185,231,202,202,0,162,-40,40
453,245,116,138,22,98,-18,40
412,237,89,114,25,74,-15,40
59,254,28,61,33,21,-7,40
16,285,61,68,7,28,-33,40
573,141,0,39,39,0,0,39
183,380,253,254,1,215,-38,39
410,513,34,39,5,0,-34,39
208,363,89,128,39,89,0,39
477,291,39,39,0,0,-39,39
15,326,250,252,2,213,-37,39
300,364,109,119,10,80,-29,39
408,481,28,39,11,0,-28,39
129,342,109,123,14,84,-25,39
59,265,0,39,39,0,0,39
478,253,167,184,17,145,-22,39
478,290,39,39,0,0,-39,39
477,292,34,39,5,0,-34,39
81,267,161,179,18,140,-21,39
261,323,72,92,20,53,-19,39
81,265,154,173,19,134,-20,39
536,269,105,123,18,84,-21,39
130,222,50,78,28,39,-11,39
58,329,28,39,11,0,-28,39
405,317,0,39,39,0,0,39
212,289,197,199,2,160,-37,39
406,517,253,253,0,214,-39,39
405,512,34,39,5,0,-34,39
405,403,28,39,11,0,-28,39
408,402,28,39,11,0,-28,39
407,402,28,39,11,0,-28,39
452,245,118,141,23,102,-16,39
451,527,252,252,0,213,-39,39
538,266,0,39,39,0,0,39
69,377,34,39,5,0,-34,39
237,248,117,154,37,115,-2,39
21,281,95,98,3,59,-36,39
145,371,66,95,29,56,-10,39
318,367,34,39,5,0,-34,39
467,250,164,183,19,144,-20,39
157,318,151,174,23,135,-16,39
157,317,147,174,27,135,-12,39
157,316,144,174,30,135,-9,39
364,230,80,85,5,46,-34,39
548,285,28,39,11,0,-28,39
317,367,34,39,5,0,-34,39
365,230,78,82,4,43,-35,39
363,513,255,255,0,216,-39,39
363,419,28,39,11,0,-28,39
363,416,28,39,11,0,-28,39
361,297,21,39,18,0,-21,39
361,296,28,39,11,0,-28,39
238,248,127,154,27,115,-12,39
361,230,87,95,8,56,-31,39
361,300,21,39,18,0,-21,39
361,299,21,39,18,0,-21,39
361,298,21,39,18,0,-21,39
85,238,72,98,26,59,-13,39
145,383,70,95,25,56,-14,39
98,228,61,82,21,43,-18,39
437,473,28,39,11,0,-28,39
466,346,28,39,11,0,-28,39
362,419,28,39,11,0,-28,39
362,416,34,39,5,0,-34,39
362,301,21,39,18,0,-21,39
362,230,85,92,7,53,-32,39
370,286,28,39,11,0,-28,39
131,259,126,153,27,114,-12,39
34,256,135,174,39,135,0,39
70,378,39,39,0,0,-39,39
156,329,139,142,3,103,-36,39
239,248,144,154,10,115,-29,39
438,276,216,217,1,178,-38,39
194,322,119,140,21,101,-18,39
434,474,28,39,11,0,-28,39
47,252,87,89,2,50,-37,39
505,321,0,39,39,0,0,39
365,419,28,39,11,0,-28,39
365,416,21,39,18,0,-21,39
365,415,34,39,5,0,-34,39
548,533,21,39,18,0,-21,39
69,209,251,253,2,214,-37,39
465,318,21,39,18,0,-21,39
319,366,28,39,11,0,-28,39
34,255,142,174,32,135,-7,39
54,276,21,39,18,0,-21,39
131,277,179,190,11,151,-28,39
438,473,28,39,11,0,-28,39
131,261,126,153,27,114,-12,39
433,474,28,39,11,0,-28,39
368,286,34,39,5,0,-34,39
368,236,179,194,15,155,-24,39
20,302,72,92,20,53,-19,39
317,189,76,89,13,50,-26,39
369,286,39,39,0,0,-39,39
158,253,141,153,12,114,-27,39
504,321,0,39,39,0,0,39
36,263,82,107,25,68,-14,39
156,282,193,193,0,154,-39,39
33,359,251,253,2,214,-37,39
96,229,59,78,19,39,-20,39
67,349,21,39,18,0,-21,39
371,286,34,39,5,0,-34,39
372,285,39,39,0,0,-39,39
503,260,140,156,16,117,-23,39
67,351,28,39,11,0,-28,39
67,350,28,39,11,0,-28,39
232,240,247,254,7,215,-32,39
373,285,39,39,0,0,-39,39
373,237,178,194,16,155,-23,39
502,326,199,210,11,171,-28,39
156,279,154,172,18,133,-21,39
439,245,149,168,19,129,-20,39
465,346,34,39,5,0,-34,39
316,367,34,39,5,0,-34,39
86,212,46,82,36,43,-3,39
193,307,21,39,18,0,-21,39
353,307,21,39,18,0,-21,39
33,256,170,174,4,135,-35,39
33,255,174,174,0,135,-39,39
71,378,39,39,0,0,-39,39
353,309,28,39,11,0,-28,39
353,308,21,39,18,0,-21,39
354,309,21,39,18,0,-21,39
33,270,96,109,13,70,-26,39
569,537,11,50,39,11,0,39
131,338,82,103,21,64,-18,39
177,219,185,206,21,167,-18,39
546,532,0,39,39,0,0,39
117,227,119,137,18,98,-21,39
352,513,253,254,1,215,-38,39
193,310,21,39,18,0,-21,39
193,309,0,39,39,0,0,39
193,308,0,39,39,0,0,39
143,252,134,138,4,99,-35,39
130,326,145,158,13,119,-26,39
47,242,80,107,27,68,-12,39
20,285,74,92,18,53,-21,39
19,574,62,100,38,61,-1,39
19,571,62,100,38,61,-1,39
37,237,207,227,20,188,-19,39
37,236,211,239,28,200,-11,39
67,222,72,98,26,59,-13,39
501,335,34,39,5,0,-34,39
374,80,28,39,11,0,-28,39
373,413,28,39,11,0,-28,39
136,280,56,85,29,46,-10,39
350,264,198,212,14,173,-25,39
242,346,115,119,4,80,-35,39
432,474,21,39,18,0,-21,39
432,239,87,95,8,56,-31,39
197,318,93,109,16,70,-23,39
431,475,34,39,5,0,-34,39
375,80,28,39,11,0,-28,39
374,413,28,39,11,0,-28,39
376,80,21,39,18,0,-21,39
375,413,21,39,18,0,-21,39
514,320,21,39,18,0,-21,39
32,351,50,78,28,39,-11,39
140,268,98,103,5,64,-34,39
320,366,34,39,5,0,-34,39
352,305,21,39,18,0,-21,39
315,367,28,39,11,0,-28,39
66,221,98,111,13,72,-26,39
159,281,160,178,18,139,-21,39
377,412,28,39,11,0,-28,39
244,251,129,146,17,107,-22,39
244,240,243,253,10,214,-29,39
177,377,72,92,20,53,-19,39
22,267,192,192,0,153,-39,39
321,209,80,89,9,50,-30,39
350,230,90,117,27,78,-12,39
350,229,78,92,14,53,-25,39
350,89,74,85,11,46,-28,39
134,321,53,89,36,50,-3,39
464,318,21,39,18,0,-21,39
193,227,147,180,33,141,-6,39
116,226,98,119,21,80,-18,39
154,331,70,109,39,70,0,39
517,328,34,39,5,0,-34,39
348,288,21,39,18,0,-21,39
517,265,123,144,21,105,-18,39
517,264,111,131,20,92,-19,39
244,347,66,105,39,66,0,39
516,329,34,39,5,0,-34,39
32,247,205,212,7,173,-32,39
230,298,106,124,18,85,-21,39
431,474,21,39,18,0,-21,39
431,318,0,39,39,0,0,39
430,475,28,39,11,0,-28,39
198,289,145,166,21,127,-18,39
429,475,28,39,11,0,-28,39
377,285,39,39,0,0,-39,39
376,412,28,39,11,0,-28,39
290,208,253,253,0,214,-39,39
112,213,74,78,4,39,-35,39
84,253,160,177,17,138,-22,39
518,259,0,39,39,0,0,39
245,252,117,146,29,107,-10,39
154,311,106,126,20,87,-19,39
348,92,74,89,15,50,-24,39
348,91,53,78,25,39,-14,39
518,263,92,111,19,72,-20,39
321,366,34,39,5,0,-34,39
321,365,34,39,5,0,-34,39
146,305,98,117,19,78,-20,39
22,308,66,85,19,46,-20,39
100,227,61,82,21,43,-18,39
48,250,50,78,28,39,-11,39
154,336,125,131,6,92,-33,39
31,278,111,132,21,93,-18,39
31,277,111,132,21,93,-18,39
192,298,123,142,19,103,-20,39
290,349,182,197,15,158,-24,39
290,260,249,249,0,210,-39,39
173,306,124,142,18,103,-21,39
428,476,34,39,5,0,-34,39
428,475,21,39,18,0,-21,39
378,284,34,39,5,0,-34,39
65,376,34,39,5,0,-34,39
271,356,64,78,14,39,-25,39
379,234,87,111,24,72,-15,39
378,412,21,39,18,0,-21,39
378,307,28,39,11,0,-28,39
46,277,87,105,18,66,-21,39
427,476,34,39,5,0,-34,39
496,536,248,253,5,214,-34,39
381,238,168,187,19,148,-20,39
172,370,80,111,31,72,-8,39
22,296,46,85,39,46,0,39
22,295,46,85,39,46,0,39
22,294,50,85,35,46,-4,39
518,328,34,39,5,0,-34,39
245,346,66,103,37,64,-2,39
154,275,133,164,31,125,-8,39
246,251,146,156,10,117,-29,39
178,366,127,142,15,103,-24,39
463,318,21,39,18,0,-21,39
441,245,144,164,20,125,-19,39
441,241,89,98,9,59,-30,39
347,288,0,39,39,0,0,39
154,255,142,163,21,124,-18,39
382,411,21,39,18,0,-21,39
382,410,34,39,5,0,-34,39
56,250,53,82,29,43,-10,39
75,221,92,111,19,72,-20,39
31,259,171,195,24,156,-15,39
345,511,254,254,0,215,-39,39
463,243,0,39,39,0,0,39
314,361,109,123,14,84,-25,39
379,411,34,39,5,0,-34,39
379,286,28,39,11,0,-28,39
315,188,50,89,39,50,0,39
315,187,68,89,21,50,-18,39
380,411,28,39,11,0,-28,39
380,314,0,39,39,0,0,39
380,312,34,39,5,0,-34,39
381,292,34,39,5,0,-34,39
343,233,192,206,14,167,-25,39
153,264,87,92,5,53,-34,39
30,299,89,117,28,78,-11,39
343,287,21,39,18,0,-21,39
75,271,53,82,29,43,-10,39
75,283,66,85,19,46,-20,39
323,209,50,78,28,39,-11,39
191,299,142,157,15,118,-24,39
313,230,229,230,1,191,-38,39
496,252,0,39,39,0,0,39
381,411,21,39,18,0,-21,39
65,221,111,124,13,85,-26,39
382,238,167,185,18,146,-21,39
314,189,64,89,25,50,-14,39
314,188,78,89,11,50,-28,39
314,187,89,89,0,50,-39,39
267,303,53,82,29,43,-10,39
342,274,170,186,16,147,-23,39
23,266,153,192,39,153,0,39
267,283,89,107,18,68,-21,39
267,304,53,82,29,43,-10,39
288,257,249,249,0,210,-39,39
132,337,66,89,23,50,-16,39
313,192,80,95,15,56,-24,39
383,410,28,39,11,0,-28,39
39,263,119,140,21,101,-18,39
494,532,0,39,39,0,0,39
384,238,164,183,19,144,-20,39
385,410,21,39,18,0,-21,39
494,320,0,39,39,0,0,39
385,238,163,181,18,142,-21,39
384,410,28,39,11,0,-28,39
76,267,53,82,29,43,-10,39
250,338,92,98,6,59,-33,39
152,347,74,95,21,56,-18,39
426,518,34,39,5,0,-34,39
426,476,28,39,11,0,-28,39
426,241,119,141,22,102,-17,39
425,518,39,39,0,0,-39,39
425,476,21,39,18,0,-21,39
386,409,34,39,5,0,-34,39
387,235,93,117,24,78,-15,39
297,275,168,199,31,160,-8,39
471,251,164,181,17,142,-22,39
201,305,103,123,20,84,-19,39
442,245,143,162,19,123,-20,39
132,338,64,85,21,46,-18,39
341,350,200,221,21,182,-18,39
152,322,206,206,0,167,-39,39
134,272,64,89,25,50,-14,39
134,271,61,89,28,50,-11,39
425,241,123,144,21,105,-18,39
387,409,28,39,11,0,-28,39
387,279,235,236,1,197,-38,39
492,251,0,39,39,0,0,39
222,277,151,159,8,120,-31,39
388,285,43,78,35,39,-4,39
424,477,28,39,11,0,-28,39
423,517,34,39,5,0,-34,39
267,294,56,85,29,46,-10,39
267,293,56,85,29,46,-10,39
341,229,70,95,25,56,-14,39
137,257,66,92,26,53,-13,39
22,347,254,254,0,215,-39,39
461,249,174,190,16,151,-23,39
23,269,160,186,26,147,-13,39
252,356,80,117,37,78,-2,39
202,302,136,151,15,112,-24,39
423,477,28,39,11,0,-28,39
202,304,123,142,19,103,-20,39
389,408,34,39,5,0,-34,39
161,343,106,124,18,85,-21,39
87,386,254,254,0,215,-39,39
144,334,105,105,0,66,-39,39
390,408,28,39,11,0,-28,39
40,264,101,119,18,80,-21,39
422,477,28,39,11,0,-28,39
220,364,254,254,0,215,-39,39
340,233,198,213,15,174,-24,39
251,338,66,98,32,59,-7,39
151,334,76,89,13,50,-26,39
338,228,59,85,26,46,-13,39
267,242,170,197,27,158,-12,39
525,532,0,39,39,0,0,39
77,287,84,109,25,70,-14,39
253,259,133,151,18,112,-21,39
392,407,28,39,11,0,-28,39
391,408,21,39,18,0,-21,39
161,383,66,78,12,39,-27,39
394,233,70,82,12,43,-27,39
393,407,28,39,11,0,-28,39
62,292,28,39,11,0,-28,39
62,291,28,39,11,0,-28,39
62,290,21,39,18,0,-21,39
125,379,59,85,26,46,-13,39
422,318,21,39,18,0,-21,39
527,273,154,182,28,143,-11,39
541,50,254,255,1,216,-38,39
113,213,78,78,0,39,-39,39
298,391,39,39,0,0,-39,39
394,407,21,39,18,0,-21,39
162,341,106,126,20,87,-19,39
18,279,70,85,15,46,-24,39
396,278,234,235,1,196,-38,39
135,318,53,82,29,43,-10,39
162,374,53,78,25,39,-14,39
395,407,21,39,18,0,-21,39
395,406,34,39,5,0,-34,39
298,390,39,39,0,0,-39,39
460,525,21,39,18,0,-21,39
254,262,120,137,17,98,-22,39
151,347,84,95,11,56,-28,39
78,290,92,115,23,76,-16,39
280,367,0,39,39,0,0,39
102,226,61,82,21,43,-18,39
266,280,90,115,25,76,-14,39
527,285,34,39,5,0,-34,39
266,239,241,252,11,213,-28,39
445,245,137,156,19,117,-20,39
445,239,0,39,39,0,0,39
298,337,210,217,7,178,-32,39
421,477,21,39,18,0,-21,39
135,332,28,39,11,0,-28,39
135,331,28,39,11,0,-28,39
135,330,28,39,11,0,-28,39
487,340,34,39,5,0,-34,39
180,374,72,98,26,59,-13,39
53,258,78,82,4,43,-35,39
256,263,130,145,15,106,-24,39
336,288,34,39,5,0,-34,39
529,57,34,39,5,0,-34,39
28,278,133,145,12,106,-27,39
325,290,21,39,18,0,-21,39
137,371,90,103,13,64,-26,39
78,277,139,157,18,118,-21,39
170,305,117,137,20,98,-19,39
170,304,132,150,18,111,-21,39
218,291,56,95,39,56,0,39
218,296,59,92,33,53,-6,39
218,292,59,95,36,56,-3,39
308,363,92,111,19,72,-20,39
397,75,34,39,5,0,-34,39
396,406,28,39,11,0,-28,39
255,262,129,144,15,105,-24,39
133,261,96,115,19,76,-20,39
138,241,110,140,30,101,-9,39
138,240,122,149,27,110,-12,39
256,356,76,115,39,76,0,39
79,282,147,167,20,128,-19,39
27,297,84,95,11,56,-28,39
49,284,78,78,0,39,-39,39
486,340,39,39,0,0,-39,39
217,319,64,82,18,43,-21,39
217,318,64,82,18,43,-21,39
397,406,21,39,18,0,-21,39
163,336,107,131,24,92,-15,39
163,330,110,141,31,102,-8,39
163,329,114,145,31,106,-8,39
334,400,28,39,11,0,-28,39
255,356,76,115,39,76,0,39
265,277,105,126,21,87,-18,39
150,302,151,169,18,130,-21,39
531,56,28,39,11,0,-28,39
325,359,154,166,12,127,-27,39
325,358,138,166,28,127,-11,39
306,363,102,115,13,76,-26,39
398,75,28,39,11,0,-28,39
485,340,39,39,0,0,-39,39
398,405,28,39,11,0,-28,39
164,221,131,149,18,110,-21,39
399,236,96,123,27,84,-12,39
399,234,76,85,9,46,-30,39
399,75,28,39,11,0,-28,39
216,308,84,103,19,64,-20,39
164,259,162,173,11,134,-28,39
446,246,152,171,19,132,-20,39
82,293,151,168,17,129,-22,39
285,354,167,182,15,143,-24,39
448,245,131,150,19,111,-20,39
531,280,39,39,0,0,-39,39
333,283,21,39,18,0,-21,39
333,282,0,39,39,0,0,39
27,276,149,149,0,110,-39,39
531,267,80,98,18,59,-21,39
333,402,34,39,5,0,-34,39
333,401,28,39,11,0,-28,39
333,355,190,198,8,159,-31,39
333,354,168,198,30,159,-9,39
181,365,124,144,20,105,-19,39
49,365,28,39,11,0,-28,39
458,524,28,39,11,0,-28,39
447,246,150,170,20,131,-19,39
58,217,186,217,31,178,-8,39
169,305,111,132,21,93,-18,39
415,479,28,39,11,0,-28,39
42,273,61,89,28,50,-11,39
215,280,167,180,13,141,-26,39
143,336,89,103,14,64,-25,39
143,333,98,105,7,66,-32,39
400,74,28,39,11,0,-28,39
399,405,28,39,11,0,-28,39
484,341,34,39,5,0,-34,39
215,311,92,117,25,78,-14,39
401,74,39,39,0,0,-39,39
400,405,21,39,18,0,-21,39
484,284,34,39,5,0,-34,39
400,404,39,39,0,0,-39,39
215,289,114,138,24,99,-15,39
533,272,153,173,20,134,-19,39
332,186,56,68,12,29,-27,39
26,290,80,103,23,64,-16,39
332,402,21,39,18,0,-21,39
532,279,39,39,0,0,-39,39
532,272,150,173,23,134,-16,39
532,264,0,39,39,0,0,39
80,207,245,252,7,213,-32,39
332,281,28,39,11,0,-28,39
332,280,21,39,18,0,-21,39
448,246,149,168,19,129,-20,39
332,403,34,39,5,0,-34,39
258,266,126,142,16,103,-23,39
257,356,76,115,39,76,0,39
333,264,245,248,3,209,-36,39
147,343,87,92,5,53,-34,39
258,356,82,115,33,76,-6,39
331,405,34,39,5,0,-34,39
457,524,39,39,0,0,-39,39
135,277,50,82,32,43,-7,39
483,285,39,39,0,0,-39,39
60,372,28,39,11,0,-28,39
402,74,39,39,0,0,-39,39
214,282,180,190,10,151,-29,39
401,407,28,39,11,0,-28,39
401,405,0,39,39,0,0,39
401,404,34,39,5,0,-34,39
165,222,128,146,18,107,-21,39
299,392,28,39,11,0,-28,39
482,287,34,39,5,0,-34,39
482,286,39,39,0,0,-39,39
449,244,111,131,20,92,-19,39
52,221,200,212,12,173,-27,39
449,321,61,82,21,43,-18,39
213,312,141,154,13,115,-26,39
403,74,39,39,0,0,-39,39
60,333,28,39,11,0,-28,39
402,407,28,39,11,0,-28,39
482,320,21,39,18,0,-21,39
481,320,21,39,18,0,-21,39
403,403,34,39,5,0,-34,39
414,514,34,39,5,0,-34,39
331,404,28,39,11,0,-28,39
331,403,21,39,18,0,-21,39
80,291,125,144,19,105,-20,39
80,285,149,167,18,128,-21,39
149,302,150,169,19,130,-20,39
331,227,50,78,28,39,-11,39
330,191,0,39,39,0,0,39
534,272,154,175,21,136,-18,39
260,326,56,89,33,50,-6,39
260,323,92,92,0,53,-39,39
330,121,102,134,32,95,-7,39
50,286,66,78,12,39,-27,39
50,285,61,78,17,39,-22,39
50,284,43,78,35,39,-4,39
133,312,153,168,15,129,-24,39
330,406,21,39,18,0,-21,39
330,405,21,39,18,0,-21,39
138,337,64,78,14,39,-25,39
259,327,66,92,26,53,-13,39
259,326,80,92,12,53,-27,39
331,193,0,39,39,0,0,39
330,407,28,39,11,0,-28,39
143,384,61,95,34,56,-5,39
412,400,34,39,5,0,-34,39
133,332,56,78,22,39,-17,39
185,375,90,117,27,78,-12,39
456,524,39,39,0,0,-39,39
456,344,218,219,1,180,-38,39
26,269,127,149,22,110,-17,39
261,239,239,252,13,213,-26,39
329,407,21,39,18,0,-21,39
261,271,112,131,19,92,-20,39
329,288,21,39,18,0,-21,39
329,287,21,39,18,0,-21,39
138,371,90,103,13,64,-26,39
535,274,202,202,0,163,-39,39
51,332,21,39,18,0,-21,39
451,247,160,177,17,138,-22,39
326,299,39,39,0,0,-39,39
326,284,0,39,39,0,0,39
25,300,116,134,18,95,-21,39
535,265,0,39,39,0,0,39
326,411,0,39,39,0,0,39
538,271,136,154,18,115,-21,39
455,528,255,255,0,216,-39,39
455,523,28,39,11,0,-28,39
414,479,21,39,18,0,-21,39
413,514,39,39,0,0,-39,39
413,400,28,39,11,0,-28,39
405,236,87,107,20,68,-19,39
404,403,28,39,11,0,-28,39
404,240,180,196,16,157,-23,39
213,233,250,253,3,214,-36,39
404,74,34,39,5,0,-34,39
412,277,233,234,1,195,-38,39
573,142,0,39,39,0,0,39
282,254,165,192,27,153,-12,39
573,143,21,39,18,0,-21,39
455,65,21,60,39,21,0,39
573,140,21,39,18,0,-21,39
573,138,28,39,11,0,-28,39
284,215,253,253,0,214,-39,39
50,365,34,39,5,0,-34,39
328,408,21,39,18,0,-21,39
81,285,160,183,23,144,-16,39
81,294,129,151,22,112,-17,39
329,197,72,85,13,46,-26,39
329,196,72,85,13,46,-26,39
329,189,0,39,39,0,0,39
81,268,164,182,18,143,-21,39
507,261,135,151,16,112,-23,39
363,305,28,39,11,0,-28,39
363,301,28,39,11,0,-28,39
363,297,21,39,18,0,-21,39
118,225,87,111,24,72,-15,39
364,419,28,39,11,0,-28,39
364,416,21,39,18,0,-21,39
157,321,154,173,19,134,-20,39
183,374,92,107,15,68,-24,39
537,272,154,175,21,136,-18,39
327,200,80,92,12,53,-27,39
327,410,21,39,18,0,-21,39
327,367,39,39,0,0,-39,39
81,291,141,158,17,119,-22,39
25,272,133,148,15,109,-24,39
453,318,0,39,39,0,0,39
454,320,50,59,9,21,-29,38
327,204,34,72,38,34,0,38
469,301,28,66,38,28,0,38
118,214,72,72,0,34,-38,38
28,245,249,253,4,215,-34,38
139,288,135,154,19,116,-19,38
148,219,162,173,11,135,-27,38
469,251,172,190,18,152,-20,38
199,287,174,182,8,144,-30,38
313,367,21,59,38,21,0,38
151,211,141,167,26,129,-12,38
56,215,248,255,7,217,-31,38
20,274,105,127,22,89,-16,38
315,361,103,120,17,82,-21,38
468,251,175,194,19,156,-19,38
197,317,82,102,20,64,-18,38
367,232,90,116,26,78,-12,38
316,159,114,130,16,92,-22,38
56,258,28,59,31,21,-7,38
470,251,168,186,18,148,-20,38
86,237,76,102,26,64,-12,38
362,231,89,120,31,82,-7,38
134,348,46,72,26,34,-12,38
367,317,207,219,12,181,-26,38
137,239,149,160,11,122,-27,38
453,66,22,52,30,14,-8,38
183,364,115,137,22,99,-16,38
455,320,50,59,9,21,-29,38
453,320,46,59,13,21,-25,38
489,287,28,66,38,28,0,38
219,315,39,72,33,34,-5,38
219,322,28,59,31,21,-7,38
219,283,50,84,34,46,-4,38
130,337,103,120,17,82,-21,38
433,69,36,40,4,2,-34,38
130,328,137,152,15,114,-23,38
336,191,68,72,4,34,-34,38
427,241,116,136,20,98,-18,38
316,363,111,120,9,82,-29,38
316,362,82,120,38,82,0,38
145,306,95,112,17,74,-21,38
145,305,106,123,17,85,-21,38
529,532,21,59,38,21,0,38
12,282,252,252,0,214,-38,38
285,230,253,253,0,215,-38,38
219,281,46,84,38,46,0,38
162,338,90,118,28,80,-10,38
153,221,157,157,0,119,-38,38
200,304,92,112,20,74,-18,38
56,281,21,59,38,21,0,38
509,262,135,153,18,115,-20,38
174,225,190,195,5,157,-33,38
174,224,168,195,27,157,-11,38
200,295,151,167,16,129,-22,38
45,361,43,72,29,34,-9,38
341,276,168,186,18,148,-20,38
341,233,195,210,15,172,-23,38
341,184,34,66,32,28,-6,38
263,242,171,193,22,155,-16,38
162,370,102,116,14,78,-24,38
162,342,112,130,18,92,-20,38
452,320,43,59,16,21,-22,38
56,282,34,59,25,21,-13,38
317,360,115,130,15,92,-23,38
434,69,36,40,4,2,-34,38
312,367,28,59,31,21,-7,38
312,365,74,84,10,46,-28,38
118,227,125,139,14,101,-24,38
257,265,125,140,15,102,-23,38
201,310,95,114,19,76,-19,38
152,339,106,114,8,76,-30,38
152,337,112,114,2,76,-36,38
342,350,216,221,5,183,-33,38
342,349,194,221,27,183,-11,38
30,282,109,123,14,85,-24,38
41,241,178,199,21,161,-17,38
127,216,56,66,10,28,-28,38
127,212,252,254,2,216,-36,38
264,275,114,130,16,92,-22,38
139,326,50,66,16,28,-22,38
318,298,214,230,16,192,-22,38
138,267,43,72,29,34,-9,38
28,267,164,164,0,126,-38,38
137,377,74,84,10,46,-28,38
312,290,241,244,3,206,-35,38
79,276,157,173,16,135,-22,38
451,320,43,59,16,21,-22,38
287,225,64,66,2,28,-36,38
491,285,28,66,38,28,0,38
40,258,126,141,15,103,-23,38
487,326,202,213,11,175,-27,38
396,239,171,187,16,149,-22,38
435,244,138,157,19,119,-19,38
55,256,34,66,32,28,-6,38
158,261,122,153,31,115,-7,38
424,240,110,131,21,93,-17,38
359,230,90,102,12,64,-26,38
334,197,50,64,14,26,-24,38
36,260,87,120,33,82,-5,38
340,351,207,216,9,178,-29,38
340,350,187,216,29,178,-9,38
328,202,43,72,29,34,-9,38
163,222,110,141,31,103,-7,38
148,302,148,167,19,129,-19,38
473,252,171,189,18,151,-20,38
311,191,59,84,25,46,-13,38
435,69,36,40,4,2,-34,38
55,232,50,72,22,34,-16,38
472,340,224,230,6,192,-32,38
54,369,21,59,38,21,0,38
138,268,43,72,29,34,-9,38
436,276,217,219,2,181,-36,38
436,244,136,155,19,117,-19,38
436,69,36,40,4,2,-34,38
372,229,34,66,32,28,-6,38
421,239,101,125,24,87,-14,38
319,298,200,215,15,177,-23,38
122,222,50,72,22,34,-16,38
30,289,114,123,9,85,-29,38
186,300,199,217,18,179,-20,38
186,299,207,222,15,184,-23,38
520,293,28,59,31,21,-7,38
343,273,175,192,17,154,-21,38
101,230,110,125,15,87,-23,38
287,365,106,114,8,76,-30,38
175,372,53,84,31,46,-7,38
175,371,76,84,8,46,-30,38
175,366,110,134,24,96,-14,38
45,266,109,118,9,80,-29,38
119,227,128,143,15,105,-23,38
27,269,111,148,37,110,-1,38
436,521,21,59,38,21,0,38
437,245,152,170,18,132,-20,38
437,244,134,154,20,116,-18,38
358,230,92,106,14,68,-24,38
389,297,28,59,31,21,-7,38
139,247,125,141,16,103,-22,38
520,277,21,59,38,21,0,38
248,342,70,99,29,61,-9,38
248,341,84,99,15,61,-23,38
142,325,46,84,38,46,0,38
182,365,128,145,17,107,-21,38
139,244,117,139,22,101,-16,38
34,245,184,214,30,176,-8,38
34,290,96,116,20,78,-18,38
437,69,36,40,4,2,-34,38
195,234,165,189,24,151,-14,38
438,245,150,169,19,131,-19,38
52,219,212,234,22,196,-16,38
248,340,93,99,6,61,-32,38
222,276,152,162,10,124,-28,38
396,358,21,59,38,21,0,38
82,294,144,164,20,126,-18,38
34,237,252,252,0,214,-38,38
526,277,21,59,38,21,0,38
140,262,122,131,9,93,-29,38
502,54,254,254,0,216,-38,38
37,248,134,160,26,122,-12,38
438,244,132,152,20,114,-18,38
194,321,101,120,19,82,-19,38
438,69,36,40,4,2,-34,38
466,250,168,186,18,148,-20,38
557,283,21,59,38,21,0,38
356,319,156,175,19,137,-19,38
137,253,78,99,21,61,-17,38
152,311,87,112,25,74,-13,38
340,282,210,218,8,180,-30,38
50,267,39,66,27,28,-11,38
355,320,144,160,16,122,-22,38
231,293,102,123,21,85,-17,38
231,291,110,130,20,92,-18,38
269,288,84,102,18,64,-20,38
269,287,89,106,17,68,-21,38
140,267,103,106,3,68,-35,38
79,381,43,59,16,21,-22,38
332,322,230,238,8,200,-30,38
169,303,144,162,18,124,-20,38
58,214,249,252,3,214,-35,38
355,255,205,221,16,183,-22,38
512,263,129,148,19,110,-19,38
54,281,64,66,2,28,-36,38
54,274,34,59,25,21,-13,38
54,273,50,59,9,21,-29,38
54,269,39,72,33,34,-5,38
230,302,98,120,22,82,-16,38
230,297,107,125,18,87,-20,38
168,371,78,110,32,72,-6,38
82,292,154,170,16,132,-22,38
82,291,156,173,17,135,-21,38
187,301,179,199,20,161,-18,38
450,247,162,179,17,141,-21,38
24,278,135,144,9,106,-29,38
486,326,202,213,11,175,-27,38
397,239,170,186,16,148,-22,38
21,566,249,249,0,211,-38,38
58,256,68,72,4,34,-34,38
307,315,126,164,38,126,0,38
307,288,160,198,38,160,0,38
439,244,131,150,19,112,-19,38
47,323,56,66,10,28,-28,38
206,235,153,182,29,144,-9,38
58,285,39,59,20,21,-18,38
344,333,227,227,0,189,-38,38
84,252,155,173,18,135,-20,38
230,296,109,127,18,89,-20,38
230,295,112,128,16,90,-22,38
193,320,82,106,24,68,-14,38
54,256,34,66,32,28,-6,38
230,293,118,134,16,96,-22,38
332,265,248,248,0,210,-38,38
414,352,224,224,0,186,-38,38
58,286,50,59,9,21,-29,38
500,313,28,66,38,28,0,38
388,235,90,116,26,78,-12,38
187,308,102,118,16,80,-22,38
217,286,89,102,13,64,-25,38
163,333,105,134,29,96,-9,38
163,331,107,139,32,101,-6,38
193,299,103,123,20,85,-18,38
193,296,106,122,16,84,-22,38
177,229,194,202,8,164,-30,38
413,237,85,110,25,72,-13,38
84,217,39,66,27,28,-11,38
268,356,93,99,6,61,-32,38
80,273,168,182,14,144,-24,38
54,242,66,72,6,34,-32,38
353,260,195,213,18,175,-20,38
229,360,255,255,0,217,-38,38
259,269,107,131,24,93,-14,38
80,289,134,149,15,111,-23,38
340,184,53,66,13,28,-25,38
523,536,249,253,4,215,-34,38
265,276,115,131,16,93,-22,38
410,321,218,220,2,182,-36,38
54,231,34,72,38,34,0,38
44,229,171,207,36,169,-2,38
322,305,122,131,9,93,-29,38
22,298,50,84,34,46,-4,38
22,297,46,84,38,46,0,38
352,230,92,118,26,80,-12,38
352,308,39,59,20,21,-18,38
37,362,250,253,3,215,-35,38
167,226,168,196,28,158,-10,38
216,320,80,102,22,64,-16,38
216,319,82,102,20,64,-18,38
216,318,80,102,22,64,-16,38
279,223,95,128,33,90,-5,38
458,312,28,59,31,21,-7,38
519,266,124,144,20,106,-18,38
268,284,95,114,19,76,-19,38
48,272,21,59,38,21,0,38
338,265,61,66,5,28,-33,38
322,364,28,59,31,21,-7,38
141,267,101,106,5,68,-33,38
48,277,50,66,16,28,-22,38
48,276,50,66,16,28,-22,38
48,275,43,66,23,28,-15,38
48,274,34,59,25,21,-13,38
338,352,201,212,11,174,-27,38
338,351,183,212,29,174,-9,38
292,346,199,208,9,170,-29,38
81,264,151,170,19,132,-19,38
216,328,115,128,13,90,-25,38
192,229,182,192,10,154,-28,38
351,308,43,59,16,21,-22,38
38,233,238,251,13,213,-25,38
378,238,176,193,17,155,-21,38
38,254,151,162,11,124,-27,38
38,252,135,173,38,135,0,38
166,370,112,122,10,84,-28,38
43,320,46,66,20,28,-18,38
38,251,140,173,33,135,-5,38
80,284,153,174,21,136,-17,38
338,488,34,59,25,21,-13,38
303,196,96,110,14,72,-24,38
141,265,112,116,4,78,-34,38
141,263,119,123,4,85,-34,38
243,240,244,253,9,215,-29,38
80,283,157,180,23,142,-15,38
80,281,167,185,18,147,-20,38
350,308,28,59,31,21,-7,38
345,334,226,227,1,189,-37,38
246,342,107,112,5,74,-33,38
161,220,173,179,6,141,-32,38
139,329,59,72,13,34,-25,38
143,381,46,66,20,28,-18,38
48,325,39,59,20,21,-18,38
191,300,140,154,14,116,-24,38
525,277,21,59,38,21,0,38
479,60,252,252,0,214,-38,38
379,238,173,190,17,152,-21,38
38,268,109,127,18,89,-20,38
31,265,157,168,11,130,-27,38
447,245,132,152,20,114,-18,38
216,272,153,164,11,126,-27,38
539,280,28,59,31,21,-7,38
325,207,34,66,32,28,-6,38
81,269,169,183,14,145,-24,38
39,281,101,118,17,80,-21,38
97,233,126,144,18,106,-20,38
32,258,195,195,0,157,-38,38
60,258,59,66,7,28,-31,38
80,292,119,141,22,103,-16,38
525,309,21,59,38,21,0,38
349,258,107,133,26,95,-12,38
461,325,207,216,9,178,-29,38
267,279,115,128,13,90,-25,38
323,365,46,59,13,21,-25,38
331,185,68,72,4,34,-34,38
138,328,34,59,25,21,-13,38
149,281,107,125,18,87,-20,38
346,269,192,205,13,167,-25,38
14,321,253,253,0,215,-38,38
518,316,21,59,38,21,0,38
61,257,28,59,31,21,-7,38
147,303,129,148,19,110,-19,38
164,258,162,176,14,138,-24,38
164,257,170,178,8,140,-30,38
164,224,112,141,29,103,-9,38
149,280,110,125,15,87,-23,38
405,282,39,66,27,28,-11,38
380,82,53,66,13,28,-25,38
461,295,46,59,13,21,-25,38
180,217,252,253,1,215,-37,38
147,219,160,173,13,135,-25,38
404,283,34,66,32,28,-6,38
165,371,90,114,24,76,-14,38
245,343,112,112,0,74,-38,38
31,285,109,122,13,84,-25,38
294,345,186,209,23,171,-15,38
385,230,21,59,38,21,0,38
260,239,242,253,11,215,-27,38
138,339,66,84,18,46,-20,38
482,254,165,181,16,143,-22,38
23,274,154,167,13,129,-25,38
213,299,181,186,5,148,-33,38
143,337,84,99,15,61,-23,38
496,258,147,164,17,126,-21,38
147,261,21,59,38,21,0,38
154,258,186,186,0,148,-38,38
31,283,102,118,16,80,-22,38
446,245,135,154,19,116,-19,38
189,223,171,205,34,167,-4,38
39,273,126,131,5,93,-33,38
152,250,98,128,30,90,-8,38
152,228,144,155,11,117,-27,38
403,240,181,197,16,159,-22,38
324,185,76,84,8,46,-30,38
496,336,21,59,38,21,0,38
38,356,43,72,29,34,-9,38
330,199,39,66,27,28,-11,38
330,187,28,59,31,21,-7,38
382,320,199,214,15,176,-23,38
154,321,164,182,18,144,-20,38
154,313,138,148,10,110,-28,38
295,272,167,205,38,167,0,38
518,266,130,149,19,111,-19,38
535,272,154,175,21,137,-17,38
24,266,170,191,21,153,-17,38
81,258,134,147,13,109,-25,38
329,200,46,72,26,34,-12,38
49,272,50,59,9,21,-29,38
190,225,181,186,5,148,-33,38
39,231,232,253,21,215,-17,38
329,462,39,59,20,21,-18,38
129,261,170,183,13,145,-25,38
383,303,28,59,31,21,-7,38
49,274,43,59,16,21,-22,38
49,273,43,59,16,21,-22,38
339,184,59,66,7,28,-31,38
339,183,53,66,13,28,-25,38
339,182,43,66,23,28,-15,38
39,251,173,173,0,135,-38,38
224,307,138,157,19,119,-19,38
83,217,56,66,10,28,-28,38
164,371,93,114,21,76,-17,38
81,219,50,59,9,21,-29,38
296,388,28,59,31,21,-7,38
143,272,68,99,31,61,-7,38
181,230,188,202,14,164,-24,38
154,302,156,173,17,135,-21,38
329,312,32,42,10,4,-28,38
214,293,124,150,26,112,-12,38
129,262,173,186,13,148,-25,38
383,320,192,211,19,173,-19,38
445,246,154,173,19,135,-19,38
347,335,214,222,8,184,-30,38
347,260,98,127,29,89,-9,38
383,315,21,59,38,21,0,38
495,258,153,169,16,131,-22,38
25,351,251,252,1,214,-37,38
324,286,46,59,13,21,-25,38
393,231,21,59,38,21,0,38
104,227,87,102,15,64,-23,38
468,531,251,252,1,214,-37,38
429,353,21,59,38,21,0,38
264,242,175,193,18,155,-20,38
124,379,56,84,28,46,-10,38
392,359,21,59,38,21,0,38
455,294,34,66,32,28,-6,38
82,217,56,66,10,28,-28,38
184,224,142,180,38,142,0,38
30,247,179,215,36,178,-1,37
282,224,78,103,25,66,-12,37
10,555,248,248,0,211,-37,37
454,248,171,188,17,151,-20,37
51,236,72,90,18,53,-19,37
123,381,72,76,4,39,-33,37
250,340,61,96,35,59,-2,37
250,339,70,96,26,59,-11,37
103,226,64,87,23,50,-14,37
152,343,64,76,12,39,-25,37
40,281,84,115,31,78,-6,37
460,325,208,217,9,180,-28,37
189,308,70,101,31,64,-6,37
39,267,90,111,21,74,-16,37
26,249,246,252,6,215,-31,37
26,272,122,146,24,109,-13,37
266,289,76,90,14,53,-23,37
266,288,72,90,18,53,-19,37
266,277,118,130,12,93,-25,37
324,313,245,246,1,209,-36,37
164,373,43,80,37,43,0,37
11,289,252,253,1,216,-36,37
214,316,118,136,18,99,-19,37
339,361,189,219,30,182,-7,37
339,359,189,194,5,157,-32,37
261,270,124,136,12,99,-25,37
164,337,130,144,14,107,-23,37
15,294,78,87,9,50,-28,37
180,376,106,107,1,70,-36,37
347,327,192,207,15,170,-22,37
339,269,76,101,25,64,-12,37
35,360,246,253,7,216,-30,37
431,69,36,40,4,3,-33,37
529,266,72,87,15,50,-22,37
199,316,98,115,17,78,-20,37
367,236,182,197,15,160,-22,37
529,274,191,197,6,160,-31,37
197,319,103,117,14,80,-23,37
432,69,36,40,4,3,-33,37
444,246,156,174,18,137,-19,37
129,260,169,182,13,145,-24,37
129,258,172,182,10,145,-27,37
564,540,254,255,1,218,-36,37
16,271,252,253,1,216,-36,37
277,225,96,109,13,72,-24,37
276,368,34,51,17,14,-20,37
165,223,122,144,22,107,-15,37
42,292,84,93,9,56,-28,37
214,305,111,133,22,96,-15,37
129,217,56,80,24,43,-13,37
199,315,90,109,19,72,-18,37
199,314,82,101,19,64,-18,37
79,223,56,76,20,39,-17,37
150,335,50,76,26,39,-11,37
530,272,151,171,20,134,-17,37
20,286,72,87,15,50,-22,37
316,189,61,87,26,50,-11,37
316,187,70,87,17,50,-20,37
134,351,61,76,15,39,-22,37
56,254,78,87,9,50,-28,37
153,226,85,117,32,80,-5,37
77,279,122,139,17,102,-20,37
77,278,122,139,17,102,-20,37
96,233,117,138,21,101,-16,37
518,265,116,136,20,99,-17,37
324,364,59,76,17,39,-20,37
266,290,80,90,10,53,-27,37
348,250,232,246,14,209,-23,37
565,47,253,254,1,217,-36,37
183,365,133,147,14,110,-23,37
184,374,89,107,18,70,-19,37
317,188,68,87,19,50,-18,37
317,187,72,87,15,50,-22,37
316,361,101,119,18,82,-19,37
281,224,82,103,21,66,-16,37
342,233,193,207,14,170,-23,37
348,319,66,90,24,53,-13,37
348,267,199,212,13,175,-24,37
517,266,136,153,17,116,-20,37
324,184,68,76,8,39,-29,37
324,182,46,76,30,39,-7,37
65,215,165,194,29,157,-8,37
266,359,68,105,37,68,0,37
41,229,221,240,19,203,-18,37
62,225,64,90,26,53,-11,37
87,234,61,76,15,39,-22,37
172,306,117,136,19,99,-18,37
46,239,133,148,15,111,-22,37
46,237,160,172,12,135,-25,37
200,311,84,103,19,66,-18,37
121,215,70,76,6,39,-31,37
324,129,253,255,2,218,-35,37
23,288,87,103,16,66,-21,37
154,264,72,105,33,68,-4,37
39,261,115,142,27,105,-10,37
39,260,114,142,28,105,-9,37
39,259,126,142,16,105,-21,37
215,303,95,124,29,87,-8,37
165,302,156,172,16,135,-21,37
183,316,101,124,23,87,-14,37
572,538,20,57,37,20,0,37
249,340,66,98,32,61,-5,37
249,339,96,98,2,61,-35,37
271,234,251,252,1,215,-36,37
138,239,136,154,18,117,-19,37
145,218,178,202,24,165,-13,37
196,321,112,129,17,92,-20,37
83,257,156,172,16,135,-21,37
180,222,184,192,8,155,-29,37
348,335,200,221,21,184,-16,37
147,222,64,101,37,64,0,37
121,226,122,138,16,101,-21,37
443,246,159,175,16,138,-21,37
443,244,123,143,20,106,-17,37
196,318,80,103,23,66,-14,37
151,228,144,154,10,117,-27,37
360,235,198,212,14,175,-23,37
360,230,89,98,9,61,-28,37
78,278,139,157,18,120,-19,37
255,264,106,130,24,93,-13,37
257,242,170,197,27,160,-10,37
27,296,93,93,0,56,-37,37
201,306,101,117,16,80,-21,37
201,299,134,148,14,111,-23,37
128,379,76,87,11,50,-26,37
39,269,89,119,30,82,-7,37
347,82,70,87,17,50,-20,37
31,286,112,122,10,85,-27,37
154,267,70,107,37,70,0,37
459,325,209,217,8,180,-29,37
154,266,78,107,29,70,-8,37
215,319,102,117,15,80,-22,37
215,318,101,117,16,80,-21,37
260,268,131,144,13,107,-24,37
260,242,170,191,21,154,-16,37
26,286,72,96,24,59,-13,37
23,303,61,98,37,61,0,37
278,225,87,109,22,72,-15,37
278,224,109,117,8,80,-29,37
164,272,154,172,18,135,-19,37
215,310,90,115,25,78,-12,37
147,302,146,165,19,128,-18,37
215,327,114,126,12,89,-25,37
380,279,212,244,32,207,-5,37
380,238,170,188,18,151,-19,37
380,234,84,109,25,72,-12,37
541,535,254,254,0,217,-37,37
165,373,43,80,37,43,0,37
137,260,46,80,34,43,-3,37
219,274,53,90,37,53,0,37
126,379,66,87,21,50,-16,37
115,209,253,255,2,218,-35,37
312,230,229,229,0,192,-37,37
434,244,142,159,17,122,-20,37
434,243,125,144,19,107,-18,37
174,368,132,132,0,95,-37,37
331,355,157,193,36,156,-1,37
140,226,127,133,6,96,-31,37
516,265,131,148,17,111,-20,37
516,263,103,122,19,85,-18,37
349,319,72,98,26,61,-11,37
212,309,156,166,10,129,-27,37
323,359,123,154,31,117,-6,37
21,283,98,101,3,64,-34,37
521,267,122,142,20,105,-17,37
63,227,39,76,37,39,0,37
491,275,207,208,1,171,-36,37
41,249,124,154,30,117,-7,37
162,373,76,80,4,43,-33,37
158,266,123,157,34,120,-3,37
38,266,111,127,16,90,-21,37
38,264,125,132,7,95,-30,37
215,324,90,109,19,72,-18,37
252,260,112,133,21,96,-16,37
160,383,68,76,8,39,-29,37
223,239,127,164,37,127,0,37
64,227,66,76,10,39,-27,37
442,246,160,178,18,141,-19,37
442,244,125,144,19,107,-18,37
47,249,74,87,13,50,-24,37
435,243,122,142,20,105,-17,37
21,280,95,96,1,59,-36,37
156,332,139,139,0,102,-37,37
47,251,78,87,9,50,-28,37
47,250,76,87,11,50,-26,37
519,263,89,105,16,68,-21,37
494,258,159,174,15,137,-22,37
161,254,151,175,24,138,-13,37
147,316,43,80,37,43,0,37
216,306,89,105,16,68,-21,37
191,313,61,76,15,39,-22,37
29,267,153,164,11,127,-26,37
38,267,111,127,16,90,-21,37
531,272,150,171,21,134,-16,37
36,254,161,161,0,124,-37,37
340,361,195,224,29,187,-8,37
30,294,76,105,29,68,-8,37
390,74,253,255,2,218,-35,37
218,290,56,93,37,56,0,37
85,236,64,76,12,39,-25,37
178,375,64,90,26,53,-11,37
141,264,116,119,3,82,-34,37
26,274,139,146,7,109,-30,37
26,273,141,146,5,109,-32,37
533,535,252,253,1,216,-36,37
346,228,56,76,20,39,-17,37
119,215,56,76,20,39,-17,37
334,193,43,64,21,27,-16,37
334,192,28,64,36,27,-1,37
422,71,25,57,32,20,-5,37
156,331,134,139,5,102,-32,37
528,274,182,191,9,154,-28,37
28,289,66,98,32,61,-5,37
435,245,155,173,18,136,-19,37
311,362,102,117,15,80,-22,37
29,243,254,254,0,217,-37,37
159,280,150,172,22,135,-15,37
499,259,148,164,16,127,-21,37
267,366,252,254,2,217,-35,37
32,283,84,105,21,68,-16,37
155,274,133,160,27,123,-10,37
267,305,50,80,30,43,-7,37
371,328,209,223,14,186,-23,37
21,308,50,80,30,43,-7,37
21,307,64,80,16,43,-21,37
436,245,154,171,17,134,-20,37
467,251,179,197,18,160,-19,37
358,347,220,225,5,188,-32,37
358,324,210,221,11,184,-26,37
204,235,153,181,28,144,-9,37
390,239,173,190,17,153,-20,37
249,254,143,156,13,119,-24,37
136,371,90,103,13,66,-24,37
310,362,105,119,14,82,-23,37
109,212,66,98,32,61,-5,37
441,244,127,147,20,110,-17,37
338,361,184,213,29,176,-8,37
216,305,89,105,16,68,-21,37
163,374,43,76,33,39,-4,37
163,373,61,80,19,43,-18,37
345,258,78,103,25,66,-12,37
247,344,61,98,37,61,0,37
187,374,68,93,25,56,-12,37
81,263,149,166,17,129,-20,37
536,270,123,139,16,102,-21,37
372,318,209,224,15,187,-22,37
502,260,144,161,17,124,-20,37
419,238,90,111,21,74,-16,37
140,270,87,93,6,56,-31,37
333,194,28,50,22,13,-15,37
437,276,217,217,0,180,-37,37
419,72,31,46,15,9,-22,37
45,239,132,148,16,111,-21,37
66,247,64,76,12,39,-25,37
66,246,61,76,15,39,-22,37
192,231,182,193,11,156,-26,37
48,249,53,76,23,39,-14,37
141,268,96,103,7,66,-30,37
408,353,225,225,0,188,-37,37
53,373,251,253,2,216,-35,37
132,247,177,177,0,140,-37,37
536,272,154,175,21,138,-16,37
30,295,70,105,35,68,-2,37
40,229,233,252,19,215,-18,37
45,235,177,191,14,154,-23,37
501,326,199,210,11,173,-26,37
67,221,76,98,22,61,-15,37
156,330,129,139,10,102,-27,37
131,218,56,76,20,39,-17,37
167,227,183,195,12,158,-25,37
167,219,161,181,20,144,-17,37
216,317,80,101,21,64,-16,37
216,316,78,101,23,64,-14,37
519,265,111,130,19,93,-18,37
216,315,78,101,23,64,-14,37
216,309,80,98,18,61,-19,37
268,285,89,107,18,70,-19,37
377,319,206,220,14,183,-23,37
514,264,130,148,18,111,-19,37
440,244,129,149,20,112,-17,37
322,210,50,80,30,43,-7,37
377,238,180,195,15,158,-22,37
377,231,76,76,0,39,-37,37
144,328,103,103,0,66,-37,37
144,327,103,103,0,66,-37,37
289,352,152,178,26,141,-11,37
288,384,252,254,2,217,-35,37
222,275,159,169,10,132,-27,37
222,272,161,168,7,131,-30,37
222,271,150,168,18,131,-19,37
218,289,56,93,37,56,0,37
24,304,78,98,20,61,-17,37
218,285,72,90,18,53,-19,37
337,272,72,98,26,61,-11,37
156,302,156,173,17,136,-20,37
259,267,128,144,16,107,-21,37
182,225,174,188,14,151,-23,37
291,350,158,182,24,145,-13,37
279,225,80,109,29,72,-8,37
279,224,103,109,6,72,-31,37
163,370,110,117,7,80,-30,37
163,341,123,136,13,99,-24,37
485,336,227,228,1,191,-36,37
265,242,174,193,19,156,-18,37
139,253,111,126,15,89,-22,37
205,235,153,181,28,144,-9,37
320,299,177,200,23,163,-14,37
67,212,182,219,37,182,0,37
37,254,151,161,10,124,-27,37
355,314,74,98,24,61,-13,37
144,307,90,109,19,72,-18,37
194,320,84,105,21,68,-16,37
305,363,105,117,12,80,-25,37
259,242,172,191,19,154,-18,37
138,309,125,142,17,105,-20,37
412,241,180,194,14,157,-23,37
48,263,50,76,26,39,-11,37
192,368,72,80,8,43,-29,37
440,69,36,39,3,2,-34,37
309,363,87,109,22,72,-15,37
34,241,208,231,23,194,-14,37
127,379,70,87,17,50,-20,37
81,286,155,179,24,142,-13,37
81,284,167,186,19,149,-18,37
251,337,82,98,16,61,-21,37
231,292,105,126,21,89,-16,37
258,328,70,93,23,56,-14,37
258,327,84,93,9,56,-28,37
44,262,124,135,11,98,-26,37
84,212,68,87,19,50,-18,37
352,317,76,98,22,61,-15,37
72,218,137,149,12,112,-25,37
193,228,154,182,28,145,-9,37
231,290,115,133,18,96,-19,37
269,289,78,96,18,59,-19,37
146,278,72,107,35,70,-2,37
146,274,105,111,6,74,-31,37
230,360,254,255,1,218,-36,37
151,343,46,76,30,39,-7,37
194,234,166,188,22,151,-15,37
308,365,56,76,20,39,-17,37
120,215,56,76,20,39,-17,37
416,237,78,98,20,61,-17,37
156,251,141,153,12,116,-25,37
355,258,208,223,15,186,-22,37
355,254,212,225,13,188,-24,37
355,234,199,213,14,176,-23,37
80,251,68,90,22,53,-15,37
81,287,151,175,24,138,-13,37
388,239,176,193,17,156,-20,37
153,343,64,76,12,39,-25,37
247,341,99,107,8,70,-29,37
133,284,180,186,6,149,-31,37
262,242,167,192,25,155,-12,37
485,326,203,213,10,176,-27,37
486,255,160,175,15,138,-22,37
163,332,106,136,30,99,-7,37
187,300,184,207,23,170,-14,37
344,272,182,197,15,160,-22,37
217,329,107,130,23,93,-14,37
439,69,36,39,3,2,-34,37
262,273,106,124,18,87,-19,37
230,294,116,130,14,93,-23,37
54,251,74,87,13,50,-24,37
193,280,194,197,3,160,-34,37
193,300,98,122,24,85,-13,37
533,268,92,107,15,70,-22,37
414,237,82,105,23,68,-14,37
193,229,156,182,26,145,-11,37
151,370,72,93,21,56,-16,37
146,304,114,129,15,92,-22,37
159,225,85,122,37,85,0,37
187,298,190,210,20,173,-17,37
187,296,181,206,25,169,-12,37
449,247,164,180,16,143,-21,37
99,232,124,139,15,102,-22,37
99,228,68,87,19,50,-18,37
75,207,249,252,3,215,-34,37
262,272,116,130,14,93,-23,37
81,290,144,162,18,125,-19,37
81,288,149,171,22,134,-15,37
84,251,151,167,16,130,-21,37
84,249,144,159,15,122,-22,37
126,225,130,140,10,103,-27,37
142,224,66,96,30,59,-7,37
78,385,250,254,4,217,-33,37
157,324,156,170,14,133,-23,37
157,266,156,157,1,120,-36,37
104,226,70,90,20,53,-17,37
76,295,61,80,19,43,-18,37
430,69,34,40,6,3,-31,37
283,378,250,254,4,217,-33,37
51,220,212,237,25,200,-12,37
76,266,53,80,27,43,-10,37
148,278,112,115,3,78,-34,37
148,248,117,128,11,92,-25,36
133,350,74,89,15,53,-21,36
198,367,250,254,4,218,-32,36
255,331,85,92,7,56,-29,36
255,332,74,92,18,56,-18,36
255,333,56,92,36,56,0,36
313,435,253,254,1,218,-35,36
173,373,59,82,23,46,-13,36
157,302,155,171,16,135,-20,36
157,305,90,112,22,76,-14,36
28,265,160,178,18,142,-18,36
157,267,147,156,9,120,-27,36
157,279,142,168,26,132,-10,36
335,232,205,218,13,182,-23,36
118,224,74,95,21,59,-15,36
339,186,50,64,14,28,-22,36
53,253,50,70,20,34,-16,36
266,279,99,120,21,84,-15,36
83,212,70,95,25,59,-11,36
261,242,164,190,26,154,-10,36
384,81,39,64,25,28,-11,36
339,351,195,212,17,176,-19,36
224,308,130,151,21,115,-15,36
445,244,118,138,20,102,-16,36
445,242,95,106,11,70,-25,36
339,188,34,64,30,28,-6,36
28,257,118,151,33,115,-3,36
432,349,233,233,0,197,-36,36
313,362,96,116,20,80,-16,36
429,69,27,39,12,3,-24,36
199,302,80,102,22,66,-14,36
290,365,107,116,9,80,-27,36
261,357,103,118,15,82,-21,36
526,265,76,92,16,56,-20,36
16,331,245,252,7,216,-29,36
193,295,96,120,24,84,-12,36
344,263,90,114,24,78,-12,36
217,320,68,82,14,46,-22,36
321,213,43,70,27,34,-9,36
321,210,68,82,14,46,-22,36
168,305,106,128,22,92,-14,36
337,327,227,235,8,199,-28,36
354,323,201,214,13,178,-23,36
156,252,131,152,21,116,-15,36
415,237,80,102,22,66,-14,36
328,357,156,173,17,137,-19,36
328,356,137,173,36,137,0,36
205,306,142,162,20,126,-16,36
205,305,148,166,18,130,-18,36
501,260,150,166,16,130,-20,36
254,260,134,151,17,115,-19,36
151,338,110,114,4,78,-32,36
120,216,39,70,31,34,-5,36
332,355,172,193,21,157,-15,36
355,257,202,219,17,183,-19,36
159,221,137,170,33,134,-3,36
84,254,164,178,14,142,-22,36
163,302,156,170,14,134,-22,36
289,378,56,64,8,28,-28,36
290,222,80,102,22,66,-14,36
353,315,70,95,25,59,-11,36
338,185,56,64,8,28,-28,36
13,316,252,253,1,217,-35,36
100,231,118,132,14,96,-22,36
289,377,39,64,25,28,-11,36
457,313,34,64,30,28,-6,36
457,249,181,196,15,160,-21,36
177,222,178,198,20,162,-16,36
44,259,147,151,4,115,-32,36
44,258,151,152,1,116,-35,36
135,258,56,82,26,46,-10,36
135,249,76,112,36,76,0,36
268,288,68,89,21,53,-15,36
268,287,76,95,19,59,-17,36
268,286,82,102,20,66,-16,36
352,316,70,95,25,59,-11,36
269,290,74,92,18,56,-18,36
269,286,95,112,17,76,-19,36
269,285,102,118,16,82,-20,36
308,362,109,123,14,87,-22,36
466,251,183,200,17,164,-19,36
305,286,164,184,20,148,-16,36
411,241,183,196,13,160,-23,36
131,347,99,110,11,74,-25,36
54,241,66,70,4,34,-32,36
54,240,61,70,9,34,-27,36
54,239,50,70,20,34,-16,36
177,378,78,92,14,56,-22,36
192,323,144,156,12,120,-24,36
33,245,192,214,22,178,-14,36
309,364,72,92,20,56,-16,36
163,257,156,174,18,138,-18,36
389,235,89,112,23,76,-13,36
251,356,80,116,36,80,0,36
182,316,107,126,19,90,-17,36
137,254,80,95,15,59,-21,36
222,278,152,156,4,120,-32,36
218,288,59,92,33,56,-3,36
217,270,156,163,7,127,-29,36
31,248,187,205,18,169,-18,36
136,344,39,64,25,28,-11,36
291,388,251,253,2,217,-34,36
59,251,50,64,14,28,-22,36
59,250,59,70,11,34,-25,36
169,373,70,89,19,53,-17,36
135,241,156,163,7,127,-29,36
374,233,85,110,25,74,-11,36
135,354,64,82,18,46,-18,36
356,320,156,174,18,138,-18,36
438,243,116,134,18,98,-18,36
131,225,128,137,9,101,-27,36
292,268,172,196,24,160,-12,36
448,247,167,182,15,146,-21,36
448,244,114,132,18,96,-18,36
398,320,221,222,1,186,-35,36
440,246,164,180,16,144,-20,36
464,250,175,192,17,156,-19,36
192,313,50,70,20,34,-16,36
80,288,138,151,13,115,-23,36
80,287,142,155,13,119,-23,36
66,255,34,64,30,28,-6,36
338,186,64,64,0,28,-36,36
242,240,244,252,8,216,-28,36
48,257,92,102,10,66,-26,36
275,226,93,110,17,74,-19,36
305,199,112,112,0,76,-36,36
176,220,195,202,7,166,-29,36
66,226,34,70,36,34,0,36
66,224,43,70,27,34,-9,36
323,206,80,92,12,56,-24,36
159,302,153,170,17,134,-19,36
132,225,127,135,8,99,-28,36
389,239,174,191,17,155,-19,36
161,302,154,170,16,134,-20,36
520,267,129,147,18,111,-18,36
520,266,117,137,20,101,-16,36
326,206,28,64,36,28,0,36
67,224,50,70,20,34,-16,36
240,240,244,252,8,216,-28,36
34,291,96,116,20,80,-16,36
304,199,95,112,17,76,-19,36
159,263,133,145,12,109,-24,36
98,209,255,255,0,219,-36,36
24,262,186,197,11,161,-25,36
278,354,53,70,17,34,-19,36
261,322,85,92,7,56,-29,36
216,298,96,116,20,80,-16,36
216,324,72,95,23,59,-13,36
231,360,253,254,1,218,-35,36
373,281,227,230,3,194,-33,36
140,281,76,95,19,59,-17,36
373,229,34,64,30,28,-6,36
27,271,110,132,22,96,-14,36
437,312,34,70,36,34,0,36
195,302,72,89,17,53,-19,36
546,49,253,254,1,218,-35,36
192,297,122,142,20,106,-16,36
66,256,39,64,25,28,-11,36
66,227,46,70,24,34,-12,36
170,373,72,89,17,53,-19,36
372,237,180,196,16,160,-20,36
195,322,120,137,17,101,-19,36
257,330,64,92,28,56,-8,36
257,329,74,92,18,56,-18,36
337,186,39,64,25,28,-11,36
326,202,78,89,11,53,-25,36
221,327,120,131,11,95,-25,36
153,329,76,106,30,70,-6,36
288,353,148,173,25,137,-11,36
451,305,34,70,36,34,0,36
337,185,28,64,36,28,0,36
310,363,85,106,21,70,-15,36
144,341,61,89,28,53,-8,36
320,184,64,89,25,53,-11,36
192,230,182,192,10,156,-26,36
472,252,174,192,18,156,-18,36
422,322,219,220,1,184,-35,36
435,276,219,219,0,183,-36,36
303,278,245,245,0,209,-36,36
351,263,201,214,13,178,-23,36
351,256,118,143,25,107,-11,36
159,312,122,141,19,105,-17,36
350,325,196,211,15,175,-21,36
155,251,128,145,17,109,-19,36
441,246,162,179,17,143,-19,36
515,265,138,152,14,116,-22,36
135,261,66,82,16,46,-20,36
311,230,227,229,2,193,-34,36
311,192,46,82,36,46,0,36
158,312,125,141,16,105,-20,36
158,302,153,170,17,134,-19,36
218,294,59,95,36,59,0,36
218,293,59,95,36,59,0,36
135,260,64,82,18,46,-18,36
135,259,53,82,29,46,-7,36
166,371,87,114,27,78,-9,36
80,286,144,160,16,124,-20,36
141,260,131,131,0,95,-36,36
143,382,53,64,11,28,-25,36
146,383,80,95,15,59,-21,36
146,371,64,92,28,56,-8,36
23,265,154,186,32,150,-4,36
136,345,46,64,18,28,-18,36
319,184,78,89,11,53,-25,36
196,226,251,253,2,217,-34,36
359,312,61,70,9,34,-27,36
422,242,153,167,14,131,-22,36
467,303,28,64,36,28,0,36
387,239,178,194,16,158,-20,36
161,228,174,180,6,144,-30,36
139,328,56,70,14,34,-22,36
216,287,99,125,26,89,-10,36
41,364,245,254,9,218,-27,36
48,324,50,64,14,28,-22,36
48,370,242,253,11,217,-25,36
166,302,158,173,15,137,-21,36
334,227,46,70,24,34,-12,36
171,305,123,141,18,105,-18,36
341,177,39,64,25,28,-11,36
523,264,80,95,15,59,-21,36
218,312,34,64,30,28,-6,36
162,382,78,82,4,46,-32,36
218,295,59,95,36,59,0,36
132,313,165,180,15,144,-21,36
340,87,103,128,25,92,-11,36
188,309,80,102,22,66,-14,36
31,290,123,125,2,89,-34,36
132,341,64,82,18,46,-18,36
132,340,64,82,18,46,-18,36
132,339,64,82,18,46,-18,36
254,334,64,92,28,56,-8,36
254,333,84,92,8,56,-28,36
254,332,92,92,0,56,-36,36
158,252,148,160,12,124,-24,36
119,223,64,82,18,46,-18,36
318,437,34,64,30,28,-6,36
202,301,144,156,12,120,-24,36
34,287,64,95,31,59,-5,36
359,318,196,209,13,173,-23,36
83,295,151,169,18,133,-18,36
259,325,89,92,3,56,-33,36
136,315,70,92,22,56,-14,36
92,216,53,64,11,28,-25,36
143,370,96,106,10,70,-26,36
43,251,110,120,10,84,-26,36
23,264,157,186,29,150,-7,36
122,226,127,142,15,106,-21,36
343,177,56,64,8,28,-28,36
63,223,61,89,28,53,-8,36
62,217,150,186,36,150,0,36
185,364,126,139,13,103,-23,36
318,360,111,128,17,92,-19,36
171,373,68,89,21,53,-15,36
45,322,43,64,21,28,-15,36
158,267,120,156,36,120,0,36
215,320,98,116,18,80,-18,36
346,261,98,123,25,87,-11,36
447,244,116,135,19,99,-17,36
43,255,142,151,9,115,-27,36
252,336,76,95,19,59,-17,36
179,374,59,89,30,53,-6,36
46,231,190,209,19,173,-17,36
218,318,43,64,21,28,-15,36
218,317,43,64,21,28,-15,36
139,325,46,64,18,28,-18,36
425,240,107,128,21,92,-15,36
425,238,80,95,15,59,-21,36
28,269,129,146,17,110,-19,36
79,277,157,173,16,137,-20,36
134,267,68,92,24,56,-12,36
179,365,114,137,23,101,-13,36
443,313,39,64,25,28,-11,36
403,330,208,224,16,188,-20,36
404,236,89,110,21,74,-15,36
213,236,144,174,30,138,-6,36
381,279,215,246,31,210,-5,36
32,248,182,205,23,169,-13,36
32,245,212,214,2,178,-34,36
497,316,28,64,36,28,0,36
361,228,39,64,25,28,-11,36
239,240,245,253,8,217,-28,36
47,234,142,173,31,137,-5,36
109,228,105,123,18,87,-18,36
312,362,101,116,15,80,-21,36
201,307,96,114,18,78,-18,36
294,343,204,211,7,175,-29,36
215,322,101,114,13,78,-23,36
324,181,66,82,16,46,-20,36
446,244,117,137,20,101,-16,36
133,260,99,116,17,80,-19,36
133,259,103,116,13,80,-23,36
133,258,101,116,15,80,-21,36
164,302,156,171,15,135,-21,36
484,326,204,214,10,178,-26,36
148,212,110,146,36,110,0,36
40,247,174,176,2,140,-34,36
11,302,249,252,3,216,-33,36
142,260,103,131,28,95,-8,36
488,256,163,177,14,141,-22,36
317,361,96,118,22,82,-14,36
368,330,212,224,12,188,-24,36
55,263,82,82,0,46,-36,36
147,248,125,128,3,92,-33,36
49,257,68,102,34,66,-2,36
133,214,252,254,2,218,-34,36
517,263,96,116,20,80,-16,36
160,278,136,163,27,127,-9,36
534,274,201,202,1,166,-35,36
24,254,252,253,1,217,-35,36
60,340,56,64,8,28,-28,36
341,277,174,190,16,154,-20,36
251,259,110,132,22,96,-14,36
251,256,144,156,12,120,-24,36
219,282,46,82,36,46,0,36
153,224,72,106,34,70,-2,36
138,248,107,125,18,89,-18,36
56,265,78,82,4,46,-32,36
136,245,92,128,36,92,0,36
117,382,68,70,2,34,-34,36
148,384,64,89,25,53,-11,36
95,233,114,129,15,93,-21,36
384,82,53,64,11,28,-25,36
535,269,107,123,16,87,-20,36
266,291,85,89,4,53,-32,36
490,286,34,64,30,28,-6,36
489,256,160,173,13,137,-23,36
395,239,172,187,15,151,-21,36
263,274,107,125,18,89,-18,36
433,244,144,161,17,125,-19,36
368,232,87,112,25,76,-11,36
145,307,84,102,18,66,-18,36
250,255,144,156,12,120,-24,36
341,280,196,214,18,178,-18,36
339,82,253,254,1,218,-35,36
93,216,39,64,25,28,-11,36
366,236,186,200,14,164,-22,36
313,361,112,126,14,90,-22,36
428,241,112,132,20,96,-16,36
444,244,120,141,21,105,-15,36
160,302,153,170,17,134,-19,36
129,259,167,181,14,145,-22,36
49,281,34,70,36,34,0,36
339,185,56,64,8,28,-28,36
46,278,87,102,15,66,-21,36
199,313,74,95,21,59,-15,36
130,325,150,160,10,124,-26,36
130,324,155,164,9,128,-27,36
336,274,76,102,26,66,-10,36
60,339,46,64,18,28,-18,36
339,181,34,64,30,28,-6,36
149,214,148,163,15,127,-21,36
145,272,107,110,3,74,-33,36
152,370,74,92,18,56,-18,36
82,213,61,92,31,56,-5,36
326,465,249,253,4,217,-32,36
184,364,119,137,18,101,-18,36
28,264,164,178,14,142,-22,36
28,263,164,178,14,142,-22,36
327,358,164,171,7,135,-29,36
327,357,141,171,30,135,-6,36
76,285,74,95,21,59,-15,36
284,355,160,177,17,141,-19,36
342,177,46,64,18,28,-18,36
522,267,116,135,19,99,-17,36
139,286,106,131,25,95,-11,36
162,302,156,170,14,134,-22,36
339,187,39,64,25,28,-11,36
44,291,39,70,31,34,-5,36
465,250,172,188,16,152,-20,36
241,240,244,252,8,216,-28,36
72,214,148,184,36,148,0,36
72,213,175,184,9,148,-27,36
71,383,253,254,1,218,-35,36
187,321,144,156,12,120,-24,36
344,321,56,82,26,46,-10,36
81,289,148,167,19,131,-17,36
268,367,250,254,4,218,-32,36
84,250,147,162,15,126,-21,36
327,205,34,64,30,28,-6,36
327,118,253,254,1,218,-35,36
393,233,72,82,10,46,-26,36
335,276,80,102,22,66,-14,36
19,329,34,70,36,34,0,36
184,231,202,202,0,167,-35,35
282,372,46,46,0,11,-35,35
363,323,206,223,17,188,-18,35
283,223,87,103,16,68,-19,35
393,239,172,187,15,152,-20,35
40,280,95,115,20,80,-15,35
522,264,84,101,17,66,-18,35
453,248,173,188,15,153,-20,35
314,164,111,138,27,103,-8,35
314,190,64,85,21,50,-14,35
363,310,28,56,28,21,-7,35
142,217,250,250,0,215,-35,35
283,372,25,46,21,11,-14,35
139,276,50,74,24,39,-11,35
139,279,53,74,21,39,-14,35
393,77,28,56,28,21,-7,35
537,271,138,154,16,119,-19,35
220,270,132,147,15,112,-20,35
394,239,172,187,15,152,-20,35
364,310,39,56,17,21,-18,35
430,242,125,140,15,105,-20,35
335,476,39,56,17,21,-18,35
220,329,126,137,11,102,-24,35
326,302,38,40,2,5,-33,35
391,239,172,188,16,153,-19,35
133,345,50,74,24,39,-11,35
221,270,135,150,15,115,-20,35
488,335,226,230,4,195,-31,35
487,535,252,253,1,218,-34,35
488,280,46,56,10,21,-25,35
488,281,43,56,13,21,-22,35
40,269,82,99,17,64,-18,35
342,275,177,191,14,156,-21,35
342,322,53,78,25,43,-10,35
133,333,53,74,21,39,-14,35
538,281,28,56,28,21,-7,35
40,259,111,136,25,101,-10,35
161,342,99,119,20,84,-15,35
55,334,43,56,13,21,-22,35
362,310,21,56,35,21,0,35
529,305,21,56,35,21,0,35
150,369,93,107,14,72,-21,35
157,320,155,172,17,137,-18,35
78,381,39,56,17,21,-18,35
335,353,178,203,25,168,-10,35
335,354,194,203,9,168,-26,35
256,262,135,151,16,116,-19,35
521,277,21,56,35,21,0,35
30,277,93,128,35,93,0,35
41,270,64,85,21,50,-14,35
340,362,219,224,5,189,-30,35
101,226,53,74,21,39,-14,35
280,224,90,103,13,68,-22,35
280,225,72,103,31,68,-4,35
199,295,139,158,19,123,-16,35
46,324,28,56,28,21,-7,35
506,261,139,152,13,117,-22,35
365,324,212,227,15,192,-20,35
27,347,43,56,13,21,-22,35
363,231,85,115,30,80,-5,35
390,235,87,111,24,76,-11,35
82,257,140,159,19,124,-16,35
390,282,28,56,28,21,-7,35
390,283,50,56,6,21,-29,35
389,319,205,210,5,175,-30,35
133,379,74,85,11,50,-24,35
182,364,110,133,23,98,-12,35
13,277,252,252,0,217,-35,35
343,356,212,220,8,185,-27,35
271,357,39,74,35,39,0,35
362,317,204,213,9,178,-26,35
362,322,214,221,7,186,-28,35
19,286,53,74,21,39,-14,35
431,242,122,137,15,102,-20,35
520,265,106,124,18,89,-17,35
82,295,138,159,21,124,-14,35
218,234,250,253,3,218,-32,35
450,321,59,78,19,43,-16,35
186,301,186,206,20,171,-15,35
142,331,70,99,29,64,-6,35
81,283,174,188,14,153,-21,35
61,340,34,56,22,21,-13,35
163,273,144,160,16,125,-19,35
163,276,159,180,21,145,-14,35
82,284,183,195,12,160,-23,35
344,228,56,74,18,39,-17,35
519,327,28,56,28,21,-7,35
187,302,171,186,15,151,-20,35
366,359,223,224,1,189,-34,35
197,320,111,125,14,90,-21,35
553,48,255,255,0,220,-35,35
529,272,149,170,21,135,-14,35
82,287,171,184,13,149,-22,35
61,339,28,56,28,21,-7,35
161,280,173,183,10,148,-25,35
388,305,28,56,28,21,-7,35
344,328,167,180,13,145,-22,35
99,227,53,74,21,39,-14,35
458,249,178,194,16,159,-19,35
50,249,72,74,2,39,-33,35
344,362,225,226,1,191,-34,35
432,244,145,163,18,128,-17,35
86,236,70,85,15,50,-20,35
56,259,28,56,28,21,-7,35
150,343,53,74,21,39,-14,35
334,488,253,254,1,219,-34,35
173,224,185,195,10,160,-25,35
163,327,133,149,16,114,-19,35
31,252,154,167,13,132,-22,35
52,274,28,56,28,21,-7,35
52,275,34,56,22,21,-13,35
52,276,43,56,13,21,-22,35
52,277,50,56,6,21,-29,35
345,228,56,74,18,39,-17,35
388,232,68,74,6,39,-29,35
468,280,46,56,10,21,-25,35
432,242,118,134,16,99,-19,35
291,348,180,195,15,160,-20,35
50,247,74,74,0,39,-35,35
50,248,74,74,0,39,-35,35
216,314,80,99,19,64,-16,35
519,267,137,152,15,117,-20,35
523,277,21,56,35,21,0,35
148,331,39,56,17,21,-18,35
134,225,124,133,9,98,-26,35
161,224,128,128,0,93,-35,35
161,225,107,128,21,93,-14,35
139,331,68,78,10,43,-25,35
216,302,87,107,20,72,-15,35
216,312,78,96,18,61,-17,35
164,222,115,138,23,103,-12,35
234,351,82,115,33,80,-2,35
432,524,252,254,2,219,-33,35
433,65,254,254,0,219,-35,35
130,338,98,115,17,80,-18,35
238,240,245,253,8,218,-27,35
36,242,193,202,9,167,-26,35
346,78,252,254,2,219,-33,35
293,264,246,247,1,212,-34,35
97,228,53,74,21,39,-14,35
49,326,39,56,17,21,-18,35
386,239,179,195,16,160,-19,35
81,270,173,185,12,150,-23,35
265,358,87,103,16,68,-19,35
31,291,117,124,7,89,-28,35
524,277,21,56,35,21,0,35
524,310,21,56,35,21,0,35
31,269,98,127,29,92,-6,35
400,236,95,119,24,84,-11,35
200,305,89,107,18,72,-17,35
235,240,245,254,9,219,-26,35
145,304,117,133,16,98,-19,35
200,314,95,109,14,74,-21,35
61,255,43,56,13,21,-22,35
154,226,85,117,32,82,-3,35
446,346,215,215,0,180,-35,35
346,297,34,56,22,21,-13,35
346,320,59,85,26,50,-9,35
164,274,160,179,19,144,-16,35
61,254,53,56,3,21,-32,35
329,186,28,56,28,21,-7,35
385,239,180,196,16,161,-19,35
42,238,174,192,18,157,-17,35
42,249,122,140,18,105,-17,35
215,308,98,115,17,80,-18,35
133,257,98,115,17,80,-18,35
31,281,85,109,24,74,-11,35
154,265,82,107,25,72,-10,35
160,374,80,85,5,50,-30,35
384,289,34,56,22,21,-13,35
46,242,80,103,23,68,-12,35
361,323,186,214,28,179,-7,35
313,290,244,244,0,209,-35,35
109,383,59,85,26,50,-9,35
157,209,251,252,1,217,-34,35
31,276,116,128,12,93,-23,35
445,526,253,254,1,219,-34,35
96,234,129,149,20,114,-15,35
295,335,85,109,24,74,-11,35
535,277,21,56,35,21,0,35
20,306,46,78,32,43,-3,35
317,283,250,250,0,215,-35,35
317,297,223,229,6,194,-29,35
200,310,80,101,21,66,-14,35
200,312,89,105,16,70,-19,35
200,313,90,105,15,70,-20,35
172,305,129,145,16,110,-19,35
460,249,176,191,15,156,-20,35
49,285,78,78,0,43,-35,35
460,296,46,56,10,21,-25,35
95,229,53,74,21,39,-14,35
339,362,213,219,6,184,-29,35
224,294,160,179,19,144,-16,35
81,220,50,56,6,21,-29,35
42,267,80,109,29,74,-6,35
324,285,46,56,10,21,-25,35
160,344,98,115,17,80,-18,35
39,268,90,111,21,76,-14,35
471,252,177,195,18,160,-17,35
334,354,180,198,18,163,-17,35
360,324,193,214,21,179,-14,35
174,306,131,142,11,107,-24,35
78,279,139,157,18,122,-17,35
359,323,184,210,26,175,-9,35
151,247,118,134,16,99,-19,35
434,65,254,254,0,219,-35,35
433,276,220,221,1,186,-34,35
189,322,144,158,14,123,-21,35
339,233,201,214,13,179,-22,35
77,259,56,74,18,39,-17,35
298,203,96,117,21,82,-14,35
94,234,125,138,13,103,-22,35
383,319,176,199,23,164,-12,35
150,326,66,85,19,50,-16,35
530,304,21,56,35,21,0,35
318,187,66,85,19,50,-16,35
111,213,72,74,2,39,-33,35
425,242,141,154,13,119,-22,35
129,263,178,188,10,153,-25,35
39,244,152,168,16,133,-19,35
298,205,116,117,1,82,-34,35
277,220,253,253,0,218,-35,35
133,225,125,134,9,99,-26,35
534,277,21,56,35,21,0,35
534,300,21,56,35,21,0,35
114,213,70,78,8,43,-27,35
160,312,118,140,22,105,-13,35
348,81,50,78,28,43,-7,35
154,337,115,125,10,90,-25,35
190,296,154,167,13,132,-22,35
190,297,157,167,10,132,-25,35
201,311,101,115,14,80,-21,35
45,323,34,56,22,21,-13,35
424,242,144,158,14,123,-21,35
85,246,144,158,14,123,-21,35
196,290,157,169,12,134,-23,35
175,221,166,195,29,160,-6,35
434,245,157,173,16,138,-19,35
53,273,34,56,22,21,-13,35
132,379,84,85,1,50,-34,35
382,304,21,56,35,21,0,35
114,214,56,78,22,43,-13,35
402,240,182,197,15,162,-20,35
534,271,137,154,17,119,-18,35
234,240,245,254,9,219,-26,35
424,238,82,96,14,61,-21,35
509,331,21,56,35,21,0,35
273,233,249,250,1,215,-34,35
55,257,28,56,28,21,-7,35
330,231,218,224,6,189,-29,35
496,321,34,56,22,21,-13,35
113,214,56,78,22,43,-13,35
381,320,204,217,13,182,-22,35
403,70,254,254,0,219,-35,35
266,357,102,103,1,68,-34,35
266,358,78,103,25,68,-10,35
93,235,134,147,13,112,-22,35
137,288,155,166,11,131,-24,35
23,290,74,99,25,64,-10,35
39,235,213,229,16,194,-19,35
299,367,21,56,35,21,0,35
132,344,56,85,29,50,-6,35
136,309,151,160,9,125,-26,35
171,304,137,152,15,117,-20,35
423,239,96,117,21,82,-14,35
79,292,105,125,20,90,-15,35
481,254,169,184,15,149,-20,35
349,81,53,78,25,43,-10,35
349,92,70,85,15,50,-20,35
49,243,96,105,9,70,-26,35
180,230,192,202,10,167,-25,35
301,194,110,144,34,109,-1,35
93,230,50,74,24,39,-11,35
83,258,159,175,16,140,-19,35
138,338,64,78,14,43,-21,35
435,65,254,254,0,219,-35,35
319,187,61,85,24,50,-11,35
85,237,68,85,17,50,-18,35
370,294,28,56,28,21,-7,35
165,370,114,122,8,87,-27,35
49,249,39,74,35,39,0,35
227,237,254,254,0,219,-35,35
498,259,153,167,14,132,-21,35
43,267,93,115,22,80,-13,35
138,327,34,56,22,21,-13,35
243,344,95,119,24,84,-11,35
379,357,226,228,2,193,-33,35
83,294,159,173,14,138,-21,35
349,326,200,214,14,179,-21,35
179,366,132,142,10,107,-25,35
442,69,36,38,2,3,-33,35
38,270,119,124,5,89,-30,35
422,239,99,120,21,85,-14,35
359,313,68,96,28,61,-7,35
137,344,61,74,13,39,-22,35
137,345,64,74,10,39,-25,35
436,65,254,254,0,219,-35,35
47,265,61,85,24,50,-11,35
267,292,53,85,32,50,-3,35
267,306,50,78,28,43,-7,35
191,298,142,157,15,122,-20,35
350,255,109,131,22,96,-13,35
302,401,28,56,28,21,-7,35
441,347,226,226,0,191,-35,35
253,262,102,128,26,93,-9,35
120,223,64,85,21,50,-14,35
178,370,50,78,28,43,-7,35
463,250,180,195,15,160,-20,35
242,344,87,119,32,84,-3,35
311,363,82,105,23,70,-12,35
78,256,64,85,21,50,-14,35
232,360,252,253,1,218,-34,35
233,240,246,254,8,219,-27,35
155,302,157,173,16,138,-19,35
441,69,36,38,2,3,-33,35
29,254,161,166,5,131,-30,35
338,271,78,103,25,68,-10,35
338,193,34,56,22,21,-13,35
338,194,46,56,10,21,-25,35
131,379,85,85,0,50,-35,35
131,380,50,85,35,50,0,35
166,386,251,252,1,217,-34,35
167,222,151,173,22,138,-13,35
79,319,99,115,16,80,-19,35
79,320,98,115,17,80,-18,35
79,321,93,111,18,76,-17,35
27,278,120,145,25,110,-10,35
151,285,147,161,14,126,-21,35
436,243,119,138,19,103,-16,35
129,378,53,85,32,50,-3,35
129,379,82,85,3,50,-32,35
409,321,219,219,0,184,-35,35
159,264,123,144,21,109,-14,35
352,262,202,215,13,180,-22,35
304,230,240,241,1,206,-34,35
90,232,61,78,17,43,-18,35
192,311,28,56,28,21,-7,35
59,261,34,56,22,21,-13,35
376,238,183,198,15,163,-20,35
440,243,112,131,19,96,-16,35
54,337,34,56,22,21,-13,35
84,381,46,56,10,21,-25,35
130,225,130,138,8,103,-27,35
149,314,56,85,29,50,-6,35
72,217,149,160,11,125,-24,35
306,282,241,244,3,209,-32,35
352,324,202,212,10,177,-25,35
352,509,39,56,17,21,-18,35
533,271,136,154,18,119,-17,35
322,134,254,254,0,219,-35,35
322,181,74,85,11,50,-24,35
322,182,68,85,17,50,-18,35
322,183,56,85,29,50,-6,35
477,253,170,187,17,152,-18,35
207,363,92,124,32,89,-3,35
258,242,171,193,22,158,-13,35
320,187,84,85,1,50,-34,35
177,227,162,186,24,151,-11,35
155,338,90,115,25,80,-10,35
146,303,128,146,18,111,-17,35
177,220,202,202,0,167,-35,35
44,272,117,117,0,82,-35,35
414,74,36,37,1,2,-34,35
149,343,61,74,13,39,-22,35
149,369,98,107,9,72,-26,35
151,369,92,107,15,72,-20,35
354,234,200,213,13,178,-22,35
240,346,98,119,21,84,-14,35
177,221,190,202,12,167,-23,35
193,306,28,56,28,21,-7,35
112,214,50,78,28,43,-7,35
22,307,80,85,5,50,-30,35
439,65,254,254,0,219,-35,35
439,246,167,182,15,147,-20,35
37,239,199,205,6,170,-29,35
34,257,147,170,23,135,-12,35
437,243,117,136,19,101,-16,35
436,348,229,229,0,194,-35,35
437,65,254,254,0,219,-35,35
476,280,43,56,13,21,-22,35
321,212,46,78,32,43,-3,35
84,255,167,180,13,145,-22,35
230,303,98,117,19,82,-16,35
332,271,46,56,10,21,-25,35
332,272,50,56,6,21,-29,35
80,223,46,56,10,21,-25,35
355,256,201,218,17,183,-18,35
80,224,46,56,10,21,-25,35
80,225,46,56,10,21,-25,35
137,334,34,56,22,21,-13,35
511,263,137,151,14,116,-21,35
130,379,85,85,0,50,-35,35
130,380,56,85,29,50,-6,35
131,222,50,74,24,39,-11,35
131,250,163,178,15,143,-20,35
119,382,76,85,9,50,-26,35
151,335,53,85,32,50,-3,35
151,345,53,74,21,39,-14,35
151,346,68,85,17,50,-18,35
80,221,28,56,28,21,-7,35
156,272,128,151,23,116,-12,35
309,362,106,120,14,85,-21,35
438,65,254,254,0,219,-35,35
356,321,160,179,19,144,-16,35
356,364,21,56,35,21,0,35
117,225,84,105,21,70,-14,35
320,297,197,200,3,165,-32,35
148,225,70,105,35,70,0,35
82,241,46,74,28,39,-7,35
198,316,87,103,16,68,-19,35
198,317,93,109,16,74,-19,35
157,315,143,170,27,135,-8,35
157,312,125,141,16,106,-19,35
25,265,191,202,11,167,-24,35
148,261,34,56,22,21,-13,35
76,296,61,78,17,43,-18,35
51,226,174,187,13,152,-22,35
522,277,21,56,35,21,0,35
152,378,76,96,20,61,-15,35
30,252,167,167,0,132,-35,35
341,299,28,34,6,0,-28,34
76,294,59,80,21,46,-13,34
76,293,59,80,21,46,-13,34
454,241,0,34,34,0,0,34
454,388,34,34,0,0,-34,34
454,387,21,34,13,0,-21,34
454,385,21,34,13,0,-21,34
393,410,21,34,13,0,-21,34
392,321,200,219,19,185,-15,34
342,182,34,68,34,34,0,34
152,346,56,84,28,50,-6,34
573,51,34,34,0,0,-34,34
250,356,80,114,34,80,0,34
124,371,72,84,12,50,-22,34
430,317,21,34,13,0,-21,34
35,293,87,106,19,72,-15,34
489,318,28,34,6,0,-28,34
8,558,61,95,34,61,0,34
574,138,28,34,6,0,-28,34
69,351,21,34,13,0,-21,34
429,317,21,34,13,0,-21,34
429,394,34,34,0,0,-34,34
429,395,0,34,34,0,0,34
430,235,28,34,6,0,-28,34
430,318,0,34,34,0,0,34
231,289,119,135,16,101,-18,34
130,251,169,177,8,143,-26,34
417,398,34,34,0,0,-34,34
417,399,21,34,13,0,-21,34
417,400,0,34,34,0,0,34
417,402,28,34,6,0,-28,34
416,399,34,34,0,0,-34,34
140,269,92,98,6,64,-28,34
321,184,72,87,15,53,-19,34
269,284,107,123,16,89,-18,34
511,319,28,34,6,0,-28,34
557,52,34,34,0,0,-34,34
144,306,102,118,16,84,-18,34
308,195,64,98,34,64,0,34
308,313,133,151,18,117,-16,34
438,236,28,34,6,0,-28,34
437,237,0,34,34,0,0,34
239,346,87,114,27,80,-7,34
130,254,151,173,22,139,-12,34
374,417,21,34,13,0,-21,34
66,344,28,34,6,0,-28,34
438,318,0,34,34,0,0,34
438,391,28,34,6,0,-28,34
131,260,125,148,23,114,-11,34
438,472,21,34,13,0,-21,34
526,285,34,34,0,0,-34,34
526,286,34,34,0,0,-34,34
254,263,105,129,24,95,-10,34
512,57,34,34,0,0,-34,34
532,271,134,153,19,119,-15,34
332,401,0,34,34,0,0,34
67,209,252,253,1,219,-33,34
80,250,64,84,20,50,-14,34
156,255,120,146,26,112,-8,34
558,52,34,34,0,0,-34,34
512,330,28,34,6,0,-28,34
512,528,21,34,13,0,-21,34
416,400,0,34,34,0,0,34
416,402,21,34,13,0,-21,34
475,318,21,34,13,0,-21,34
527,284,34,34,0,0,-34,34
78,255,59,80,21,46,-13,34
511,57,34,34,0,0,-34,34
156,283,183,193,10,159,-24,34
466,379,28,34,6,0,-28,34
466,318,21,34,13,0,-21,34
437,392,21,34,13,0,-21,34
437,236,28,34,6,0,-28,34
436,392,28,34,6,0,-28,34
436,473,21,34,13,0,-21,34
559,275,0,34,34,0,0,34
476,318,21,34,13,0,-21,34
58,258,61,68,7,34,-27,34
206,306,156,170,14,136,-20,34
415,399,34,34,0,0,-34,34
415,400,21,34,13,0,-21,34
415,402,21,34,13,0,-21,34
321,211,59,80,21,46,-13,34
321,215,66,68,2,34,-32,34
415,403,34,34,0,0,-34,34
415,514,28,34,6,0,-28,34
230,304,98,116,18,82,-16,34
135,371,89,102,13,68,-21,34
375,238,186,201,15,167,-19,34
544,289,21,34,13,0,-21,34
414,403,28,34,6,0,-28,34
193,323,140,153,13,119,-21,34
465,380,21,34,13,0,-21,34
465,526,21,34,13,0,-21,34
439,243,114,132,18,98,-16,34
559,52,28,34,6,0,-28,34
37,235,224,245,21,211,-13,34
373,417,21,34,13,0,-21,34
531,530,21,34,13,0,-21,34
418,398,28,34,6,0,-28,34
418,399,0,34,34,0,0,34
320,215,56,68,12,34,-22,34
532,56,34,34,0,0,-34,34
150,228,143,152,9,118,-25,34
156,312,126,140,14,106,-20,34
274,363,157,157,0,123,-34,34
177,216,252,253,1,219,-33,34
465,251,186,202,16,168,-18,34
44,293,66,84,18,50,-16,34
476,529,28,34,6,0,-28,34
44,266,114,127,13,93,-21,34
414,400,21,34,13,0,-21,34
532,530,21,34,13,0,-21,34
533,56,34,34,0,0,-34,34
513,57,34,34,0,0,-34,34
354,260,208,223,15,189,-19,34
131,339,80,98,18,64,-16,34
131,318,157,170,13,136,-21,34
54,261,87,90,3,56,-31,34
193,313,50,68,18,34,-16,34
321,299,170,190,20,156,-14,34
500,335,28,34,6,0,-28,34
501,58,28,34,6,0,-28,34
414,402,0,34,34,0,0,34
58,322,21,34,13,0,-21,34
58,327,28,34,6,0,-28,34
58,328,28,34,6,0,-28,34
413,401,0,34,34,0,0,34
413,403,28,34,6,0,-28,34
413,479,21,34,13,0,-21,34
476,528,21,34,13,0,-21,34
146,307,74,95,21,61,-13,34
512,319,28,34,6,0,-28,34
155,371,64,80,16,46,-18,34
155,380,68,90,22,56,-12,34
89,239,147,156,9,122,-25,34
307,196,78,98,20,64,-14,34
547,269,0,34,34,0,0,34
419,398,28,34,6,0,-28,34
57,268,66,80,14,46,-20,34
67,273,28,34,6,0,-28,34
373,291,28,34,6,0,-28,34
502,526,21,34,13,0,-21,34
421,397,34,34,0,0,-34,34
45,267,115,116,1,82,-33,34
332,192,34,34,0,0,-34,34
332,193,28,34,6,0,-28,34
500,260,155,170,15,136,-19,34
16,564,61,95,34,61,0,34
151,378,64,90,26,56,-8,34
337,362,200,208,8,174,-26,34
33,261,156,168,12,134,-22,34
513,528,21,34,13,0,-21,34
513,264,139,152,13,118,-21,34
513,319,28,34,6,0,-28,34
352,361,227,232,5,198,-29,34
149,341,34,68,34,34,0,34
167,371,84,112,28,78,-6,34
321,455,254,255,1,221,-33,34
44,250,84,110,26,76,-8,34
412,401,21,34,13,0,-21,34
412,403,21,34,13,0,-21,34
413,74,33,36,3,2,-31,34
466,380,21,34,13,0,-21,34
437,391,28,34,6,0,-28,34
531,310,21,34,13,0,-21,34
372,414,21,34,13,0,-21,34
67,272,34,34,0,0,-34,34
546,536,250,253,3,219,-31,34
436,313,34,68,34,34,0,34
337,99,110,114,4,80,-30,34
337,188,66,68,2,34,-32,34
85,213,50,68,18,34,-16,34
420,477,21,34,13,0,-21,34
57,231,76,87,11,53,-23,34
333,323,229,237,8,203,-26,34
411,74,33,34,1,0,-33,34
59,217,191,209,18,175,-16,34
59,227,68,93,25,59,-9,34
411,401,21,34,13,0,-21,34
477,318,21,34,13,0,-21,34
259,239,244,253,9,219,-25,34
560,275,0,34,34,0,0,34
439,391,21,34,13,0,-21,34
439,472,21,34,13,0,-21,34
66,272,21,34,13,0,-21,34
66,273,0,34,34,0,0,34
353,261,202,218,16,184,-18,34
514,57,34,34,0,0,-34,34
440,65,254,254,0,220,-34,34
376,319,211,223,12,189,-22,34
500,58,21,34,13,0,-21,34
411,403,21,34,13,0,-21,34
411,404,34,34,0,0,-34,34
170,303,147,162,15,128,-19,34
420,398,28,34,6,0,-28,34
320,186,61,84,23,50,-11,34
547,286,28,34,6,0,-28,34
310,194,84,102,18,68,-16,34
555,286,28,34,6,0,-28,34
175,370,74,98,24,64,-10,34
477,528,21,34,13,0,-21,34
167,302,160,173,13,139,-21,34
440,317,28,34,6,0,-28,34
440,324,208,216,8,182,-26,34
464,380,28,34,6,0,-28,34
514,265,143,156,13,122,-21,34
514,318,34,34,0,0,-34,34
514,319,21,34,13,0,-21,34
155,311,109,126,17,92,-17,34
155,312,126,140,14,106,-20,34
155,318,166,174,8,140,-26,34
410,401,28,34,6,0,-28,34
410,402,21,34,13,0,-21,34
410,403,0,34,34,0,0,34
410,404,28,34,6,0,-28,34
331,402,0,34,34,0,0,34
556,52,34,34,0,0,-34,34
138,269,39,68,29,34,-5,34
503,58,34,34,0,0,-34,34
503,254,0,34,34,0,0,34
38,232,248,253,5,219,-29,34
500,59,28,34,6,0,-28,34
500,253,0,34,34,0,0,34
304,363,109,119,10,85,-24,34
305,197,93,106,13,72,-21,34
561,275,0,34,34,0,0,34
48,258,102,102,0,68,-34,34
48,259,87,102,15,68,-19,34
376,413,21,34,13,0,-21,34
22,299,50,84,34,50,0,34
22,300,53,84,31,50,-3,34
322,276,247,250,3,216,-31,34
409,402,21,34,13,0,-21,34
409,404,28,34,6,0,-28,34
478,318,21,34,13,0,-21,34
408,404,21,34,13,0,-21,34
408,405,28,34,6,0,-28,34
268,282,107,123,16,89,-18,34
268,283,102,118,16,84,-18,34
477,529,34,34,0,0,-34,34
410,74,34,34,0,0,-34,34
409,74,34,34,0,0,-34,34
79,318,101,116,15,82,-19,34
358,312,64,68,4,34,-30,34
358,320,182,200,18,166,-16,34
358,322,175,200,25,166,-9,34
436,236,28,34,6,0,-28,34
436,240,92,95,3,61,-31,34
59,329,21,34,13,0,-21,34
59,330,28,34,6,0,-28,34
59,331,28,34,6,0,-28,34
408,74,34,34,0,0,-34,34
543,290,28,34,6,0,-28,34
22,310,53,68,15,34,-19,34
38,244,143,167,24,133,-10,34
338,188,50,68,18,34,-16,34
338,189,46,68,22,34,-12,34
141,269,93,98,5,64,-29,34
440,390,28,34,6,0,-28,34
440,391,21,34,13,0,-21,34
304,197,72,106,34,72,0,34
66,270,28,34,6,0,-28,34
66,271,28,34,6,0,-28,34
129,343,114,123,9,89,-25,34
435,393,0,34,34,0,0,34
510,319,28,34,6,0,-28,34
67,348,21,34,13,0,-21,34
67,377,34,34,0,0,-34,34
407,481,21,34,13,0,-21,34
159,279,136,163,27,129,-7,34
351,234,200,214,14,180,-20,34
441,238,0,34,34,0,0,34
132,261,114,129,15,95,-19,34
440,472,28,34,6,0,-28,34
563,51,28,34,6,0,-28,34
137,312,95,112,17,78,-17,34
514,528,21,34,13,0,-21,34
515,57,34,34,0,0,-34,34
32,300,76,106,30,72,-4,34
323,181,66,80,14,46,-20,34
242,345,109,119,10,85,-24,34
32,294,117,118,1,84,-33,34
140,253,126,136,10,102,-24,34
146,340,84,93,9,59,-25,34
135,262,59,80,21,46,-13,34
478,528,21,34,13,0,-21,34
407,403,21,34,13,0,-21,34
407,405,28,34,6,0,-28,34
473,318,21,34,13,0,-21,34
421,398,21,34,13,0,-21,34
203,303,142,157,15,123,-19,34
21,306,66,80,14,46,-20,34
371,414,21,34,13,0,-21,34
311,194,89,102,13,68,-21,34
435,314,34,68,34,34,0,34
435,392,28,34,6,0,-28,34
534,56,34,34,0,0,-34,34
80,280,172,185,13,151,-21,34
116,228,130,144,14,110,-20,34
441,390,21,34,13,0,-21,34
441,472,28,34,6,0,-28,34
77,292,78,93,15,59,-19,34
59,322,21,34,13,0,-21,34
59,323,0,34,34,0,0,34
59,324,21,34,13,0,-21,34
406,481,21,34,13,0,-21,34
407,74,34,34,0,0,-34,34
351,89,74,84,10,50,-24,34
462,381,28,34,6,0,-28,34
462,382,21,34,13,0,-21,34
441,317,28,34,6,0,-28,34
303,197,87,106,19,72,-15,34
435,473,21,34,13,0,-21,34
467,244,0,34,34,0,0,34
434,473,21,34,13,0,-21,34
478,529,34,34,0,0,-34,34
267,284,84,102,18,68,-16,34
77,293,78,93,15,59,-19,34
515,528,28,34,6,0,-28,34
516,57,34,34,0,0,-34,34
179,228,161,185,24,151,-10,34
462,250,184,199,15,165,-19,34
479,318,21,34,13,0,-21,34
60,227,87,93,6,59,-28,34
406,403,21,34,13,0,-21,34
406,405,21,34,13,0,-21,34
149,291,161,173,12,139,-22,34
533,530,21,34,13,0,-21,34
331,276,21,34,13,0,-21,34
243,251,123,141,18,107,-16,34
350,92,66,80,14,46,-20,34
462,318,21,34,13,0,-21,34
442,237,28,34,6,0,-28,34
499,59,21,34,13,0,-21,34
405,406,28,34,6,0,-28,34
405,481,21,34,13,0,-21,34
406,74,34,34,0,0,-34,34
333,400,21,34,13,0,-21,34
422,397,28,34,6,0,-28,34
422,398,0,34,34,0,0,34
422,517,28,34,6,0,-28,34
45,305,70,87,17,53,-17,34
203,304,135,151,16,117,-18,34
359,235,202,215,13,181,-21,34
331,191,34,34,0,0,-34,34
331,192,28,34,6,0,-28,34
481,64,28,34,6,0,-28,34
564,51,34,34,0,0,-34,34
301,325,110,143,33,109,-1,34
302,192,111,139,28,105,-6,34
275,367,28,34,6,0,-28,34
461,382,21,34,13,0,-21,34
515,318,28,34,6,0,-28,34
380,77,253,254,1,220,-33,34
379,279,208,239,31,205,-3,34
379,313,34,34,0,0,-34,34
379,412,21,34,13,0,-21,34
479,528,21,34,13,0,-21,34
479,529,21,34,13,0,-21,34
480,254,172,188,16,154,-18,34
442,389,28,34,6,0,-28,34
442,390,21,34,13,0,-21,34
49,219,249,254,5,220,-29,34
77,298,72,87,15,53,-19,34
115,228,123,139,16,105,-18,34
252,335,89,95,6,61,-28,34
348,334,184,214,30,180,-4,34
65,290,21,34,13,0,-21,34
480,318,21,34,13,0,-21,34
404,404,0,34,34,0,0,34
404,406,28,34,6,0,-28,34
404,512,34,34,0,0,-34,34
60,265,21,34,13,0,-21,34
405,74,34,34,0,0,-34,34
138,340,70,84,14,50,-20,34
331,190,34,34,0,0,-34,34
270,240,249,251,2,217,-32,34
504,58,34,34,0,0,-34,34
36,281,56,84,28,50,-6,34
36,262,68,102,34,68,0,34
370,301,28,34,6,0,-28,34
45,306,70,87,17,53,-17,34
330,404,0,34,34,0,0,34
380,313,28,34,6,0,-28,34
380,412,0,34,34,0,0,34
65,270,28,34,6,0,-28,34
330,472,252,253,1,219,-33,34
481,318,21,34,13,0,-21,34
77,294,80,93,13,59,-21,34
77,295,78,93,15,59,-19,34
92,236,144,152,8,118,-26,34
442,317,28,34,6,0,-28,34
143,338,78,95,17,61,-17,34
299,364,110,119,9,85,-25,34
267,239,245,252,7,218,-27,34
481,530,21,34,13,0,-21,34
482,248,0,34,34,0,0,34
38,301,70,80,10,46,-24,34
38,302,80,80,0,46,-34,34
498,59,21,34,13,0,-21,34
381,82,66,68,2,34,-32,34
381,234,82,106,24,72,-10,34
435,236,28,34,6,0,-28,34
370,414,28,34,6,0,-28,34
68,209,252,253,1,219,-33,34
371,237,183,198,15,164,-19,34
503,526,21,34,13,0,-21,34
319,186,50,84,34,50,0,34
359,320,195,209,14,175,-20,34
510,57,34,34,0,0,-34,34
334,263,247,248,1,214,-33,34
330,279,28,34,6,0,-28,34
80,324,98,114,16,80,-18,34
80,325,95,112,17,78,-17,34
129,337,115,132,17,98,-17,34
129,338,110,127,17,93,-17,34
403,404,21,34,13,0,-21,34
403,406,21,34,13,0,-21,34
403,512,34,34,0,0,-34,34
349,229,78,90,12,56,-22,34
443,317,28,34,6,0,-28,34
461,318,21,34,13,0,-21,34
180,229,170,195,25,161,-9,34
134,270,56,84,28,50,-6,34
442,471,21,34,13,0,-21,34
443,69,36,37,1,3,-33,34
443,237,28,34,6,0,-28,34
32,246,212,212,0,178,-34,34
516,528,28,34,6,0,-28,34
517,57,34,34,0,0,-34,34
45,307,74,87,13,53,-21,34
472,318,21,34,13,0,-21,34
202,305,117,135,18,101,-16,34
47,259,70,102,32,68,-2,34
175,224,157,190,33,156,-1,34
175,225,169,190,21,156,-13,34
175,226,184,190,6,156,-28,34
434,393,21,34,13,0,-21,34
555,52,34,34,0,0,-34,34
18,568,61,95,34,61,0,34
214,233,251,253,2,219,-32,34
60,332,28,34,6,0,-28,34
213,313,142,151,9,117,-25,34
481,529,21,34,13,0,-21,34
252,337,66,93,27,59,-7,34
49,258,84,102,18,68,-16,34
443,389,21,34,13,0,-21,34
525,58,21,34,13,0,-21,34
42,327,28,34,6,0,-28,34
482,318,28,34,6,0,-28,34
482,337,224,224,0,190,-34,34
60,311,21,34,13,0,-21,34
60,322,34,34,0,0,-34,34
381,239,185,201,16,167,-18,34
300,187,255,255,0,221,-34,34
143,332,98,102,4,68,-30,34
312,194,93,102,9,68,-25,34
55,251,82,87,5,53,-29,34
434,276,219,220,1,186,-33,34
196,289,147,161,14,127,-20,34
330,188,28,34,6,0,-28,34
330,189,28,34,6,0,-28,34
330,190,21,34,13,0,-21,34
266,292,85,87,2,53,-32,34
482,529,21,34,13,0,-21,34
482,530,34,34,0,0,-34,34
402,406,21,34,13,0,-21,34
160,281,172,184,12,150,-22,34
382,279,219,246,27,212,-7,34
381,312,28,34,6,0,-28,34
381,313,34,34,0,0,-34,34
381,314,21,34,13,0,-21,34
53,267,53,68,15,34,-19,34
190,284,157,164,7,130,-27,34
444,69,36,37,1,3,-33,34
444,237,28,34,6,0,-28,34
534,269,107,123,16,89,-18,34
60,323,34,34,0,0,-34,34
60,324,0,34,34,0,0,34
402,404,28,34,6,0,-28,34
402,405,0,34,34,0,0,34
369,330,203,220,17,186,-17,34
369,414,28,34,6,0,-28,34
369,418,28,34,6,0,-28,34
423,396,34,34,0,0,-34,34
423,397,21,34,13,0,-21,34
319,153,109,133,24,99,-10,34
312,191,61,80,19,46,-15,34
116,213,56,80,24,46,-10,34
348,229,78,90,12,56,-22,34
143,306,109,124,15,90,-19,34
143,310,74,90,16,56,-18,34
190,294,140,163,23,129,-11,34
190,308,64,80,16,46,-18,34
434,392,34,34,0,0,-34,34
369,301,28,34,6,0,-28,34
530,530,21,34,13,0,-21,34
79,278,157,173,16,139,-18,34
79,279,157,173,16,139,-18,34
238,300,156,172,16,138,-18,34
174,372,78,84,6,50,-28,34
174,373,56,80,24,46,-10,34
467,318,21,34,13,0,-21,34
443,471,21,34,13,0,-21,34
201,298,137,153,16,119,-18,34
201,309,92,110,18,76,-16,34
425,396,28,34,6,0,-28,34
135,287,167,178,11,144,-23,34
383,239,183,198,15,164,-19,34
64,343,21,34,13,0,-21,34
276,367,21,34,13,0,-21,34
460,382,28,34,6,0,-28,34
535,56,28,34,6,0,-28,34
138,341,70,84,14,50,-20,34
330,184,72,80,8,46,-26,34
495,532,21,34,13,0,-21,34
444,317,28,34,6,0,-28,34
190,224,167,182,15,148,-19,34
565,51,34,34,0,0,-34,34
518,264,105,123,18,89,-16,34
53,269,61,68,7,34,-27,34
444,388,28,34,6,0,-28,34
444,389,21,34,13,0,-21,34
444,471,28,34,6,0,-28,34
445,69,34,37,3,3,-31,34
566,138,17,34,17,0,-17,34
298,204,112,116,4,82,-30,34
566,51,34,34,0,0,-34,34
368,415,21,34,13,0,-21,34
368,418,21,34,13,0,-21,34
424,396,28,34,6,0,-28,34
424,397,0,34,34,0,0,34
424,476,21,34,13,0,-21,34
425,66,251,254,3,220,-31,34
426,242,136,150,14,116,-20,34
201,297,145,161,16,127,-18,34
483,318,28,34,6,0,-28,34
483,320,21,34,13,0,-21,34
483,326,205,214,9,180,-25,34
483,529,21,34,13,0,-21,34
483,530,34,34,0,0,-34,34
445,247,171,186,15,152,-19,34
445,317,28,34,6,0,-28,34
79,253,61,84,23,50,-11,34
433,393,28,34,6,0,-28,34
528,284,28,34,6,0,-28,34
336,287,28,34,6,0,-28,34
433,394,0,34,34,0,0,34
55,278,21,34,13,0,-21,34
196,370,252,255,3,221,-31,34
524,323,28,34,6,0,-28,34
53,268,56,68,12,34,-22,34
471,318,21,34,13,0,-21,34
471,245,0,34,34,0,0,34
535,306,21,34,13,0,-21,34
329,285,21,34,13,0,-21,34
329,286,21,34,13,0,-21,34
401,235,87,95,8,61,-26,34
214,323,109,124,15,90,-19,34
400,407,21,34,13,0,-21,34
400,408,28,34,6,0,-28,34
383,411,0,34,34,0,0,34
31,300,80,106,26,72,-8,34
518,57,28,34,6,0,-28,34
567,51,34,34,0,0,-34,34
53,231,53,68,15,34,-19,34
114,226,90,110,20,76,-14,34
260,361,251,251,0,217,-34,34
535,270,123,139,16,105,-18,34
459,318,28,34,6,0,-28,34
189,294,158,169,11,135,-23,34
189,301,160,170,10,136,-24,34
445,388,28,34,6,0,-28,34
445,470,21,34,13,0,-21,34
445,471,28,34,6,0,-28,34
295,368,28,34,6,0,-28,34
384,239,181,197,16,163,-18,34
144,383,64,87,23,53,-11,34
360,321,198,214,16,180,-18,34
504,526,21,34,13,0,-21,34
505,58,28,34,6,0,-28,34
158,220,152,168,16,134,-18,34
549,537,252,254,2,220,-32,34
171,381,68,95,27,61,-7,34
74,217,150,170,20,136,-14,34
384,320,186,207,21,173,-13,34
384,321,202,216,14,182,-20,34
426,350,226,229,3,195,-31,34
426,396,21,34,13,0,-21,34
427,242,132,146,14,112,-20,34
200,294,158,173,15,139,-19,34
427,317,21,34,13,0,-21,34
87,241,142,149,7,115,-27,34
87,235,70,87,17,53,-17,34
509,57,34,34,0,0,-34,34
509,256,0,34,34,0,0,34
509,263,149,161,12,127,-22,34
509,319,28,34,6,0,-28,34
329,231,219,224,5,190,-29,34
484,318,28,34,6,0,-28,34
25,303,98,112,14,78,-20,34
536,51,252,254,2,220,-32,34
277,367,21,34,13,0,-21,34
459,319,0,34,34,0,0,34
459,382,28,34,6,0,-28,34
459,383,21,34,13,0,-21,34
181,316,114,127,13,93,-21,34
446,247,170,184,14,150,-20,34
446,317,28,34,6,0,-28,34
64,270,21,34,13,0,-21,34
494,319,21,34,13,0,-21,34
484,320,0,34,34,0,0,34
215,309,92,112,20,78,-14,34
189,281,172,192,20,158,-14,34
31,284,105,118,13,84,-21,34
154,283,180,186,6,152,-28,34
367,416,0,34,34,0,0,34
68,351,28,34,6,0,-28,34
316,360,118,130,12,96,-22,34
427,235,21,34,13,0,-21,34
147,306,78,98,20,64,-14,34
164,273,156,175,19,141,-15,34
347,229,76,90,14,56,-20,34
568,51,34,34,0,0,-34,34
293,338,95,98,3,64,-31,34
446,470,21,34,13,0,-21,34
346,288,0,34,34,0,0,34
484,529,0,34,34,0,0,34
484,530,34,34,0,0,-34,34
215,321,98,114,16,80,-18,34
329,125,103,130,27,96,-7,34
329,187,28,34,6,0,-28,34
447,309,34,68,34,34,0,34
447,317,28,34,6,0,-28,34
459,242,0,34,34,0,0,34
97,234,138,151,13,117,-21,34
252,257,143,154,11,120,-23,34
340,180,43,68,25,34,-9,34
399,324,202,219,17,185,-17,34
399,408,21,34,13,0,-21,34
426,475,0,34,34,0,0,34
256,330,82,93,11,59,-23,34
256,331,66,90,24,56,-10,34
334,397,21,34,13,0,-21,34
529,530,21,34,13,0,-21,34
530,57,34,34,0,0,-34,34
530,263,0,34,34,0,0,34
367,415,28,34,6,0,-28,34
36,243,184,194,10,160,-24,34
505,319,28,34,6,0,-28,34
68,377,34,34,0,0,-34,34
427,395,28,34,6,0,-28,34
493,319,21,34,13,0,-21,34
153,377,70,98,28,64,-6,34
153,378,89,98,9,64,-25,34
247,252,151,157,6,123,-28,34
293,337,98,98,0,64,-34,34
447,247,168,183,15,149,-19,34
188,289,154,170,16,136,-18,34
386,410,21,34,13,0,-21,34
39,280,115,118,3,84,-31,34
261,325,50,84,34,50,0,34
485,249,0,34,34,0,0,34
399,288,34,68,34,34,0,34
39,301,46,80,34,46,0,34
39,302,76,80,4,46,-30,34
325,291,28,34,6,0,-28,34
325,292,28,34,6,0,-28,34
325,293,28,34,6,0,-28,34
485,318,28,34,6,0,-28,34
216,313,80,98,18,64,-16,34
216,277,159,168,9,134,-25,34
139,327,53,68,15,34,-19,34
493,318,28,34,6,0,-28,34
433,243,128,145,17,111,-17,34
432,393,34,34,0,0,-34,34
432,394,0,34,34,0,0,34
130,340,82,106,24,72,-10,34
336,261,249,249,0,215,-34,34
361,301,21,34,13,0,-21,34
448,243,99,116,17,82,-17,34
448,308,34,68,34,34,0,34
448,317,28,34,6,0,-28,34
81,262,145,162,17,128,-17,34
493,56,251,253,2,219,-32,34
493,258,165,178,13,144,-21,34
458,319,0,34,34,0,0,34
458,325,210,217,7,183,-27,34
181,375,98,106,8,72,-26,34
458,383,28,34,6,0,-28,34
458,384,0,34,34,0,0,34
569,51,34,34,0,0,-34,34
519,58,28,34,6,0,-28,34
345,288,21,34,13,0,-21,34
345,328,180,194,14,160,-20,34
345,329,180,194,14,160,-20,34
340,182,64,68,4,34,-30,34
31,247,191,212,21,178,-13,34
61,313,21,34,13,0,-21,34
61,323,28,34,6,0,-28,34
61,324,28,34,6,0,-28,34
61,325,21,34,13,0,-21,34
398,406,21,34,13,0,-21,34
398,408,21,34,13,0,-21,34
265,278,93,118,25,84,-9,34
325,409,28,34,6,0,-28,34
325,410,21,34,13,0,-21,34
216,311,78,95,17,61,-17,34
398,409,28,34,6,0,-28,34
345,330,173,194,21,160,-13,34
448,387,28,34,6,0,-28,34
447,470,28,34,6,0,-28,34
130,323,160,167,7,133,-27,34
157,253,124,148,24,114,-10,34
197,288,127,152,25,118,-9,34
173,380,56,87,31,53,-3,34
173,384,252,253,1,219,-33,34
174,215,249,252,3,218,-31,34
468,318,21,34,13,0,-21,34
432,243,131,149,18,115,-16,34
325,411,21,34,13,0,-21,34
485,529,0,34,34,0,0,34
485,530,28,34,6,0,-28,34
486,62,34,34,0,0,-34,34
397,409,28,34,6,0,-28,34
485,255,165,178,13,144,-21,34
523,322,0,34,34,0,0,34
340,181,50,68,18,34,-16,34
199,303,78,98,20,64,-14,34
428,394,34,34,0,0,-34,34
163,328,124,146,22,112,-12,34
397,323,206,219,13,185,-21,34
81,259,137,150,13,116,-21,34
448,469,21,34,13,0,-21,34
448,470,28,34,6,0,-28,34
52,269,61,68,7,34,-27,34
153,347,72,90,18,56,-16,34
387,410,0,34,34,0,0,34
427,396,21,34,13,0,-21,34
427,475,0,34,34,0,0,34
427,518,34,34,0,0,-34,34
428,235,21,34,13,0,-21,34
470,318,21,34,13,0,-21,34
56,253,87,87,0,53,-34,34
69,247,50,68,18,34,-16,34
147,342,92,93,1,59,-33,34
61,334,21,34,13,0,-21,34
61,335,28,34,6,0,-28,34
262,271,124,137,13,103,-21,34
344,288,21,34,13,0,-21,34
344,329,160,180,20,146,-14,34
398,234,76,87,11,53,-23,34
508,319,28,34,6,0,-28,34
362,305,21,34,13,0,-21,34
336,190,59,68,9,34,-25,34
20,291,74,87,13,53,-21,34
530,267,82,98,16,64,-18,34
334,398,21,34,13,0,-21,34
334,399,21,34,13,0,-21,34
505,526,28,34,6,0,-28,34
449,317,28,34,6,0,-28,34
449,387,21,34,13,0,-21,34
449,469,21,34,13,0,-21,34
142,334,66,98,32,64,-2,34
142,335,64,98,34,64,0,34
506,255,0,34,34,0,0,34
366,415,34,34,0,0,-34,34
366,416,0,34,34,0,0,34
431,394,21,34,13,0,-21,34
432,235,28,34,6,0,-28,34
553,52,28,34,6,0,-28,34
554,52,34,34,0,0,-34,34
336,188,39,68,29,34,-5,34
336,189,46,68,22,34,-12,34
157,252,138,156,18,122,-16,34
69,246,61,68,7,34,-27,34
222,279,154,154,0,120,-34,34
289,222,87,102,15,68,-19,34
186,368,61,90,29,56,-5,34
450,317,28,34,6,0,-28,34
450,386,34,34,0,0,-34,34
450,387,21,34,13,0,-21,34
289,365,106,114,8,80,-26,34
100,226,50,68,18,34,-16,34
570,51,34,34,0,0,-34,34
457,383,34,34,0,0,-34,34
457,384,0,34,34,0,0,34
50,271,43,68,25,34,-9,34
182,317,124,135,11,101,-23,34
340,263,68,68,0,34,-34,34
486,318,28,34,6,0,-28,34
248,253,147,156,9,122,-25,34
431,236,0,34,34,0,0,34
431,239,87,95,8,61,-26,34
432,317,21,34,13,0,-21,34
328,277,28,34,6,0,-28,34
328,278,21,34,13,0,-21,34
328,279,0,34,34,0,0,34
492,318,28,34,6,0,-28,34
487,62,34,34,0,0,-34,34
163,269,119,151,32,117,-2,34
163,270,127,153,26,119,-8,34
396,323,199,216,17,182,-17,34
218,287,64,90,26,56,-8,34
325,463,250,253,3,219,-31,34
396,407,0,34,34,0,0,34
396,409,21,34,13,0,-21,34
388,409,21,34,13,0,-21,34
237,240,244,253,9,219,-25,34
326,190,80,87,7,53,-27,34
40,230,227,249,22,215,-12,34
40,233,202,226,24,192,-10,34
139,243,114,135,21,101,-13,34
450,390,28,34,6,0,-28,34
450,469,21,34,13,0,-21,34
142,311,76,95,19,61,-15,34
428,317,21,34,13,0,-21,34
429,235,21,34,13,0,-21,34
429,241,111,129,18,95,-16,34
429,242,128,141,13,107,-21,34
428,395,21,34,13,0,-21,34
362,417,21,34,13,0,-21,34
55,340,50,68,18,34,-16,34
431,235,28,34,6,0,-28,34
12,560,61,95,34,61,0,34
183,231,199,202,3,168,-31,34
186,298,210,222,12,188,-22,34
521,58,28,34,6,0,-28,34
521,260,0,34,34,0,0,34
521,264,89,106,17,72,-17,34
520,321,0,34,34,0,0,34
199,288,166,178,12,144,-22,34
506,319,28,34,6,0,-28,34
506,321,0,34,34,0,0,34
365,283,229,238,9,204,-25,34
35,295,90,106,16,72,-18,34
35,296,87,106,19,72,-15,34
508,57,21,34,13,0,-21,34
157,260,153,156,3,122,-31,34
508,58,28,34,6,0,-28,34
343,288,28,34,6,0,-28,34
153,265,74,87,13,53,-21,34
521,266,111,129,18,95,-16,34
30,272,114,129,15,95,-19,34
456,383,34,34,0,0,-34,34
456,384,21,34,13,0,-21,34
456,387,28,34,6,0,-28,34
451,386,28,34,6,0,-28,34
451,387,0,34,34,0,0,34
536,305,21,34,13,0,-21,34
328,198,80,90,10,56,-24,34
487,318,28,34,6,0,-28,34
389,409,21,34,13,0,-21,34
523,58,28,34,6,0,-28,34
451,317,28,34,6,0,-28,34
571,51,34,34,0,0,-34,34
451,389,21,34,13,0,-21,34
451,469,21,34,13,0,-21,34
133,335,53,68,15,34,-19,34
572,51,34,34,0,0,-34,34
341,182,66,68,2,34,-32,34
218,329,109,127,18,93,-16,34
127,225,131,140,9,106,-25,34
431,317,21,34,13,0,-21,34
431,393,34,34,0,0,-34,34
430,474,0,34,34,0,0,34
55,338,56,68,12,34,-22,34
157,319,152,170,18,136,-16,34
236,240,245,253,8,219,-26,34
469,318,21,34,13,0,-21,34
491,318,28,34,6,0,-28,34
343,274,180,195,15,161,-19,34
262,358,84,116,32,82,-2,34
328,187,21,34,13,0,-21,34
328,194,78,90,12,56,-22,34
491,257,163,178,15,144,-19,34
521,533,21,34,13,0,-21,34
342,287,21,34,13,0,-21,34
286,355,143,167,24,133,-10,34
133,336,50,68,18,34,-16,34
455,468,21,34,13,0,-21,34
456,249,183,198,15,164,-19,34
390,409,0,34,34,0,0,34
390,412,21,34,13,0,-21,34
147,383,89,95,6,61,-28,34
264,276,103,124,21,90,-13,34
341,181,68,68,0,34,-34,34
452,317,28,34,6,0,-28,34
41,235,186,206,20,172,-14,34
41,236,181,206,25,172,-9,34
41,237,186,206,20,172,-14,34
395,409,21,34,13,0,-21,34
395,410,28,34,6,0,-28,34
396,71,254,254,0,220,-34,34
285,220,101,102,1,68,-33,34
452,385,34,34,0,0,-34,34
452,386,21,34,13,0,-21,34
452,389,28,34,6,0,-28,34
452,469,28,34,6,0,-28,34
453,317,28,34,6,0,-28,34
488,62,28,34,6,0,-28,34
41,239,192,207,15,173,-19,34
395,322,207,220,13,186,-21,34
488,250,0,34,34,0,0,34
198,314,72,90,18,56,-16,34
363,417,0,34,34,0,0,34
336,88,251,253,2,219,-32,34
336,89,250,253,3,219,-31,34
336,90,251,253,2,219,-32,34
157,283,165,193,28,159,-6,34
507,319,28,34,6,0,-28,34
490,318,28,34,6,0,-28,34
50,332,21,34,13,0,-21,34
455,384,28,34,6,0,-28,34
455,385,0,34,34,0,0,34
455,387,21,34,13,0,-21,34
522,58,34,34,0,0,-34,34
40,287,80,98,18,64,-16,34
327,409,0,34,34,0,0,34
488,318,28,34,6,0,-28,34
62,339,21,34,13,0,-21,34
341,300,34,34,0,0,-34,34
341,349,183,216,33,182,-1,34
454,384,34,34,0,0,-34,34
453,385,28,34,6,0,-28,34
453,386,0,34,34,0,0,34
453,387,0,34,34,0,0,34
453,388,28,34,6,0,-28,34
453,469,28,34,6,0,-28,34
575,51,34,34,0,0,-34,34
392,408,21,34,13,0,-21,34
574,51,34,34,0,0,-34,34
282,371,25,46,21,12,-13,34
392,239,172,187,15,153,-19,34
342,180,61,68,7,34,-27,34
342,181,50,68,18,34,-16,34
194,313,53,68,15,34,-19,34
355,309,21,34,13,0,-21,34
502,58,34,34,0,0,-34,34
320,298,190,200,10,166,-24,34
474,318,21,34,13,0,-21,34
417,478,21,34,13,0,-21,34
392,411,28,34,6,0,-28,34
394,410,28,34,6,0,-28,34
124,385,253,254,1,220,-33,34
198,315,78,98,20,64,-14,34
430,394,28,34,6,0,-28,34
430,395,0,34,34,0,0,34
173,368,131,132,1,98,-33,34
173,370,74,106,32,72,-2,34
134,347,39,68,29,34,-5,34
364,323,215,227,12,193,-22,34
283,356,152,173,21,140,-12,33
104,228,102,115,13,82,-20,33
575,542,251,254,3,221,-30,33
141,391,253,253,0,220,-33,33
455,249,185,199,14,166,-19,33
282,223,95,103,8,70,-25,33
394,322,200,217,17,184,-16,33
352,312,53,61,8,28,-25,33
90,214,53,72,19,39,-14,33
91,231,53,72,19,39,-14,33
91,214,59,72,13,39,-20,33
162,278,169,178,9,145,-24,33
162,277,160,172,12,139,-21,33
326,358,154,166,12,133,-21,33
148,280,87,115,28,82,-5,33
148,279,101,115,14,82,-19,33
148,267,34,61,27,28,-6,33
76,287,72,89,17,56,-16,33
76,286,76,89,13,56,-20,33
192,319,68,92,24,59,-9,33
192,312,39,61,22,28,-11,33
48,262,59,76,17,43,-16,33
132,222,46,72,26,39,-7,33
48,254,72,89,17,56,-16,33
48,253,76,89,13,56,-20,33
123,379,53,76,23,43,-10,33
162,263,139,150,11,117,-22,33
125,216,50,61,11,28,-22,33
139,278,50,72,22,39,-11,33
241,345,93,115,22,82,-11,33
32,320,46,61,15,28,-18,33
352,234,200,213,13,180,-20,33
152,211,147,174,27,141,-6,33
441,243,112,129,17,96,-16,33
178,365,107,132,25,99,-8,33
191,323,148,158,10,125,-23,33
193,230,156,182,26,149,-7,33
54,243,64,72,8,39,-25,33
193,234,166,184,18,151,-15,33
353,234,200,213,13,180,-20,33
72,223,61,72,11,39,-22,33
219,317,34,61,27,28,-6,33
326,303,36,38,2,5,-31,33
25,267,167,180,13,147,-20,33
16,303,70,72,2,39,-31,33
353,311,39,61,22,28,-11,33
141,258,133,144,11,111,-22,33
176,372,46,76,30,43,-3,33
176,371,64,76,12,43,-21,33
33,285,59,92,33,59,0,33
143,391,253,253,0,220,-33,33
253,258,143,156,13,123,-20,33
338,362,207,213,6,180,-27,33
116,225,80,101,21,68,-12,33
73,217,144,169,25,136,-8,33
162,337,92,115,23,82,-10,33
41,228,231,244,13,211,-20,33
342,229,70,89,19,56,-14,33
341,278,181,194,13,161,-20,33
185,296,203,217,14,184,-19,33
103,229,115,123,8,90,-25,33
156,222,153,153,0,120,-33,33
438,246,168,182,14,149,-19,33
466,304,28,61,33,28,0,33
307,362,111,125,14,92,-19,33
176,367,134,140,6,107,-27,33
354,311,43,61,18,28,-15,33
33,283,78,101,23,68,-10,33
512,264,144,156,12,123,-21,33
351,92,61,76,15,43,-18,33
303,199,85,109,24,76,-9,33
275,359,145,148,3,115,-30,33
490,275,207,207,0,174,-33,33
139,324,43,61,18,28,-15,33
161,344,110,125,15,92,-18,33
263,273,117,129,12,96,-21,33
81,329,93,109,16,76,-17,33
32,272,90,103,13,70,-20,33
194,319,70,92,22,59,-11,33
176,228,186,195,9,162,-24,33
176,307,120,136,16,103,-17,33
156,271,134,151,17,118,-16,33
131,249,170,178,8,145,-25,33
144,340,72,89,17,56,-16,33
144,339,85,89,4,56,-29,33
109,227,90,111,21,78,-12,33
156,311,107,126,19,93,-14,33
117,215,46,72,26,39,-7,33
117,214,70,72,2,39,-31,33
357,284,248,249,1,216,-32,33
134,268,66,89,23,56,-10,33
350,81,59,76,17,43,-16,33
452,321,59,76,17,43,-16,33
250,258,110,132,22,99,-11,33
162,343,119,132,13,99,-20,33
41,238,190,207,17,174,-16,33
163,211,252,254,2,221,-31,33
123,216,53,72,19,39,-14,33
391,235,87,109,22,76,-11,33
71,223,39,72,33,39,0,33
196,288,133,151,18,118,-15,33
336,493,253,253,0,220,-33,33
528,266,76,92,16,59,-17,33
358,319,188,200,12,167,-21,33
434,242,111,128,17,95,-16,33
264,274,120,132,12,99,-21,33
113,227,99,118,19,85,-14,33
264,358,92,103,11,70,-22,33
82,263,162,178,16,145,-17,33
122,216,46,72,26,39,-7,33
122,379,53,72,19,39,-14,33
30,275,118,126,8,93,-25,33
34,283,85,101,16,68,-17,33
350,234,203,215,12,182,-21,33
516,266,144,156,12,123,-21,33
276,232,249,250,1,217,-32,33
19,289,46,72,26,39,-7,33
19,288,46,72,26,39,-7,33
34,292,102,117,15,84,-18,33
360,325,209,221,12,188,-21,33
286,254,248,248,0,215,-33,33
341,266,76,99,23,66,-10,33
40,241,183,200,17,167,-16,33
40,234,194,219,25,186,-8,33
218,324,28,61,33,28,0,33
41,245,152,164,12,131,-21,33
78,291,90,111,21,78,-12,33
238,299,156,172,16,139,-17,33
238,298,156,172,16,139,-17,33
336,353,193,203,10,170,-23,33
238,297,156,172,16,139,-17,33
238,296,156,172,16,139,-17,33
145,227,133,145,12,112,-21,33
196,322,125,138,13,105,-20,33
237,299,139,156,17,123,-16,33
35,250,155,174,19,141,-14,33
35,249,151,174,23,141,-10,33
361,321,210,219,9,186,-24,33
218,286,68,89,21,56,-12,33
137,256,74,92,18,59,-15,33
30,276,93,126,33,93,0,33
452,248,175,189,14,156,-19,33
183,318,133,144,11,111,-22,33
302,198,89,111,22,78,-11,33
302,197,99,111,12,78,-21,33
143,339,72,89,17,56,-16,33
516,297,28,61,33,28,0,33
431,244,149,164,15,131,-18,33
433,245,159,175,16,142,-17,33
433,242,115,131,16,98,-17,33
362,326,209,224,15,191,-18,33
362,323,199,219,20,186,-13,33
237,300,139,156,17,123,-16,33
35,278,34,61,27,28,-6,33
147,345,43,76,33,43,0,33
41,289,72,89,17,56,-16,33
81,282,180,190,10,157,-23,33
222,295,165,175,10,142,-23,33
222,294,170,179,9,146,-24,33
222,273,168,169,1,136,-32,33
82,265,170,184,14,151,-19,33
237,298,139,156,17,123,-16,33
237,297,139,156,17,123,-16,33
157,259,145,156,11,123,-22,33
508,262,144,156,12,123,-21,33
431,245,163,178,15,145,-18,33
35,266,66,92,26,59,-7,33
430,276,222,223,1,190,-32,33
431,243,134,151,17,118,-16,33
19,287,50,72,22,39,-11,33
185,374,84,103,19,70,-14,33
186,224,162,187,25,154,-8,33
397,234,78,89,11,56,-22,33
24,295,102,111,9,78,-24,33
397,320,222,223,1,190,-32,33
163,326,142,153,11,120,-22,33
398,232,34,61,27,28,-6,33
388,298,28,61,33,28,0,33
161,276,139,160,21,127,-12,33
389,304,28,61,33,28,0,33
389,284,43,76,33,43,0,33
529,267,85,101,16,68,-17,33
77,297,74,89,15,56,-18,33
191,234,166,183,17,150,-16,33
49,263,43,72,29,39,-4,33
49,250,39,72,33,39,0,33
30,274,114,126,12,93,-21,33
249,257,111,132,21,99,-12,33
343,281,218,232,14,199,-19,33
343,229,72,89,17,56,-16,33
431,276,221,222,1,189,-32,33
132,349,85,101,16,68,-17,33
300,407,253,253,0,220,-33,33
517,296,28,61,33,28,0,33
256,266,102,125,23,92,-10,33
363,327,213,225,12,192,-21,33
157,311,106,126,20,93,-13,33
35,292,87,105,18,72,-15,33
118,215,50,72,22,39,-11,33
139,248,125,139,14,106,-19,33
81,261,143,159,16,126,-17,33
216,321,80,101,21,68,-12,33
82,290,158,174,16,141,-17,33
55,346,46,61,15,28,-18,33
55,345,46,61,15,28,-18,33
55,344,46,61,15,28,-18,33
55,343,46,61,15,28,-18,33
430,241,107,128,21,95,-12,33
46,289,64,76,12,43,-21,33
110,228,111,123,12,90,-21,33
110,227,96,111,15,78,-18,33
145,277,70,99,29,66,-4,33
299,328,116,123,7,90,-26,33
299,278,166,190,24,157,-9,33
180,315,102,120,18,87,-15,33
53,259,80,89,9,56,-24,33
31,292,110,118,8,85,-25,33
348,90,43,72,29,39,-4,33
348,257,95,107,12,74,-21,33
190,234,165,183,18,150,-15,33
387,299,28,61,33,28,0,33
387,356,228,228,0,195,-33,33
365,236,190,203,13,170,-20,33
199,294,151,166,15,133,-18,33
470,252,181,197,16,164,-17,33
189,318,72,99,27,66,-6,33
470,300,28,61,33,28,0,33
46,222,234,247,13,214,-20,33
45,368,250,254,4,221,-29,33
130,322,164,171,7,138,-26,33
56,249,50,76,26,43,-7,33
199,364,110,140,30,107,-3,33
118,382,70,76,6,43,-27,33
505,261,142,156,14,123,-19,33
201,308,92,109,17,76,-16,33
367,329,207,221,14,188,-19,33
138,247,106,125,19,92,-14,33
164,225,131,145,14,112,-19,33
523,267,110,128,18,95,-15,33
451,321,59,76,17,43,-16,33
138,246,103,125,22,92,-11,33
200,307,80,101,21,68,-12,33
200,306,84,103,19,70,-14,33
189,293,154,167,13,134,-20,33
29,281,114,134,20,101,-13,33
257,267,103,126,23,93,-10,33
150,261,64,76,12,43,-21,33
270,288,96,111,15,78,-18,33
261,305,95,111,16,78,-17,33
138,254,89,111,22,78,-11,33
29,280,134,134,0,101,-33,33
294,344,195,211,16,178,-17,33
294,271,170,197,27,164,-6,33
154,278,127,149,22,116,-11,33
423,242,148,161,13,128,-20,33
27,307,87,89,2,56,-31,33
370,328,203,219,16,186,-17,33
234,246,116,148,32,115,-1,33
423,238,85,99,14,66,-19,33
171,306,110,129,19,96,-14,33
370,331,210,224,14,191,-19,33
189,234,165,183,18,150,-15,33
96,213,64,89,25,56,-8,33
293,345,198,209,11,176,-22,33
143,224,66,92,26,59,-7,33
154,251,120,140,20,107,-13,33
324,461,251,253,2,220,-31,33
347,90,39,72,33,39,0,33
21,303,92,92,0,59,-33,33
171,217,170,203,33,170,0,33
170,385,250,251,1,218,-32,33
79,323,87,105,18,72,-15,33
130,272,188,193,5,160,-28,33
422,238,87,101,14,68,-19,33
371,318,210,225,15,192,-18,33
154,268,70,103,33,70,0,33
294,346,176,198,22,165,-11,33
340,81,254,254,0,221,-33,33
111,226,84,99,15,66,-18,33
319,360,107,125,18,92,-15,33
45,272,110,117,7,84,-26,33
158,370,85,101,16,68,-17,33
401,240,183,197,14,164,-19,33
401,236,93,117,24,84,-9,33
24,267,159,180,21,147,-12,33
421,242,157,170,13,137,-20,33
27,266,150,177,27,144,-6,33
320,279,247,247,0,214,-33,33
346,354,223,226,3,193,-30,33
346,229,74,89,15,56,-18,33
31,275,126,126,0,93,-33,33
31,271,95,122,27,89,-6,33
31,270,99,122,23,89,-10,33
252,261,102,126,24,93,-9,33
204,304,145,161,16,128,-17,33
420,238,89,107,18,74,-15,33
231,294,96,118,22,85,-11,33
266,242,171,191,20,158,-13,33
42,268,82,101,19,68,-14,33
164,370,114,120,6,87,-27,33
214,317,117,132,15,99,-18,33
114,227,105,123,18,90,-15,33
45,232,206,206,0,173,-33,33
204,305,138,155,17,122,-16,33
169,371,72,105,33,72,0,33
169,369,119,125,6,92,-27,33
374,238,189,203,14,170,-19,33
77,213,144,160,16,127,-17,33
459,249,177,192,15,159,-18,33
188,301,170,184,14,151,-19,33
98,213,64,76,12,43,-21,33
188,288,156,170,14,137,-19,33
521,265,101,117,16,84,-17,33
224,306,144,158,14,125,-19,33
383,321,207,219,12,186,-21,33
26,270,112,142,30,109,-3,33
42,260,102,128,26,95,-7,33
58,230,53,76,23,43,-10,33
475,253,177,194,17,161,-16,33
58,232,61,76,15,43,-18,33
332,354,159,190,31,157,-2,33
168,302,160,174,14,141,-19,33
169,223,176,193,17,160,-16,33
58,231,61,76,15,43,-18,33
168,372,89,89,0,56,-33,33
476,65,22,52,30,19,-3,33
80,274,170,183,13,150,-20,33
130,213,252,253,1,220,-32,33
44,263,129,131,2,98,-31,33
476,253,173,190,17,157,-16,33
186,305,141,156,15,123,-18,33
186,304,155,168,13,135,-20,33
207,232,251,253,2,220,-31,33
230,292,123,135,12,102,-21,33
26,307,68,89,21,56,-12,33
247,255,109,134,25,101,-8,33
31,245,184,217,33,184,0,33
98,233,132,144,12,111,-21,33
50,245,70,89,19,56,-14,33
345,271,190,203,13,170,-20,33
410,518,253,253,0,220,-33,33
146,302,143,161,18,128,-15,33
59,260,46,61,15,28,-18,33
83,216,66,72,6,39,-27,33
42,288,56,72,16,39,-17,33
39,237,205,221,16,188,-17,33
401,329,205,222,17,189,-16,33
410,241,185,197,12,164,-21,33
84,237,59,72,13,39,-20,33
268,358,61,92,31,59,-2,33
376,231,76,76,0,43,-33,33
38,237,200,221,21,188,-12,33
322,311,244,248,4,215,-29,33
146,345,56,76,20,43,-13,33
322,359,117,144,27,111,-6,33
229,238,254,254,0,221,-33,33
120,227,131,144,13,111,-20,33
66,245,53,76,23,43,-10,33
345,262,93,115,22,82,-11,33
142,391,253,253,0,220,-33,33
98,215,53,72,19,39,-14,33
31,246,190,212,22,179,-11,33
136,343,39,61,22,28,-11,33
520,264,93,111,18,78,-15,33
75,270,53,76,23,43,-10,33
186,317,92,118,26,85,-7,33
165,265,164,175,11,142,-22,33
29,319,56,76,20,43,-13,33
38,265,116,125,9,92,-24,33
323,289,56,61,5,28,-28,33
279,219,253,253,0,220,-33,33
50,264,61,72,11,39,-22,33
50,263,68,72,4,39,-29,33
50,251,56,72,16,39,-17,33
50,250,64,72,8,39,-25,33
403,233,34,61,27,28,-6,33
251,339,59,92,33,59,0,33
288,365,106,111,5,78,-28,33
212,288,197,197,0,164,-33,33
80,293,116,135,19,102,-14,33
212,310,156,165,9,132,-24,33
212,301,188,195,7,162,-26,33
212,296,190,193,3,160,-30,33
226,357,89,115,26,82,-7,33
380,239,187,201,14,168,-19,33
345,229,74,89,15,56,-18,33
31,254,120,153,33,120,0,33
99,215,50,72,22,39,-11,33
187,309,93,109,16,76,-17,33
129,336,120,136,16,103,-17,33
404,330,202,219,17,186,-16,33
166,222,142,155,13,122,-20,33
121,216,46,72,26,39,-7,33
52,233,53,72,19,39,-14,33
343,349,207,221,14,188,-19,33
75,287,56,76,20,43,-13,33
65,210,252,252,0,219,-33,33
382,239,184,199,15,166,-18,33
129,264,181,192,11,159,-22,33
80,326,92,109,17,76,-16,33
497,259,157,170,13,137,-20,33
160,222,134,155,21,122,-12,33
80,327,89,105,16,72,-17,33
344,229,72,89,17,56,-16,33
153,370,78,92,14,59,-19,33
184,319,139,151,12,118,-21,33
76,297,61,76,15,43,-18,33
184,300,197,217,20,184,-13,33
139,277,50,72,22,39,-11,33
393,321,206,221,15,188,-18,33
162,275,145,159,14,126,-19,33
162,274,136,156,20,123,-13,33
574,542,253,254,1,221,-32,33
104,225,59,76,17,43,-16,33
0,574,61,94,33,61,0,33
152,369,92,105,13,72,-20,33
51,239,61,85,24,53,-8,32
105,227,90,102,12,70,-20,32
522,268,128,142,14,110,-18,32
152,379,90,96,6,64,-26,32
282,249,248,249,1,217,-31,32
344,281,223,235,12,203,-20,32
133,353,80,93,13,61,-19,32
105,214,46,78,32,46,0,32
105,213,76,78,2,46,-30,32
81,327,102,117,15,85,-17,32
81,328,96,112,16,80,-16,32
326,454,43,53,10,21,-22,32
23,289,78,96,18,64,-14,32
381,516,254,254,0,222,-32,32
166,219,154,173,19,141,-13,32
43,225,244,252,8,220,-24,32
338,187,64,66,2,34,-30,32
250,337,98,98,0,66,-32,32
394,231,21,53,32,21,0,32
304,226,53,53,0,21,-32,32
90,238,147,155,8,123,-24,32
305,226,53,53,0,21,-32,32
306,226,53,53,0,21,-32,32
177,307,127,141,14,109,-18,32
176,377,56,78,22,46,-10,32
176,378,66,78,12,46,-20,32
187,231,189,194,5,162,-27,32
142,333,68,98,30,66,-2,32
60,272,39,53,14,21,-18,32
60,273,39,53,14,21,-18,32
159,375,84,85,1,53,-31,32
482,326,206,214,8,182,-24,32
497,321,21,53,32,21,0,32
248,339,98,98,0,66,-32,32
192,234,166,183,17,151,-15,32
338,270,72,93,21,61,-11,32
155,320,164,172,8,140,-24,32
241,346,109,119,10,87,-22,32
304,225,53,53,0,21,-32,32
162,264,136,149,13,117,-19,32
490,257,168,182,14,150,-18,32
326,304,35,36,1,4,-31,32
219,316,34,66,32,34,0,32
162,228,179,183,4,151,-28,32
342,183,43,66,23,34,-9,32
284,356,147,170,23,138,-9,32
267,278,120,131,11,99,-21,32
80,321,106,122,16,90,-16,32
80,322,105,119,14,87,-18,32
80,323,101,117,16,85,-16,32
120,382,85,85,0,53,-32,32
83,259,161,177,16,145,-16,32
129,335,125,139,14,107,-18,32
519,301,21,53,32,21,0,32
251,336,93,98,5,66,-27,32
187,230,165,194,29,162,-3,32
106,213,78,78,0,46,-32,32
106,214,46,78,32,46,0,32
457,325,210,217,7,185,-25,32
213,362,98,124,26,92,-6,32
159,376,68,85,17,53,-15,32
159,377,59,85,26,53,-6,32
159,384,56,78,22,46,-10,32
259,356,85,112,27,80,-5,32
260,271,99,124,25,92,-7,32
323,366,28,53,25,21,-7,32
284,364,120,135,15,103,-17,32
134,310,157,168,11,136,-21,32
33,238,252,252,0,220,-32,32
192,369,78,82,4,50,-28,32
464,342,226,226,0,194,-32,32
307,180,110,141,31,109,-1,32
274,355,61,66,5,34,-27,32
108,228,101,119,18,87,-14,32
379,81,28,53,25,21,-7,32
83,293,164,176,12,144,-20,32
60,253,46,53,7,21,-25,32
60,254,39,53,14,21,-18,32
60,255,21,53,32,21,0,32
43,289,39,66,27,34,-5,32
138,326,34,53,19,21,-13,32
33,254,170,174,4,142,-28,32
144,250,132,139,7,107,-25,32
155,370,78,93,15,61,-17,32
25,266,180,191,11,159,-21,32
285,214,253,253,0,221,-32,32
76,222,76,96,20,64,-12,32
40,288,84,98,14,66,-18,32
155,252,116,141,25,109,-7,32
406,331,204,221,17,189,-15,32
26,275,120,149,29,117,-3,32
26,276,117,149,32,117,0,32
26,277,125,149,24,117,-8,32
403,236,90,112,22,80,-10,32
213,314,140,151,11,119,-21,32
402,329,200,217,17,185,-15,32
402,330,214,226,12,194,-20,32
91,237,144,152,8,120,-24,32
108,212,66,98,32,66,0,32
338,328,227,235,8,203,-24,32
558,282,21,53,32,21,0,32
466,311,39,53,14,21,-18,32
54,292,43,53,10,21,-22,32
465,312,39,53,14,21,-18,32
48,247,34,66,32,34,0,32
54,255,34,66,32,34,0,32
33,300,76,106,30,74,-2,32
323,143,107,139,32,107,0,32
267,307,46,78,32,46,0,32
479,254,176,190,14,158,-18,32
406,241,192,205,13,173,-19,32
267,290,53,85,32,53,0,32
267,291,53,85,32,53,0,32
323,283,43,53,10,21,-22,32
323,284,46,53,7,21,-25,32
379,239,188,202,14,170,-18,32
38,287,85,98,13,66,-19,32
38,288,82,98,16,66,-16,32
281,248,249,249,0,217,-32,32
262,323,56,85,29,53,-3,32
161,370,98,110,12,78,-20,32
326,305,30,35,5,3,-27,32
280,231,248,248,0,216,-32,32
340,183,66,66,0,34,-32,32
153,371,61,78,17,46,-15,32
136,340,28,53,25,21,-7,32
59,339,59,66,7,34,-25,32
407,332,211,226,15,194,-17,32
22,311,56,66,10,34,-22,32
331,321,231,238,7,206,-25,32
159,311,105,125,20,93,-12,32
53,318,34,53,19,21,-13,32
179,222,192,198,6,166,-26,32
441,308,39,66,27,34,-5,32
132,257,110,130,20,98,-12,32
309,366,50,66,16,34,-16,32
131,254,144,152,8,120,-24,32
17,336,252,252,0,220,-32,32
478,254,180,194,14,162,-18,32
159,265,124,141,17,109,-15,32
383,309,28,53,25,21,-7,32
496,259,160,174,14,142,-18,32
324,209,39,66,27,34,-5,32
266,293,85,85,0,53,-32,32
165,263,162,174,12,142,-20,32
165,264,163,174,11,142,-21,32
442,243,110,127,17,95,-15,32
81,330,90,106,16,74,-16,32
437,246,169,182,13,150,-19,32
176,222,167,190,23,158,-9,32
130,378,59,85,26,53,-6,32
136,261,50,66,16,34,-16,32
136,262,46,66,20,34,-12,32
309,194,76,96,20,64,-12,32
331,464,43,53,10,21,-22,32
331,465,53,53,0,21,-32,32
412,74,33,34,1,2,-31,32
142,370,99,106,7,74,-25,32
290,387,252,252,0,220,-32,32
292,338,90,98,8,66,-24,32
478,342,21,53,32,21,0,32
268,281,112,127,15,95,-17,32
144,305,112,127,15,95,-17,32
466,290,43,53,10,21,-22,32
337,267,66,66,0,34,-32,32
137,333,28,53,25,21,-7,32
151,326,70,85,15,53,-17,32
179,315,107,122,15,90,-17,32
564,47,253,254,1,222,-31,32
357,312,66,66,0,34,-32,32
357,319,174,188,14,156,-18,32
357,320,167,188,21,156,-11,32
337,266,64,66,2,34,-30,32
167,305,103,124,21,92,-11,32
59,252,39,53,14,21,-18,32
59,253,21,53,32,21,0,32
165,262,160,174,14,142,-18,32
322,283,21,53,32,21,0,32
268,280,119,131,12,99,-20,32
175,373,50,78,28,46,-4,32
337,100,112,112,0,80,-32,32
337,187,59,66,7,34,-25,32
163,258,140,170,30,138,-2,32
414,69,252,252,0,220,-32,32
321,303,135,149,14,117,-18,32
321,304,126,149,23,117,-9,32
208,232,252,253,1,221,-31,32
129,380,72,85,13,53,-19,32
409,241,187,199,12,167,-20,32
533,269,107,122,15,90,-17,32
41,254,105,131,26,99,-6,32
185,363,112,128,16,96,-16,32
185,320,145,156,11,124,-21,32
53,319,43,53,10,21,-22,32
336,476,46,53,7,21,-25,32
436,246,170,184,14,152,-18,32
18,319,46,53,7,21,-25,32
55,249,70,82,12,50,-20,32
55,250,76,82,6,50,-26,32
47,246,50,66,16,34,-16,32
47,258,84,102,18,70,-14,32
80,249,61,78,17,46,-15,32
230,291,126,137,11,105,-21,32
153,284,183,183,0,151,-32,32
153,285,169,183,14,151,-18,32
81,221,50,53,3,21,-29,32
495,536,249,253,4,221,-28,32
160,313,133,149,16,117,-16,32
402,236,92,116,24,84,-8,32
34,254,153,174,21,142,-11,32
195,303,59,78,19,46,-13,32
55,240,34,66,32,34,0,32
341,183,50,66,16,34,-16,32
30,256,137,157,20,125,-12,32
342,281,214,228,14,196,-18,32
249,341,61,93,32,61,0,32
81,300,115,135,20,103,-12,32
266,306,78,78,0,46,-32,32
266,307,76,78,2,46,-30,32
80,275,171,184,13,152,-19,32
138,308,129,144,15,112,-17,32
259,266,136,149,13,117,-19,32
345,284,236,240,4,208,-28,32
182,231,200,202,2,170,-30,32
346,88,92,102,10,70,-22,32
55,241,34,66,32,34,0,32
55,242,39,66,27,34,-5,32
151,261,76,82,6,50,-26,32
55,248,64,82,18,50,-14,32
312,433,254,254,0,222,-32,32
174,307,114,131,17,99,-15,32
349,266,201,212,11,180,-21,32
92,217,34,53,19,21,-13,32
80,226,43,53,10,21,-22,32
150,212,129,149,20,117,-12,32
150,213,135,149,14,117,-18,32
258,268,107,128,21,96,-11,32
186,302,179,192,13,160,-19,32
51,372,252,253,1,221,-31,32
52,217,243,252,9,220,-23,32
266,304,80,82,2,50,-30,32
16,293,56,78,22,46,-10,32
191,314,70,82,12,50,-20,32
350,257,107,134,27,102,-5,32
350,312,39,53,14,21,-18,32
510,263,145,155,10,123,-22,32
528,272,146,167,21,135,-11,32
40,232,215,232,17,200,-15,32
40,240,199,210,11,178,-21,32
81,295,126,144,18,112,-14,32
81,299,116,135,19,103,-13,32
269,291,70,85,15,53,-17,32
269,292,66,82,16,50,-16,32
535,271,138,154,16,122,-16,32
84,238,61,82,21,50,-11,32
34,297,82,96,14,64,-18,32
19,265,249,253,4,221,-28,32
312,361,116,128,12,96,-20,32
312,363,80,102,22,70,-10,32
197,231,252,253,1,221,-31,32
55,275,39,53,14,21,-18,32
255,265,95,124,29,92,-3,32
359,325,214,225,11,193,-21,32
238,301,154,170,16,138,-16,32
326,209,61,66,5,34,-27,32
432,245,161,176,15,144,-17,32
432,276,221,221,0,189,-32,32
361,325,202,220,18,188,-14,32
136,240,157,159,2,127,-30,32
509,311,28,53,25,21,-7,32
361,282,228,248,20,216,-12,32
174,366,106,128,22,96,-10,32
188,287,158,171,13,139,-19,32
188,290,153,168,15,136,-17,32
188,299,173,190,17,158,-15,32
206,232,251,252,1,220,-31,32
206,307,150,166,16,134,-16,32
321,214,64,66,2,34,-30,32
205,304,155,170,15,138,-17,32
474,344,50,53,3,21,-29,32
332,466,43,53,10,21,-22,32
45,236,165,178,13,146,-19,32
61,233,56,66,10,34,-22,32
160,343,92,110,18,78,-14,32
129,225,132,139,7,107,-25,32
61,234,50,66,16,34,-16,32
261,272,103,124,21,92,-11,32
224,293,164,179,15,147,-17,32
145,217,177,202,25,170,-7,32
432,520,28,53,25,21,-7,32
336,267,64,66,2,34,-30,32
336,268,61,66,5,34,-27,32
238,294,156,172,16,140,-16,32
238,295,156,172,16,140,-16,32
452,297,34,66,32,34,0,32
452,304,34,66,32,34,0,32
343,179,43,66,23,34,-9,32
343,180,39,66,27,34,-5,32
137,263,34,66,32,34,0,32
41,276,103,114,11,82,-21,32
163,268,117,149,32,117,0,32
164,327,146,156,10,124,-22,32
135,355,68,85,17,53,-15,32
45,243,80,96,16,64,-16,32
45,222,241,253,12,221,-20,32
417,516,28,53,25,21,-7,32
158,373,70,85,15,53,-17,32
231,295,93,116,23,84,-9,32
487,256,167,181,14,149,-18,32
35,247,164,179,15,147,-17,32
313,299,156,180,24,148,-8,32
87,233,46,66,20,34,-12,32
432,65,254,254,0,222,-32,32
197,316,74,93,19,61,-13,32
115,225,80,98,18,66,-14,32
349,77,254,254,0,222,-32,32
519,294,21,53,32,21,0,32
278,226,72,96,24,64,-8,32
294,209,110,116,6,84,-26,32
150,260,61,78,17,46,-15,32
128,378,50,82,32,50,0,32
215,307,103,116,13,84,-19,32
214,318,117,131,14,99,-18,32
42,274,72,93,21,61,-11,32
134,269,61,85,24,53,-8,32
143,343,70,85,15,53,-17,32
143,344,76,85,9,53,-23,32
237,296,140,156,16,124,-16,32
24,292,99,106,7,74,-25,32
113,228,112,131,19,99,-13,32
82,266,173,186,13,154,-19,32
222,280,153,154,1,122,-31,32
421,322,220,220,0,188,-32,32
257,328,87,93,6,61,-26,32
79,317,101,116,15,84,-17,32
27,277,138,149,11,117,-21,32
372,299,28,53,25,21,-7,32
419,235,21,53,32,21,0,32
420,242,162,174,12,142,-20,32
77,214,160,169,9,137,-23,32
519,264,99,116,17,84,-15,32
237,301,138,156,18,124,-14,32
336,195,50,66,16,34,-16,32
78,316,85,102,17,70,-15,32
77,299,70,85,15,53,-17,32
61,232,56,66,10,34,-22,32
114,228,118,131,13,99,-19,32
45,289,53,66,13,34,-19,32
45,271,110,117,7,85,-25,32
57,250,43,66,23,34,-9,32
319,439,46,53,7,21,-25,32
333,274,56,66,10,34,-22,32
258,265,133,146,13,114,-19,32
27,261,144,176,32,144,0,32
24,293,90,106,16,74,-16,32
133,338,50,66,16,34,-16,32
87,208,249,252,3,220,-29,32
363,295,43,53,10,21,-22,32
363,317,206,214,8,182,-24,32
363,294,46,53,7,21,-25,32
336,187,34,66,32,34,0,32
139,252,118,127,9,95,-23,32
325,452,46,53,7,21,-25,32
24,291,99,106,7,74,-25,32
472,345,43,53,10,21,-22,32
79,322,90,106,16,74,-16,32
23,340,46,53,7,21,-25,32
325,453,53,53,0,21,-32,32
461,250,188,201,13,169,-19,32
46,322,56,66,10,34,-22,32
364,324,204,223,19,191,-13,32
198,290,151,166,15,134,-17,32
55,335,28,53,25,21,-7,32
313,425,43,53,10,21,-22,32
335,475,53,53,0,21,-32,32
158,311,106,125,19,93,-13,32
451,298,34,66,32,34,0,32
142,310,85,98,13,66,-19,32
145,384,87,96,9,64,-23,32
346,305,28,53,25,21,-7,32
447,302,34,66,32,34,0,32
446,303,34,66,32,34,0,32
78,321,80,98,18,66,-14,32
78,322,76,93,17,61,-15,32
35,265,70,98,28,66,-4,32
154,371,61,78,17,46,-15,32
143,307,98,112,14,80,-18,32
93,217,28,53,25,21,-7,32
314,362,90,112,22,80,-10,32
314,425,46,53,7,21,-25,32
314,426,53,53,0,21,-32,32
430,244,151,166,15,134,-17,32
314,427,53,53,0,21,-32,32
430,323,214,216,2,184,-30,32
198,318,102,114,12,82,-20,32
139,332,68,78,10,46,-22,32
139,334,74,82,8,50,-24,32
325,298,34,53,19,21,-13,32
397,358,28,53,25,21,-7,32
387,306,28,53,25,21,-7,32
364,327,204,224,20,192,-12,32
82,330,102,117,15,85,-17,32
14,294,72,102,30,70,-2,32
118,386,252,255,3,223,-29,32
319,185,61,82,21,50,-11,32
269,368,250,253,3,221,-29,32
118,223,59,78,19,46,-13,32
335,473,50,53,3,21,-29,32
335,474,53,53,0,21,-32,32
173,307,107,131,24,99,-8,32
525,268,110,128,18,96,-14,32
315,218,76,82,6,50,-26,32
315,286,245,249,4,217,-28,32
110,226,80,98,18,66,-14,32
370,77,253,253,0,221,-32,32
424,239,95,112,17,80,-15,32
288,222,89,102,13,70,-19,32
183,224,151,174,23,142,-9,32
451,248,176,189,13,157,-19,32
364,231,82,110,28,78,-4,32
139,226,127,133,6,101,-26,32
39,291,82,96,14,64,-18,32
39,292,74,96,22,64,-10,32
334,284,21,53,32,21,0,32
74,215,187,192,5,160,-27,32
53,236,46,66,20,34,-12,32
189,286,149,165,16,133,-16,32
277,354,59,66,7,34,-25,32
531,271,134,151,17,119,-15,32
171,303,150,164,14,132,-18,32
333,485,253,254,1,222,-31,32
150,281,123,139,16,107,-16,32
150,282,120,139,19,107,-13,32
217,237,138,165,27,133,-5,32
343,178,50,66,16,34,-16,32
142,274,85,93,8,61,-24,32
366,317,208,218,10,186,-22,32
315,427,43,53,10,21,-22,32
271,361,130,158,28,126,-4,32
316,299,233,239,6,207,-26,32
469,252,186,200,14,168,-18,32
25,302,112,112,0,80,-32,32
385,321,197,213,16,181,-16,32
369,327,207,220,13,188,-19,32
201,312,103,116,13,84,-19,32
202,306,114,128,14,96,-18,32
335,268,61,66,5,34,-27,32
173,305,136,149,13,117,-19,32
428,242,129,143,14,111,-18,32
157,371,68,85,17,53,-15,32
161,253,164,175,11,143,-21,32
181,222,169,187,18,155,-14,32
339,228,59,78,19,46,-13,32
107,213,78,78,0,46,-32,32
107,214,50,78,28,46,-4,32
298,330,106,122,16,90,-16,32
270,289,92,106,14,74,-18,32
370,237,186,199,13,167,-19,32
504,261,147,160,13,128,-19,32
158,254,131,144,13,112,-19,32
530,274,197,199,2,167,-30,32
20,332,46,66,20,34,-12,32
152,261,68,93,25,61,-7,32
318,185,74,82,8,50,-24,32
318,186,66,82,16,50,-16,32
53,280,64,66,2,34,-30,32
444,247,173,186,13,154,-19,32
366,329,215,224,9,192,-23,32
365,328,211,225,14,193,-18,32
69,248,43,66,23,34,-9,32
145,340,89,93,4,61,-28,32
257,264,134,146,12,114,-20,32
316,218,61,82,21,50,-11,32
518,267,144,156,12,124,-20,32
56,277,34,53,19,21,-13,32
400,324,208,221,13,189,-19,32
386,230,28,53,25,21,-7,32
325,209,56,66,10,34,-22,32
341,178,39,66,27,34,-5,32
133,337,50,66,16,34,-16,32
150,346,74,85,11,53,-21,32
334,472,28,53,25,21,-7,32
335,227,46,66,20,34,-12,32
138,245,101,124,23,92,-9,32
456,347,28,53,25,21,-7,32
50,303,53,66,13,34,-19,32
50,304,59,66,7,34,-25,32
523,268,122,137,15,105,-17,32
340,491,53,53,0,21,-32,32
340,492,46,53,7,21,-25,32
216,271,157,165,8,133,-24,32
216,297,99,116,17,84,-15,32
200,315,101,114,13,82,-19,32
471,306,39,53,14,21,-18,32
85,247,149,161,12,129,-20,32
160,253,153,170,17,138,-15,32
80,328,85,102,17,70,-15,32
26,287,82,96,14,64,-18,32
26,288,82,96,14,64,-18,32
159,373,72,85,13,53,-19,32
351,311,28,53,25,21,-7,32
351,318,76,96,20,64,-12,32
133,352,76,93,17,61,-15,32
148,291,158,171,13,139,-19,32
134,322,50,78,28,46,-4,32
440,309,39,66,27,34,-5,32
137,313,85,102,17,70,-15,32
91,217,50,53,3,21,-29,32
184,365,137,147,10,115,-22,32
393,325,201,216,15,184,-17,32
24,350,251,253,2,221,-30,32
139,310,105,125,20,93,-12,32
40,302,66,78,12,46,-20,32
522,266,105,122,17,90,-15,32
76,265,50,74,24,43,-7,31
522,265,95,111,16,80,-15,31
327,207,56,59,3,28,-28,31
184,301,188,206,18,175,-13,31
326,357,135,164,29,133,-2,31
124,380,76,84,8,53,-23,31
133,351,74,92,18,61,-13,31
40,318,50,59,9,28,-22,31
48,261,70,87,17,56,-14,31
90,372,39,59,20,28,-11,31
90,371,39,59,20,28,-11,31
90,370,39,59,20,28,-11,31
26,285,59,90,31,59,0,31
81,325,109,123,14,92,-17,31
81,326,105,120,15,89,-16,31
125,371,76,84,8,53,-23,31
450,248,177,191,14,160,-17,31
23,287,93,103,10,72,-21,31
129,331,140,150,10,119,-21,31
352,90,59,74,15,43,-16,31
338,233,204,215,11,184,-20,31
464,306,34,59,25,28,-6,31
82,219,56,59,3,28,-28,31
51,273,39,59,20,28,-11,31
51,274,46,59,13,28,-18,31
51,275,56,59,3,28,-28,31
177,308,117,133,16,102,-15,31
193,298,109,123,14,92,-17,31
77,300,70,84,14,53,-17,31
317,446,252,254,2,223,-29,31
505,308,28,59,31,28,0,31
145,302,143,159,16,128,-15,31
145,303,129,145,16,114,-15,31
172,304,141,154,13,123,-18,31
56,276,46,59,13,28,-18,31
189,287,144,161,17,130,-14,31
49,267,50,59,9,28,-22,31
94,235,137,151,14,120,-17,31
53,239,64,70,6,39,-25,31
53,252,50,74,24,43,-7,31
400,328,202,216,14,185,-17,31
39,279,107,118,11,87,-20,31
64,217,171,182,11,151,-20,31
81,271,175,186,11,155,-20,31
530,271,136,151,15,120,-16,31
56,337,39,59,20,28,-11,31
506,307,28,59,31,28,0,31
28,262,156,175,19,144,-12,31
36,246,164,178,14,147,-17,31
347,251,246,247,1,216,-30,31
95,209,255,255,0,224,-31,31
190,295,149,163,14,132,-17,31
334,353,168,194,26,163,-5,31
29,279,134,134,0,103,-31,31
369,232,82,107,25,76,-6,31
369,237,188,202,14,171,-17,31
150,311,74,90,16,59,-15,31
318,214,80,84,4,53,-27,31
318,215,70,84,14,53,-17,31
53,272,43,59,16,28,-15,31
53,266,53,74,21,43,-10,31
298,271,244,248,4,217,-27,31
277,226,74,99,25,68,-6,31
86,243,144,154,10,123,-21,31
86,234,53,70,17,39,-14,31
86,235,64,74,10,43,-21,31
199,289,164,175,11,144,-20,31
56,283,46,59,13,28,-18,31
135,309,156,166,10,135,-21,31
42,230,203,221,18,190,-13,31
42,231,208,221,13,190,-18,31
61,259,50,59,9,28,-22,31
370,327,214,225,11,194,-20,31
370,330,196,217,21,186,-10,31
158,260,131,153,22,122,-9,31
27,308,66,87,21,56,-10,31
472,62,252,252,0,221,-31,31
536,271,139,154,15,123,-16,31
387,232,68,74,6,43,-25,31
64,228,56,70,14,39,-17,31
398,240,184,198,14,167,-17,31
398,323,211,221,10,190,-21,31
398,324,196,215,19,184,-12,31
398,327,199,216,17,185,-14,31
216,310,78,92,14,61,-17,31
446,69,31,34,3,3,-28,31
74,221,82,103,21,72,-10,31
246,254,110,136,26,105,-5,31
95,234,126,142,16,111,-15,31
150,285,133,150,17,119,-14,31
270,290,85,101,16,70,-15,31
142,275,90,95,5,64,-26,31
116,215,43,70,27,39,-4,31
271,362,151,158,7,127,-24,31
150,284,126,147,21,116,-10,31
369,513,255,255,0,224,-31,31
140,288,128,146,18,115,-13,31
270,287,102,115,13,84,-18,31
504,309,28,59,31,28,0,31
287,376,43,56,13,25,-18,31
183,222,166,186,20,155,-11,31
183,227,173,184,11,153,-20,31
81,244,56,74,18,43,-13,31
324,358,127,154,27,123,-4,31
324,359,137,154,17,123,-14,31
364,236,194,205,11,174,-20,31
364,283,231,245,14,214,-17,31
82,289,162,175,13,144,-18,31
139,216,254,254,0,223,-31,31
154,250,135,147,12,116,-19,31
346,335,222,226,4,195,-27,31
143,213,252,254,2,223,-29,31
79,324,85,101,16,70,-15,31
79,327,76,92,16,61,-15,31
270,296,61,74,13,43,-18,31
319,212,84,87,3,56,-28,31
85,235,50,70,20,39,-11,31
203,302,147,160,13,129,-18,31
364,513,255,255,0,224,-31,31
256,273,125,143,18,112,-13,31
49,275,34,59,25,28,-6,31
133,222,46,70,24,39,-7,31
525,265,82,95,13,64,-18,31
315,191,85,95,10,64,-21,31
46,290,56,70,14,39,-17,31
52,318,46,59,13,28,-18,31
314,155,254,255,1,224,-30,31
348,327,202,213,11,182,-20,31
133,334,53,70,17,39,-14,31
154,323,166,187,21,156,-10,31
143,308,89,105,16,74,-15,31
143,331,99,99,0,68,-31,31
154,370,78,92,14,61,-17,31
314,191,72,95,23,64,-8,31
314,363,87,111,24,80,-7,31
314,364,98,111,13,80,-18,31
216,304,87,101,14,70,-17,31
128,225,132,140,8,109,-23,31
81,260,140,154,14,123,-17,31
82,332,95,109,14,78,-17,31
154,246,143,154,11,123,-20,31
24,275,129,154,25,123,-6,31
348,332,203,211,8,180,-23,31
524,536,249,253,4,222,-27,31
49,261,74,87,13,56,-18,31
49,262,56,74,18,43,-13,31
87,214,43,59,16,28,-15,31
87,215,43,59,16,28,-15,31
78,320,80,99,19,68,-12,31
158,305,92,111,19,80,-12,31
347,83,78,90,12,59,-19,31
186,307,118,133,15,102,-16,31
186,308,109,124,15,93,-16,31
85,214,39,59,20,28,-11,31
421,238,87,103,16,72,-15,31
74,282,53,70,17,39,-14,31
188,291,151,167,16,136,-15,31
388,240,191,205,14,174,-17,31
24,274,145,154,9,123,-22,31
397,516,254,254,0,223,-31,31
232,353,85,111,26,80,-5,31
79,315,102,116,14,85,-17,31
45,304,64,87,23,56,-8,31
203,235,152,175,23,144,-8,31
79,316,101,116,15,85,-16,31
400,240,183,197,14,166,-17,31
61,258,43,59,16,28,-15,31
164,275,170,182,12,151,-19,31
223,363,254,254,0,223,-31,31
401,325,200,217,17,186,-14,31
42,275,82,103,21,72,-10,31
484,63,28,34,6,3,-25,31
484,255,169,182,13,151,-18,31
507,328,212,221,9,190,-22,31
151,213,149,160,11,129,-20,31
19,285,59,74,15,43,-16,31
40,228,240,252,12,221,-19,31
389,240,190,204,14,173,-17,31
39,318,39,59,20,28,-11,31
164,338,129,142,13,111,-18,31
37,246,148,166,18,135,-13,31
45,269,101,116,15,85,-16,31
45,268,116,116,0,85,-31,31
204,306,130,148,18,117,-13,31
170,227,182,196,14,165,-17,31
111,227,98,111,13,80,-18,31
142,270,64,95,31,64,0,31
153,283,183,183,0,152,-31,31
521,268,135,147,12,116,-19,31
113,229,126,141,15,110,-16,31
326,207,39,59,20,28,-11,31
397,240,186,199,13,168,-18,31
325,137,112,133,21,102,-10,31
399,328,207,219,12,188,-19,31
204,303,151,166,15,135,-16,31
373,280,202,230,28,199,-3,31
158,376,85,90,5,59,-26,31
37,245,154,173,19,142,-12,31
74,273,50,70,20,39,-11,31
40,242,178,183,5,152,-26,31
492,258,170,182,12,151,-19,31
78,317,85,101,16,70,-15,31
78,318,84,101,17,70,-14,31
190,377,255,255,0,224,-31,31
70,222,53,70,17,39,-14,31
349,90,46,74,28,43,-3,31
349,91,50,74,24,43,-7,31
443,247,174,187,13,156,-18,31
52,317,39,59,20,28,-11,31
97,215,59,70,11,39,-20,31
203,305,128,145,17,114,-14,31
148,345,64,74,10,43,-21,31
148,369,99,107,8,76,-23,31
114,225,76,95,19,64,-12,31
214,322,114,124,10,93,-21,31
83,218,43,59,16,28,-15,31
180,232,180,202,22,171,-9,31
301,332,223,224,1,193,-30,31
276,226,84,99,15,68,-16,31
336,273,68,92,24,61,-7,31
237,295,140,156,16,125,-15,31
153,248,127,142,15,111,-16,31
163,272,141,156,15,125,-16,31
321,183,78,87,9,56,-22,31
321,186,80,84,4,53,-27,31
158,377,70,90,20,59,-11,31
158,378,64,90,26,59,-5,31
21,318,39,59,20,28,-11,31
21,302,72,92,20,61,-11,31
418,242,171,183,12,152,-19,31
374,280,205,231,26,200,-5,31
231,297,89,109,20,78,-11,31
396,322,212,222,10,191,-21,31
238,246,156,163,7,132,-24,31
272,356,61,70,9,39,-22,31
78,319,82,101,19,70,-12,31
336,186,34,59,25,28,-6,31
49,325,46,59,13,28,-18,31
188,234,165,182,17,151,-14,31
188,300,170,189,19,158,-12,31
44,295,74,84,10,53,-21,31
231,288,124,138,14,107,-17,31
417,242,175,187,12,156,-19,31
205,307,136,156,20,125,-11,31
374,229,28,59,31,28,0,31
170,214,252,253,1,222,-30,31
21,316,28,59,31,28,0,31
21,317,34,59,25,28,-6,31
214,307,115,129,14,98,-17,31
495,259,164,178,14,147,-17,31
165,221,138,146,8,115,-23,31
30,300,82,103,21,72,-10,31
55,270,50,70,20,39,-11,31
360,322,186,210,24,179,-7,31
34,293,105,118,13,87,-18,31
34,294,106,118,12,87,-19,31
156,370,80,95,15,64,-16,31
311,367,28,59,31,28,0,31
255,261,137,151,14,120,-17,31
272,360,138,140,2,109,-29,31
47,243,68,92,24,61,-7,31
468,61,252,254,2,223,-29,31
46,369,250,252,2,221,-29,31
196,296,120,133,13,102,-18,31
137,388,254,254,0,223,-31,31
78,298,85,101,16,70,-15,31
35,251,160,174,14,143,-17,31
34,320,39,59,20,28,-11,31
292,381,43,50,7,19,-24,31
25,295,96,111,15,80,-16,31
81,301,115,134,19,103,-12,31
137,243,106,127,21,96,-10,31
286,230,252,253,1,222,-30,31
321,182,85,87,2,56,-29,31
169,227,182,196,14,165,-17,31
169,302,160,174,14,143,-17,31
224,295,156,175,19,144,-12,31
135,372,70,90,20,59,-11,31
375,280,207,231,24,200,-7,31
169,225,185,196,11,165,-20,31
169,226,165,196,31,165,0,31
44,294,76,84,8,53,-23,31
168,225,196,196,0,165,-31,31
168,226,170,196,26,165,-5,31
168,227,183,196,13,165,-18,31
174,371,84,84,0,53,-31,31
434,246,173,186,13,155,-18,31
109,229,119,132,13,101,-18,31
19,290,53,74,21,43,-10,31
349,234,203,215,12,184,-19,31
77,296,76,92,16,61,-15,31
44,275,95,105,10,74,-21,31
532,268,96,107,11,76,-20,31
375,233,80,105,25,74,-6,31
523,266,99,116,17,85,-14,31
186,303,168,179,11,148,-20,31
149,228,144,150,6,119,-25,31
138,342,70,84,14,53,-17,31
138,343,72,84,12,53,-19,31
34,282,101,103,2,72,-29,31
25,287,96,103,7,72,-24,31
358,235,207,217,10,186,-21,31
131,253,144,157,13,126,-18,31
54,340,39,59,20,28,-11,31
342,276,182,194,12,163,-19,31
390,240,188,203,15,172,-16,31
82,262,159,174,15,143,-16,31
58,251,34,59,25,28,-6,31
135,250,76,105,29,74,-2,31
168,219,170,184,14,153,-17,31
84,256,168,180,12,149,-19,31
411,277,234,236,2,205,-29,31
149,313,76,87,11,56,-20,31
50,218,248,254,6,223,-25,31
133,311,160,170,10,139,-21,31
82,264,166,180,14,149,-17,31
55,215,251,255,4,224,-27,31
268,289,64,84,20,53,-11,31
281,222,93,107,14,76,-17,31
73,231,50,70,20,39,-11,31
73,232,59,70,11,39,-20,31
54,338,39,59,20,28,-11,31
18,318,53,59,6,28,-25,31
26,308,56,87,31,56,0,31
332,201,50,59,9,28,-22,31
523,265,90,105,15,74,-16,31
214,326,115,126,11,95,-20,31
402,325,206,220,14,189,-17,31
483,255,173,187,14,156,-17,31
383,279,223,246,23,215,-8,31
258,329,61,87,26,56,-5,31
359,321,186,206,20,175,-11,31
527,268,102,118,16,87,-15,31
310,367,34,59,25,28,-6,31
28,308,80,87,7,56,-24,31
510,303,28,59,31,28,0,31
349,333,207,215,8,184,-23,31
63,225,80,84,4,53,-27,31
148,306,74,92,18,61,-13,31
163,260,134,162,28,131,-3,31
62,229,56,70,14,39,-17,31
332,187,46,59,13,28,-18,31
230,305,98,115,17,84,-14,31
159,253,144,162,18,131,-13,31
59,271,50,59,9,28,-22,31
533,270,119,137,18,106,-13,31
533,274,201,201,0,170,-31,31
26,289,80,95,15,64,-16,31
84,213,59,70,11,39,-20,31
77,291,78,92,14,61,-17,31
310,293,160,180,20,149,-11,31
165,261,164,175,11,144,-20,31
83,219,34,59,25,28,-6,31
266,287,70,90,20,59,-11,31
22,302,68,92,24,61,-7,31
22,303,85,92,7,61,-24,31
22,304,90,92,2,61,-29,31
408,241,188,200,12,169,-19,31
408,321,219,219,0,188,-31,31
408,332,206,222,16,191,-15,31
259,270,96,123,27,92,-4,31
273,355,61,70,9,39,-22,31
88,240,144,151,7,120,-24,31
273,356,50,70,20,39,-11,31
144,326,103,103,0,72,-31,31
32,270,92,109,17,78,-14,31
263,275,99,120,21,89,-10,31
176,227,177,186,9,155,-22,31
144,335,103,105,2,74,-29,31
156,316,170,174,4,143,-27,31
149,311,64,87,23,56,-8,31
149,312,78,87,9,56,-22,31
59,269,43,59,16,28,-15,31
59,270,46,59,13,28,-18,31
181,381,254,254,0,223,-31,31
141,311,90,101,11,70,-20,31
499,314,28,59,31,28,0,31
409,333,214,227,13,196,-18,31
309,365,59,74,15,43,-16,31
144,304,123,137,14,106,-17,31
77,288,76,101,25,70,-6,31
194,305,34,59,25,28,-6,31
151,344,50,70,20,39,-11,31
254,267,107,123,16,92,-15,31
33,320,34,59,25,28,-6,31
194,323,137,150,13,119,-18,31
22,316,56,59,3,28,-28,31
22,317,59,59,0,28,-31,31
112,225,74,90,16,59,-15,31
112,226,85,99,14,68,-17,31
22,301,64,84,20,53,-11,31
330,201,34,59,25,28,-6,31
83,239,53,74,21,43,-10,31
129,256,167,182,15,151,-16,31
355,259,214,226,12,195,-19,31
29,269,131,146,15,115,-16,31
32,268,110,129,19,98,-12,31
328,195,82,92,10,61,-21,31
40,246,161,176,15,145,-16,31
139,323,39,59,20,28,-11,31
82,258,145,161,16,130,-15,31
63,224,70,84,14,53,-17,31
344,88,99,107,8,76,-23,31
520,268,142,153,11,122,-20,31
340,185,39,59,20,28,-11,31
407,241,190,203,13,172,-18,31
23,256,251,252,1,221,-30,31
331,266,246,248,2,217,-29,31
499,260,160,173,13,142,-18,31
179,226,169,182,13,151,-18,31
179,227,159,182,23,151,-8,31
179,230,195,201,6,170,-25,31
511,302,28,59,31,28,0,31
306,323,234,236,2,205,-29,31
306,362,114,127,13,96,-18,31
89,232,53,70,17,39,-14,31
134,327,39,59,20,28,-11,31
159,313,140,149,9,118,-22,31
65,381,253,253,0,222,-31,31
139,390,253,253,0,222,-31,31
182,226,184,188,4,157,-27,31
38,283,92,99,7,68,-24,31
134,328,39,59,20,28,-11,31
134,329,39,59,20,28,-11,31
134,330,39,59,20,28,-11,31
134,331,39,59,20,28,-11,31
131,278,182,191,9,160,-22,31
103,225,53,70,17,39,-14,31
391,321,194,216,22,185,-9,31
124,216,56,70,14,39,-17,31
185,300,206,217,11,186,-20,31
522,324,46,59,13,28,-18,31
522,325,39,59,20,28,-11,31
123,226,132,143,11,112,-20,31
395,326,203,217,14,186,-17,31
331,201,46,59,13,28,-18,31
60,228,74,87,13,56,-18,31
211,306,174,182,8,151,-23,31
60,338,34,59,25,28,-6,31
113,226,90,105,15,74,-16,31
266,302,82,84,2,53,-29,31
534,270,122,138,16,107,-15,31
153,344,59,70,11,39,-20,31
515,298,28,59,31,28,0,31
306,287,160,188,28,157,-3,31
253,334,84,92,8,61,-23,31
253,335,74,90,16,59,-15,31
151,379,72,90,18,59,-13,31
526,268,106,123,17,92,-14,31
338,183,28,59,31,28,0,31
153,345,56,70,14,39,-17,31
74,380,28,59,31,28,0,31
50,261,72,87,15,56,-16,31
50,262,72,74,2,43,-29,31
291,381,39,50,11,19,-20,31
182,224,167,182,15,151,-16,31
23,281,98,116,18,85,-13,31
60,251,53,70,17,39,-14,31
331,187,29,59,30,28,-1,31
338,184,43,59,16,28,-15,31
62,255,50,59,9,28,-22,31
40,279,87,115,28,84,-3,31
159,370,93,103,10,72,-21,31
259,328,56,84,28,53,-3,31
129,332,135,146,11,115,-20,31
129,333,131,143,12,112,-19,31
83,260,164,178,14,147,-17,31
50,275,56,59,3,28,-28,31
498,315,28,59,31,28,0,31
159,344,87,103,16,72,-15,31
50,265,56,70,14,39,-17,31
380,320,209,220,11,189,-20,31
83,296,146,164,18,133,-13,31
323,364,43,59,16,28,-15,31
72,216,156,174,18,143,-13,31
353,90,59,74,15,43,-16,31
254,272,137,150,13,119,-18,31
32,305,68,90,22,59,-9,31
32,306,74,90,16,59,-15,31
32,307,78,90,12,59,-19,31
351,90,53,74,21,43,-10,31
132,282,182,190,8,159,-23,31
142,332,70,99,29,68,-2,31
345,88,95,103,8,72,-23,31
43,254,126,142,16,111,-15,31
149,248,103,123,20,92,-11,31
165,266,164,175,11,144,-20,31
483,63,28,34,6,3,-25,31
382,234,82,103,21,72,-10,31
340,228,59,74,15,43,-16,31
162,262,141,150,9,119,-22,31
395,278,235,235,0,204,-31,31
489,275,207,207,0,176,-31,31
75,217,161,170,9,139,-22,31
184,316,93,118,25,87,-6,31
30,248,178,195,17,164,-14,31
341,323,53,74,21,43,-10,31
76,263,46,70,24,39,-7,31
105,226,76,90,14,59,-17,31
248,256,105,130,25,99,-6,31
344,273,187,200,13,169,-18,31
453,321,59,74,15,43,-16,31
184,363,103,126,23,95,-8,31
11,288,252,252,0,221,-31,31
184,225,144,173,29,142,-2,31
454,295,34,59,25,28,-6,31
162,254,165,175,10,144,-21,31
162,255,157,173,16,142,-15,31
81,324,112,126,14,95,-17,31
335,189,34,59,25,28,-6,31
199,312,70,90,20,59,-11,31
367,282,221,231,10,200,-21,31
456,325,211,217,6,186,-25,31
82,327,112,127,15,96,-16,31
399,240,184,198,14,167,-17,31
128,339,120,133,13,102,-18,31
485,63,28,34,6,3,-25,31
426,240,105,123,18,92,-13,31
317,190,87,92,5,61,-26,31
317,435,28,59,31,28,0,31
318,359,125,138,13,107,-18,31
21,284,92,101,9,70,-22,31
339,350,178,207,29,176,-2,31
524,265,85,99,14,68,-17,31
524,268,115,132,17,101,-14,31
104,212,76,98,22,68,-8,30
455,240,21,30,9,0,-21,30
327,192,89,89,0,59,-30,30
125,385,254,254,0,224,-30,30
394,325,196,212,16,182,-14,30
283,355,170,177,7,147,-23,30
351,325,204,213,9,183,-21,30
91,216,53,64,11,34,-19,30
137,315,66,80,14,50,-16,30
351,264,207,218,11,188,-19,30
178,224,175,186,11,156,-19,30
464,251,188,202,14,172,-16,30
304,196,84,102,18,72,-12,30
139,280,59,76,17,46,-13,30
162,256,151,172,21,142,-9,30
81,323,114,128,14,98,-16,30
391,324,201,215,14,185,-16,30
264,281,90,106,16,76,-14,30
264,282,92,106,14,76,-16,30
264,283,93,106,13,76,-17,30
139,289,146,158,12,128,-18,30
162,219,170,179,9,149,-21,30
284,223,84,98,14,68,-16,30
76,218,148,161,13,131,-17,30
391,240,187,202,15,172,-15,30
40,289,85,98,13,68,-17,30
81,331,85,102,17,72,-13,30
81,332,82,98,16,68,-14,30
395,323,191,212,21,182,-9,30
308,178,112,135,23,105,-7,30
513,53,253,253,0,223,-30,30
33,268,117,117,0,87,-30,30
354,261,213,225,12,195,-18,30
131,317,160,171,11,141,-19,30
439,310,39,64,25,34,-5,30
32,289,125,125,0,95,-30,30
141,259,126,133,7,103,-23,30
303,363,111,122,11,92,-19,30
132,260,114,126,12,96,-18,30
29,252,165,167,2,137,-28,30
29,253,166,167,1,137,-29,30
306,316,128,146,18,116,-12,30
254,271,130,144,14,114,-16,30
253,336,61,89,28,59,-2,30
78,210,140,157,17,127,-13,30
88,232,43,64,21,34,-9,30
310,190,84,89,5,59,-25,30
109,226,78,96,18,66,-12,30
156,273,123,146,23,116,-7,30
511,264,148,159,11,129,-19,30
194,296,102,114,12,84,-18,30
254,259,143,156,13,126,-17,30
512,53,253,253,0,223,-30,30
18,267,252,253,1,223,-29,30
144,308,80,98,18,68,-12,30
144,309,74,89,15,59,-15,30
275,355,61,64,3,34,-27,30
144,288,125,141,16,111,-14,30
144,302,145,159,14,129,-16,30
254,270,122,139,17,109,-13,30
144,303,133,147,14,117,-16,30
310,195,96,106,10,76,-20,30
527,266,82,96,14,66,-16,30
527,267,92,106,14,76,-16,30
195,304,50,64,14,34,-16,30
144,342,53,80,27,50,-3,30
144,377,50,64,14,34,-16,30
435,246,171,184,13,154,-17,30
349,335,197,214,17,184,-13,30
132,312,167,180,13,150,-17,30
303,190,114,132,18,102,-12,30
303,195,102,114,12,84,-18,30
253,266,109,123,14,93,-16,30
253,267,116,129,13,99,-17,30
156,317,174,174,0,144,-30,30
337,233,206,218,12,188,-18,30
337,101,112,112,0,82,-30,30
47,222,231,243,12,213,-18,30
151,250,114,120,6,90,-24,30
360,318,205,214,9,184,-21,30
196,297,112,125,13,95,-17,30
311,431,254,254,0,224,-30,30
312,159,253,254,1,224,-29,30
154,377,74,98,24,68,-6,30
154,379,90,98,8,68,-22,30
92,230,46,64,18,34,-12,30
350,265,204,214,10,184,-20,30
243,249,142,156,14,126,-16,30
435,240,92,98,6,68,-24,30
435,242,107,125,18,95,-12,30
528,267,87,102,15,72,-15,30
175,307,115,131,16,101,-14,30
467,252,194,205,11,175,-19,30
35,271,50,76,26,46,-4,30
362,77,253,253,0,223,-30,30
362,282,220,242,22,212,-8,30
78,315,87,102,15,72,-15,30
197,321,120,132,12,102,-18,30
529,270,123,136,13,106,-17,30
300,274,245,247,2,217,-28,30
361,324,188,209,21,179,-9,30
134,352,61,80,19,50,-11,30
361,326,215,225,10,195,-20,30
130,339,93,110,17,80,-13,30
197,283,181,190,9,160,-21,30
336,227,46,64,18,34,-12,30
238,293,156,170,14,140,-16,30
336,352,175,200,25,170,-5,30
255,273,136,149,13,119,-17,30
314,288,243,246,3,216,-27,30
314,360,120,133,13,103,-17,30
430,245,164,179,15,149,-15,30
430,239,89,96,7,66,-23,30
198,294,145,163,18,133,-12,30
198,297,111,129,18,99,-12,30
197,364,115,141,26,111,-4,30
87,213,53,64,11,34,-19,30
49,252,56,76,20,46,-10,30
442,307,39,64,25,34,-5,30
191,227,180,186,6,156,-24,30
86,386,254,254,0,224,-30,30
431,241,105,125,20,95,-10,30
237,294,140,156,16,126,-14,30
197,289,134,157,23,127,-7,30
468,252,190,202,12,172,-18,30
157,330,117,146,29,116,-1,30
145,249,122,133,11,103,-19,30
35,289,78,96,18,66,-12,30
35,291,84,102,18,72,-12,30
236,297,124,140,16,110,-14,30
236,298,123,139,16,109,-14,30
236,299,123,139,16,109,-14,30
256,274,132,147,15,117,-15,30
256,272,119,136,17,106,-13,30
236,300,124,139,15,109,-15,30
29,256,130,145,15,115,-15,30
517,267,149,160,11,130,-19,30
31,319,61,76,15,46,-15,30
143,305,118,132,14,102,-16,30
143,309,82,96,14,66,-16,30
443,243,107,125,18,95,-12,30
199,286,182,182,0,152,-30,30
335,262,248,249,1,219,-29,30
335,269,56,64,8,34,-22,30
56,232,61,76,15,46,-15,30
19,573,61,91,30,61,0,30
157,370,82,96,14,66,-16,30
180,316,117,128,11,98,-19,30
152,249,111,128,17,98,-13,30
315,219,64,76,12,46,-18,30
145,288,126,141,15,111,-15,30
19,572,61,91,30,61,0,30
199,317,103,117,14,87,-16,30
56,219,191,212,21,182,-9,30
429,244,152,167,15,137,-15,30
430,243,137,152,15,122,-15,30
198,364,112,140,28,110,-2,30
530,270,122,136,14,106,-16,30
79,252,59,76,17,46,-13,30
199,311,70,89,19,59,-11,30
46,279,93,96,3,66,-27,30
427,240,102,119,17,89,-13,30
36,244,173,184,11,154,-19,30
36,245,166,178,12,148,-18,30
36,248,147,164,17,134,-13,30
445,304,34,64,30,34,0,30
347,331,199,207,8,177,-22,30
181,232,183,202,19,172,-11,30
366,282,217,231,14,201,-16,30
315,360,119,131,12,101,-18,30
315,363,101,112,11,82,-19,30
316,219,50,76,26,46,-4,30
172,368,130,131,1,101,-29,30
370,281,210,226,16,196,-14,30
368,282,223,230,7,200,-23,30
368,329,197,218,21,188,-9,30
134,377,68,89,21,59,-9,30
134,383,254,255,1,225,-29,30
85,248,152,164,12,134,-18,30
524,267,105,122,17,92,-13,30
189,295,163,170,7,140,-23,30
295,344,188,204,16,174,-14,30
460,343,224,224,0,194,-30,30
53,251,59,80,21,50,-9,30
200,308,78,96,18,66,-12,30
200,316,109,120,11,90,-19,30
318,155,107,135,28,105,-2,30
234,360,252,253,1,223,-29,30
20,331,46,64,18,34,-12,30
145,377,46,64,18,34,-12,30
140,287,116,135,19,105,-11,30
270,286,106,119,13,89,-17,30
473,253,185,199,14,169,-16,30
36,275,61,76,15,46,-15,30
158,259,129,153,24,123,-6,30
27,306,89,98,9,68,-21,30
134,372,70,89,19,59,-11,30
202,307,109,122,13,92,-17,30
531,274,199,200,1,170,-29,30
334,275,66,80,14,50,-16,30
347,234,205,216,11,186,-19,30
74,218,139,161,22,131,-8,30
74,223,66,80,14,50,-16,30
53,235,34,64,30,34,0,30
425,239,93,110,17,80,-13,30
31,287,105,122,17,92,-13,30
371,281,217,226,9,196,-21,30
138,283,74,96,22,66,-8,30
79,325,80,98,18,68,-12,30
68,212,192,201,9,171,-21,30
270,295,64,76,12,46,-18,30
422,67,251,253,2,223,-28,30
371,332,213,224,11,194,-19,30
95,235,138,155,17,125,-13,30
96,235,142,156,14,126,-16,30
531,270,120,136,16,106,-14,30
270,292,76,89,13,59,-17,30
270,294,68,80,12,50,-18,30
233,302,89,106,17,76,-13,30
233,303,90,106,16,76,-14,30
233,360,252,253,1,223,-29,30
158,333,115,119,4,89,-26,30
36,354,39,64,25,34,-5,30
138,307,133,148,15,118,-15,30
150,247,119,129,10,99,-20,30
79,328,72,89,17,59,-13,30
503,261,151,164,13,134,-17,30
158,330,129,146,17,116,-13,30
45,290,43,64,21,34,-9,30
45,270,107,115,8,85,-22,30
319,359,124,137,13,107,-17,30
29,292,68,89,21,59,-9,30
77,222,78,96,18,66,-12,30
188,322,149,160,11,130,-19,30
188,292,157,170,13,140,-17,30
96,228,46,64,18,34,-12,30
181,315,98,117,19,87,-11,30
269,283,114,125,11,95,-19,30
373,238,192,205,13,175,-17,30
419,242,167,178,11,148,-19,30
373,329,208,221,13,191,-17,30
67,246,43,64,21,34,-9,30
67,247,39,64,25,34,-5,30
67,248,50,64,14,34,-16,30
31,274,114,126,12,96,-18,30
346,348,218,220,2,190,-28,30
170,302,162,174,12,144,-18,30
320,185,53,80,27,50,-3,30
258,239,247,253,6,223,-24,30
372,280,199,227,28,197,-2,30
372,281,223,227,4,197,-26,30
138,270,39,64,25,34,-5,30
138,271,34,64,30,34,0,30
532,274,200,201,1,171,-29,30
206,305,162,172,10,142,-20,30
130,252,157,173,16,143,-14,30
130,253,152,173,21,143,-9,30
416,242,179,191,12,161,-18,30
269,293,59,76,17,46,-13,30
292,389,252,254,2,224,-28,30
293,211,110,112,2,82,-28,30
181,364,107,128,21,98,-9,30
15,273,250,254,4,224,-26,30
474,253,181,195,14,165,-16,30
231,296,90,112,22,82,-8,30
231,299,85,106,21,76,-9,30
374,329,213,225,12,195,-18,30
45,230,183,199,16,169,-14,30
140,258,129,144,15,114,-15,30
44,235,178,195,17,165,-13,30
159,261,129,145,16,115,-14,30
230,290,130,140,10,110,-20,30
138,315,61,76,15,46,-15,30
44,230,182,199,17,169,-13,30
375,319,215,226,11,196,-19,30
476,254,187,200,13,170,-17,30
519,268,147,159,12,129,-18,30
29,318,66,76,10,46,-20,30
292,221,85,102,17,72,-13,30
136,346,46,64,18,34,-12,30
136,347,46,64,18,34,-12,30
136,348,46,64,18,34,-12,30
146,288,123,141,18,111,-12,30
532,270,119,136,17,106,-13,30
375,231,76,76,0,46,-30,30
135,263,50,76,26,46,-4,30
378,239,190,203,13,173,-17,30
378,279,205,232,27,202,-3,30
38,234,229,243,14,213,-16,30
323,131,254,255,1,225,-29,30
83,291,170,184,14,154,-16,30
267,308,46,76,30,46,0,30
146,382,61,89,28,59,-2,30
322,357,146,154,8,124,-22,30
22,312,53,64,11,34,-19,30
159,262,129,145,16,115,-14,30
66,254,34,64,30,34,0,30
268,239,249,252,3,222,-27,30
66,225,34,64,30,34,0,30
410,333,209,224,15,194,-15,30
477,254,184,197,13,167,-17,30
83,290,173,186,13,156,-17,30
43,252,120,120,0,90,-30,30
331,119,117,120,3,90,-27,30
120,380,61,76,15,46,-15,30
331,120,120,120,0,90,-30,30
38,289,72,98,26,68,-4,30
449,248,179,192,13,162,-17,30
291,221,85,102,17,72,-13,30
291,261,249,249,0,219,-30,30
182,223,166,181,15,151,-15,30
159,330,125,146,21,116,-9,30
211,304,184,190,6,160,-24,30
405,331,210,224,14,194,-16,30
120,379,50,64,14,34,-16,30
80,294,114,132,18,102,-12,30
38,269,96,119,23,89,-7,30
38,300,64,76,12,46,-18,30
213,315,136,148,12,118,-18,30
404,326,204,217,13,187,-17,30
404,331,215,227,12,197,-18,30
80,320,111,123,12,93,-18,30
83,261,166,180,14,150,-16,30
482,255,178,190,12,160,-18,30
75,218,148,161,13,131,-17,30
75,223,64,80,16,50,-14,30
187,234,165,182,17,152,-13,30
98,387,254,254,0,224,-30,30
43,257,143,152,9,122,-21,30
129,334,129,140,11,110,-19,30
405,241,194,205,11,175,-19,30
480,534,253,254,1,224,-29,30
149,261,46,64,18,34,-12,30
225,307,125,144,19,114,-11,30
65,216,170,187,17,157,-13,30
65,255,64,64,0,34,-30,30
65,256,56,64,8,34,-22,30
149,249,92,119,27,89,-3,30
65,254,50,64,14,34,-16,30
212,366,253,254,1,224,-29,30
403,326,199,215,16,185,-14,30
403,329,194,214,20,184,-10,30
129,265,184,194,10,164,-20,30
481,326,207,214,7,184,-23,30
165,267,164,175,11,145,-19,30
137,252,80,102,22,72,-8,30
137,255,80,89,9,59,-21,30
75,286,59,76,17,46,-13,30
186,363,114,128,14,98,-16,30
382,321,211,222,11,192,-19,30
214,281,180,189,9,159,-21,30
402,70,254,254,0,224,-30,30
60,341,53,64,11,34,-19,30
165,260,168,178,10,148,-20,30
149,260,56,64,8,34,-22,30
266,308,74,76,2,46,-28,30
266,309,72,76,4,46,-26,30
266,310,70,76,6,46,-24,30
266,311,64,76,12,46,-18,30
129,253,173,181,8,151,-22,30
129,254,170,181,11,151,-19,30
343,362,223,225,2,195,-28,30
136,377,68,89,21,59,-9,30
280,247,249,252,3,222,-27,30
99,387,254,254,0,224,-30,30
148,382,82,89,7,59,-23,30
214,319,116,128,12,98,-18,30
384,83,39,64,25,34,-5,30
160,345,103,117,14,87,-16,30
165,212,252,253,1,223,-29,30
215,279,168,178,10,148,-20,30
261,269,136,141,5,111,-25,30
224,292,166,179,13,149,-17,30
75,284,61,76,15,46,-15,30
75,285,61,76,15,46,-15,30
153,286,173,181,8,151,-22,30
153,310,87,106,19,76,-11,30
534,535,252,253,1,223,-29,30
266,305,78,80,2,50,-28,30
266,281,82,106,24,76,-6,30
214,325,109,120,11,90,-19,30
128,340,122,132,10,102,-20,30
128,341,123,132,9,102,-21,30
164,220,144,160,16,130,-14,30
261,303,102,117,15,87,-15,30
261,304,99,114,15,84,-15,30
261,306,92,106,14,76,-16,30
400,329,212,225,13,195,-17,30
39,282,92,110,18,80,-12,30
186,306,128,144,16,114,-14,30
101,231,123,132,9,102,-21,30
100,387,254,254,0,224,-30,30
186,295,184,203,19,173,-11,30
329,201,39,64,25,34,-5,30
325,126,249,254,5,224,-25,30
82,331,98,112,14,82,-16,30
215,290,111,132,21,102,-9,30
265,275,124,133,9,103,-21,30
163,342,126,136,10,106,-20,30
163,325,146,155,9,125,-21,30
82,288,167,178,11,148,-19,30
139,333,72,80,8,50,-22,30
387,240,193,206,13,176,-17,30
39,289,90,98,8,68,-22,30
386,322,205,217,12,187,-18,30
39,278,106,117,11,87,-19,30
102,230,117,125,8,95,-22,30
287,222,90,102,12,72,-18,30
340,323,46,64,18,34,-12,30
340,505,253,253,0,223,-30,30
82,328,109,123,14,93,-16,30
128,337,127,140,13,110,-17,30
128,338,123,136,13,106,-17,30
163,277,164,182,18,152,-12,30
41,291,93,96,3,66,-27,30
163,316,152,163,11,133,-19,30
388,323,206,218,12,188,-18,30
262,274,96,117,21,87,-9,30
397,327,206,218,12,188,-18,30
326,122,254,254,0,224,-30,30
82,261,154,170,16,140,-14,30
217,365,254,254,0,224,-30,30
152,332,89,89,0,59,-30,30
133,339,46,64,18,34,-12,30
133,340,46,64,18,34,-12,30
133,341,50,64,14,34,-16,30
133,342,53,64,11,34,-19,30
139,250,123,132,9,102,-21,30
139,251,119,129,10,99,-20,30
25,284,78,89,11,59,-19,30
219,269,147,162,15,132,-15,30
41,253,111,135,24,105,-6,30
147,371,64,89,25,59,-5,30
40,231,228,239,11,209,-19,30
139,239,127,147,20,117,-10,30
218,315,39,64,25,34,-5,30
218,316,39,64,25,34,-5,30
328,203,34,64,30,34,0,30
328,231,220,224,4,194,-26,30
286,346,74,80,6,50,-24,30
102,225,50,64,14,34,-16,30
218,269,155,167,12,137,-18,30
163,267,118,147,29,117,-1,30
396,326,197,214,17,184,-13,30
82,267,176,187,11,157,-19,30
40,261,112,123,11,93,-19,30
328,114,254,254,0,224,-30,30
82,259,147,164,17,134,-13,30
326,306,20,33,13,3,-17,30
147,382,68,89,21,59,-9,30
63,217,151,180,29,150,-1,30
161,341,92,112,20,82,-10,30
218,313,34,64,30,34,0,30
218,314,39,64,25,34,-5,30
41,230,215,233,18,203,-12,30
327,467,253,253,0,223,-30,30
76,223,68,80,12,50,-18,30
249,356,82,110,28,80,-2,30
285,223,80,96,16,66,-14,30
103,213,72,76,4,46,-26,30
185,309,109,125,16,95,-14,30
242,249,136,156,20,126,-10,30
104,213,74,76,2,46,-28,30
282,356,158,173,15,143,-15,30
105,212,70,98,28,68,-2,30
104,214,46,76,30,46,0,30
104,224,50,64,14,34,-16,30
341,361,199,224,25,194,-5,30
4,557,61,91,30,61,0,30
453,296,34,64,30,34,0,30
453,303,34,64,30,34,0,30
142,254,138,141,3,111,-27,30
162,276,152,164,12,134,-18,30
40,301,61,76,15,46,-15,30
139,307,124,139,15,109,-15,30
139,308,118,133,15,103,-15,30
162,279,176,183,7,153,-23,30
526,273,153,173,20,143,-10,30
155,374,61,76,15,46,-15,30
155,379,82,98,16,68,-14,30
33,251,156,174,18,144,-12,30
514,53,253,253,0,223,-30,30
440,241,90,98,8,68,-22,30
177,223,169,186,17,156,-13,30
439,324,212,217,5,187,-25,30
73,210,178,202,24,172,-6,30
441,247,178,190,12,160,-18,30
178,308,123,137,14,107,-16,30
178,315,111,125,14,95,-16,30
155,319,160,170,10,140,-20,30
155,324,156,170,14,140,-16,30
305,366,34,64,30,34,0,30
306,182,114,139,25,109,-5,30
185,301,192,206,14,177,-15,29
455,325,212,218,6,189,-23,29
342,228,56,72,16,43,-13,29
152,345,50,68,18,39,-11,29
152,348,90,101,11,72,-18,29
76,289,70,82,12,53,-17,29
76,290,72,82,10,53,-19,29
76,291,68,82,14,53,-15,29
76,262,50,68,18,39,-11,29
76,264,46,72,26,43,-3,29
341,362,224,224,0,195,-29,29
341,493,50,50,0,21,-29,29
341,494,50,50,0,21,-29,29
185,306,133,147,14,118,-15,29
185,307,124,138,14,109,-15,29
185,308,115,130,15,101,-14,29
11,303,250,252,2,223,-27,29
342,277,186,197,11,168,-18,29
342,280,199,218,19,189,-10,29
341,228,56,72,16,43,-13,29
341,279,189,199,10,170,-19,29
342,255,250,250,0,221,-29,29
76,216,146,173,27,144,-2,29
342,264,76,95,19,66,-10,29
142,273,80,90,10,61,-19,29
280,352,66,72,6,43,-23,29
186,234,165,181,16,152,-13,29
571,139,43,50,7,21,-22,29
571,140,28,50,22,21,-7,29
142,306,112,127,15,98,-14,29
142,307,105,118,13,89,-16,29
142,309,90,103,13,74,-16,29
570,139,50,50,0,21,-29,29
570,140,43,50,7,21,-22,29
182,375,103,107,4,78,-25,29
183,232,186,202,16,173,-13,29
182,366,144,145,1,116,-28,29
343,88,103,109,6,80,-23,29
341,180,61,68,7,39,-22,29
76,299,53,72,19,43,-10,29
142,312,70,90,20,61,-9,29
279,352,70,72,2,43,-27,29
133,377,64,85,21,56,-8,29
133,378,80,85,5,56,-24,29
279,368,28,29,1,0,-28,29
100,213,68,72,4,43,-25,29
290,214,99,111,12,82,-17,29
50,266,50,68,18,39,-11,29
52,262,72,90,18,61,-11,29
52,263,64,82,18,53,-11,29
142,341,74,85,11,56,-18,29
142,342,80,85,5,56,-24,29
343,321,50,72,22,43,-7,29
343,228,56,72,16,43,-13,29
343,254,248,250,2,221,-27,29
343,275,186,199,13,170,-16,29
343,280,203,223,20,194,-9,29
75,290,53,72,19,43,-10,29
75,291,53,72,19,43,-10,29
153,266,72,82,10,53,-19,29
153,273,178,178,0,149,-29,29
569,139,50,50,0,21,-29,29
142,372,59,85,26,56,-3,29
52,268,68,68,0,39,-29,29
187,363,116,128,12,99,-17,29
449,68,33,35,2,6,-27,29
99,213,66,72,6,43,-23,29
291,351,148,170,22,141,-7,29
182,232,184,202,18,173,-11,29
340,257,245,246,1,217,-28,29
340,267,72,95,23,66,-6,29
75,288,56,72,16,43,-13,29
75,289,56,72,16,43,-13,29
248,343,61,90,29,61,0,29
343,361,199,225,26,196,-3,29
520,300,28,50,22,21,-7,29
136,372,68,90,22,61,-7,29
448,68,35,35,0,6,-29,29
98,227,50,68,18,39,-11,29
141,312,82,93,11,64,-18,29
49,327,28,50,22,21,-7,29
188,286,161,173,12,144,-17,29
188,297,174,190,16,161,-13,29
345,272,194,205,11,176,-18,29
345,295,34,50,16,21,-13,29
136,339,21,50,29,21,0,29
345,234,206,217,11,188,-18,29
568,139,43,50,7,21,-22,29
568,140,43,50,7,21,-22,29
294,335,101,103,2,74,-27,29
189,280,190,194,4,165,-25,29
446,243,102,118,16,89,-13,29
189,292,147,163,16,134,-13,29
53,216,248,250,2,221,-27,29
141,289,135,149,14,120,-15,29
181,229,167,192,25,163,-4,29
143,274,64,90,26,61,-3,29
74,281,56,72,16,43,-13,29
74,283,50,68,18,39,-11,29
346,234,205,217,12,188,-17,29
346,270,197,207,10,178,-19,29
346,295,50,50,0,21,-29,29
346,296,46,50,4,21,-25,29
346,314,39,50,11,21,-18,29
137,282,66,90,24,61,-5,29
77,210,130,155,25,126,-4,29
74,274,56,72,16,43,-13,29
74,275,59,72,13,43,-16,29
53,262,82,90,8,61,-21,29
53,263,61,82,21,53,-8,29
143,311,66,85,19,56,-10,29
298,364,112,119,7,90,-22,29
190,298,157,167,10,138,-19,29
53,274,21,50,29,21,0,29
346,328,192,201,9,172,-20,29
49,264,39,68,29,39,0,29
107,229,115,130,15,101,-14,29
92,382,46,50,4,21,-25,29
132,350,85,101,16,72,-13,29
190,323,152,160,8,131,-21,29
461,316,28,50,22,21,-7,29
180,226,182,188,6,159,-23,29
180,227,171,188,17,159,-12,29
143,340,56,85,29,56,0,29
143,342,61,82,21,53,-8,29
300,367,21,50,29,21,0,29
92,218,21,50,29,21,0,29
442,247,175,188,13,159,-16,29
462,294,39,50,11,21,-18,29
115,215,46,68,22,39,-7,29
347,269,202,211,9,182,-20,29
347,313,39,50,11,21,-18,29
245,253,109,136,27,107,-2,29
179,225,172,182,10,153,-19,29
463,251,192,204,12,175,-17,29
134,286,171,180,9,151,-20,29
191,370,82,82,0,53,-29,29
53,349,34,50,16,21,-13,29
53,350,34,50,16,21,-13,29
48,300,50,68,18,39,-11,29
48,301,61,68,7,39,-22,29
48,302,61,68,7,39,-22,29
91,218,43,50,7,21,-22,29
178,309,112,127,15,98,-14,29
141,270,90,93,3,64,-26,29
348,300,28,50,22,21,-7,29
525,266,92,105,13,76,-16,29
136,338,21,50,29,21,0,29
154,310,92,109,17,80,-12,29
348,234,204,215,11,186,-18,29
348,258,96,119,23,90,-6,29
48,273,21,50,29,21,0,29
305,175,253,253,0,224,-29,29
275,221,253,254,1,225,-28,29
177,365,103,127,24,98,-5,29
440,247,179,191,12,162,-17,29
178,222,186,198,12,169,-17,29
108,229,115,130,15,101,-14,29
131,378,66,85,19,56,-10,29
131,340,82,93,11,64,-18,29
131,316,163,175,12,146,-17,29
54,262,78,90,12,61,-17,29
54,263,80,82,2,53,-27,29
54,264,80,82,2,53,-27,29
54,265,74,82,8,53,-21,29
349,250,222,232,10,203,-19,29
349,312,34,50,16,21,-13,29
348,333,200,209,9,180,-20,29
244,252,107,136,29,107,0,29
307,283,241,244,3,215,-26,29
17,566,61,90,29,61,0,29
193,375,251,252,1,223,-28,29
54,275,34,50,16,21,-13,29
308,197,98,107,9,78,-20,29
194,306,28,50,22,21,-7,29
47,325,28,50,22,21,-7,29
308,413,46,50,4,21,-25,29
308,414,50,50,0,21,-29,29
309,197,106,107,1,78,-28,29
466,281,46,50,4,21,-25,29
466,282,43,50,7,21,-22,29
176,306,130,144,14,115,-15,29
176,308,109,127,18,98,-11,29
73,221,82,101,19,72,-10,29
253,270,133,145,12,116,-17,29
32,271,89,99,10,70,-19,29
350,303,21,50,29,21,0,29
32,259,181,195,14,166,-15,29
32,261,158,168,10,139,-19,29
515,305,28,50,22,21,-7,29
437,521,21,50,29,21,0,29
194,311,39,50,11,21,-18,29
144,320,53,82,29,53,0,29
309,415,46,50,4,21,-25,29
176,225,156,184,28,155,-1,29
176,226,169,184,15,155,-14,29
131,248,175,178,3,149,-26,29
515,53,253,253,0,224,-29,29
29,250,158,182,24,153,-5,29
77,318,70,85,15,56,-14,29
77,314,76,90,14,61,-15,29
155,283,182,193,11,164,-18,29
32,304,64,90,26,61,-3,29
350,365,21,50,29,21,0,29
515,266,148,160,12,131,-17,29
195,313,56,68,12,39,-17,29
195,318,70,90,20,61,-9,29
195,323,135,148,13,119,-16,29
19,278,59,85,26,56,-3,29
130,372,72,85,13,56,-16,29
130,346,110,114,4,85,-25,29
47,266,61,85,24,56,-5,29
352,89,74,82,8,53,-21,29
352,92,56,72,16,43,-13,29
137,308,142,154,12,125,-17,29
137,314,76,90,14,61,-15,29
467,280,46,50,4,21,-25,29
467,281,50,50,0,21,-29,29
18,339,253,254,1,225,-28,29
140,372,61,90,29,61,0,29
311,420,43,50,7,21,-22,29
311,421,39,50,11,21,-18,29
196,317,70,93,23,64,-6,29
196,287,118,138,20,109,-9,29
174,370,72,101,29,72,0,29
33,252,156,173,17,144,-12,29
72,224,53,68,15,39,-14,29
353,365,46,50,4,21,-25,29
151,381,80,85,5,56,-24,29
151,382,59,85,26,56,-3,29
526,266,87,101,14,72,-15,29
526,269,118,131,13,102,-16,29
338,83,253,254,1,225,-28,29
353,324,206,215,9,186,-20,29
513,265,148,159,11,130,-18,29
175,220,180,195,15,166,-14,29
312,307,136,165,29,136,0,29
313,191,70,85,15,56,-14,29
433,246,173,186,13,157,-16,29
55,292,34,50,16,21,-13,29
313,312,244,247,3,218,-26,29
467,527,21,50,29,21,0,29
354,365,50,50,0,21,-29,29
254,268,115,127,12,98,-17,29
77,385,251,253,2,224,-27,29
337,352,184,202,18,173,-11,29
432,241,102,122,20,93,-9,29
553,538,254,255,1,226,-28,29
55,339,59,68,9,39,-20,29
431,65,254,254,0,225,-29,29
198,299,90,109,19,80,-10,29
198,300,80,99,19,70,-10,29
198,313,64,82,18,53,-11,29
468,341,227,228,1,199,-28,29
429,276,223,223,0,194,-29,29
551,282,21,50,29,21,0,29
429,243,140,154,14,125,-15,29
429,245,166,180,14,151,-15,29
355,365,46,50,4,21,-25,29
254,258,151,162,11,133,-18,29
355,253,220,227,7,198,-22,29
33,281,99,103,4,74,-25,29
33,282,92,103,11,74,-18,29
199,290,166,174,8,145,-21,29
315,362,84,111,27,82,-2,29
86,244,148,158,10,129,-19,29
56,218,197,211,14,182,-15,29
199,304,76,93,17,64,-12,29
428,276,223,223,0,194,-29,29
20,262,250,252,2,223,-27,29
316,217,72,82,10,53,-19,29
130,321,166,173,7,144,-22,29
199,367,251,254,3,225,-26,29
145,308,72,90,18,61,-11,29
316,430,43,50,7,21,-22,29
317,148,254,254,0,225,-29,29
427,239,92,105,13,76,-16,29
200,309,76,95,19,66,-10,29
527,274,173,182,9,153,-20,29
78,254,53,72,19,43,-10,29
511,53,253,253,0,224,-29,29
355,349,227,229,2,200,-27,29
317,216,68,82,14,53,-15,29
271,244,160,189,29,160,0,29
426,239,92,107,15,78,-14,29
201,296,157,164,7,135,-22,29
471,253,192,203,11,174,-18,29
145,338,89,95,6,66,-23,29
318,216,59,82,23,53,-6,29
510,310,21,50,29,21,0,29
358,313,66,90,24,61,-5,29
358,321,175,195,20,166,-9,29
337,189,68,68,0,39,-29,29
357,324,215,221,6,192,-23,29
357,348,225,225,0,196,-29,29
357,364,21,50,29,21,0,29
117,228,135,145,10,116,-19,29
45,321,61,68,7,39,-22,29
85,252,167,180,13,151,-16,29
423,355,46,50,4,21,-25,29
424,70,24,51,27,22,-2,29
140,289,141,153,12,124,-17,29
270,291,82,95,13,66,-16,29
472,305,43,50,7,21,-22,29
56,338,53,68,15,39,-14,29
422,355,50,50,0,21,-29,29
472,253,189,200,11,171,-18,29
57,218,188,207,19,178,-10,29
239,247,144,156,12,127,-17,29
239,249,129,144,15,115,-14,29
336,478,50,50,0,21,-29,29
336,479,50,50,0,21,-29,29
336,480,46,50,4,21,-25,29
45,275,101,105,4,76,-25,29
203,306,122,138,16,109,-13,29
421,355,50,50,0,21,-29,29
45,251,76,105,29,76,0,29
420,355,50,50,0,21,-29,29
57,256,70,72,2,43,-27,29
319,438,50,50,0,21,-29,29
140,284,95,107,12,78,-17,29
419,355,46,50,4,21,-25,29
137,372,66,90,24,61,-5,29
28,270,132,139,7,110,-22,29
336,477,46,50,4,21,-25,29
528,270,124,136,12,107,-17,29
156,371,66,82,16,53,-13,29
156,374,68,82,14,53,-15,29
320,359,122,136,14,107,-15,29
321,150,111,119,8,90,-21,29
45,228,177,197,20,168,-9,29
57,338,59,68,9,39,-20,29
475,254,190,202,12,173,-17,29
44,320,61,68,7,39,-22,29
84,257,171,182,11,153,-18,29
475,533,252,252,0,223,-29,29
415,335,214,226,12,197,-17,29
475,344,43,50,7,21,-22,29
146,289,135,151,16,122,-13,29
140,261,130,131,1,102,-28,29
321,300,164,177,13,148,-16,29
58,269,56,68,12,39,-17,29
58,284,34,50,16,21,-13,29
414,242,186,199,13,170,-16,29
255,269,109,122,13,93,-16,29
255,272,127,144,17,115,-12,29
255,274,143,154,11,125,-18,29
413,334,210,224,14,195,-15,29
321,358,136,146,10,117,-19,29
84,236,50,68,18,39,-11,29
322,207,85,93,8,64,-21,29
412,334,214,226,12,197,-17,29
44,276,95,105,10,76,-19,29
411,283,46,68,22,39,-7,29
59,258,66,68,2,39,-27,29
528,532,21,50,29,21,0,29
336,289,39,50,11,21,-18,29
78,292,92,107,15,78,-14,29
78,297,87,101,14,72,-15,29
238,302,151,167,16,138,-13,29
59,262,34,50,16,21,-13,29
478,279,46,50,4,21,-25,29
59,286,34,50,16,21,-13,29
59,287,43,50,7,21,-22,29
129,372,68,85,17,56,-12,29
409,332,201,219,18,190,-11,29
59,267,28,50,22,21,-7,29
59,285,21,50,29,21,0,29
322,358,129,146,17,117,-12,29
322,447,28,50,22,21,-7,29
237,293,142,156,14,127,-15,29
508,312,21,50,29,21,0,29
361,509,46,50,4,21,-25,29
362,294,28,50,22,21,-7,29
238,249,115,144,29,115,0,29
35,252,151,173,22,144,-7,29
408,333,219,230,11,201,-18,29
146,341,93,93,0,64,-29,29
323,210,43,68,25,39,-4,29
135,266,56,68,12,39,-17,29
135,267,59,68,9,39,-20,29
135,268,61,68,7,39,-22,29
211,307,168,180,12,151,-17,29
407,331,199,217,18,188,-11,29
43,322,28,50,22,21,-7,29
112,229,122,139,17,110,-12,29
406,332,217,228,11,199,-18,29
237,302,138,154,16,125,-13,29
529,271,136,151,15,122,-14,29
508,263,153,164,11,135,-18,29
157,251,152,160,8,131,-21,29
157,254,114,141,27,112,-2,29
211,305,178,184,6,155,-23,29
405,330,197,215,18,186,-11,29
22,333,43,68,25,39,-4,29
83,292,168,180,12,151,-17,29
212,236,144,169,25,140,-4,29
139,372,64,90,26,61,-3,29
323,358,124,146,22,117,-7,29
60,270,28,50,22,21,-7,29
60,271,34,50,16,21,-13,29
236,296,125,140,15,111,-14,29
335,472,46,50,4,21,-25,29
78,323,74,90,16,61,-13,29
157,268,132,147,15,118,-14,29
363,236,198,208,10,179,-19,29
363,283,234,245,11,216,-18,29
43,235,184,195,11,166,-18,29
23,270,170,170,0,141,-29,29
23,271,152,170,18,141,-11,29
83,262,170,183,13,154,-16,29
482,247,24,29,5,0,-24,29
481,255,181,194,13,165,-16,29
213,284,188,192,4,163,-25,29
23,304,64,90,26,61,-3,29
541,279,39,50,11,21,-18,29
324,183,56,68,12,39,-17,29
113,225,76,90,14,61,-15,29
335,275,74,93,19,64,-10,29
335,319,28,50,22,21,-7,29
236,301,125,139,14,110,-15,29
364,296,39,50,11,21,-18,29
364,317,208,215,7,186,-22,29
363,326,200,220,20,191,-9,29
402,516,252,254,2,225,-27,29
266,294,85,85,0,56,-29,29
266,295,84,85,1,56,-28,29
165,268,166,175,9,146,-20,29
165,273,172,183,11,154,-18,29
483,247,25,29,4,0,-25,29
402,354,223,223,0,194,-29,29
23,339,50,50,0,21,-29,29
147,289,132,151,19,122,-10,29
266,303,82,82,0,53,-29,29
129,255,167,180,13,151,-16,29
129,257,171,182,11,153,-18,29
28,256,115,144,29,115,0,29
27,346,43,50,7,21,-22,29
27,353,252,253,1,224,-28,29
157,325,153,165,12,136,-17,29
157,329,123,146,23,117,-6,29
129,252,171,181,10,152,-19,29
42,287,56,68,12,39,-17,29
165,228,189,193,4,164,-25,29
214,324,105,119,14,90,-15,29
135,276,50,72,22,43,-7,29
401,324,213,223,10,194,-19,29
215,233,252,253,1,224,-28,29
82,333,90,105,15,76,-14,29
82,334,87,101,14,72,-15,29
215,305,101,116,15,87,-14,29
215,306,105,116,11,87,-18,29
61,256,28,50,22,21,-7,29
157,377,90,93,3,64,-26,29
157,378,68,93,25,64,-4,29
366,324,218,228,10,199,-19,29
164,228,182,189,7,160,-22,29
61,274,34,50,16,21,-13,29
82,329,106,119,13,90,-16,29
42,232,206,221,15,192,-14,29
128,336,132,144,12,115,-17,29
216,288,99,118,19,89,-10,29
216,296,103,116,13,87,-16,29
139,335,78,82,4,53,-25,29
82,299,135,144,9,115,-20,29
256,329,92,93,1,64,-28,29
256,332,56,85,29,56,0,29
235,243,175,185,10,156,-19,29
235,247,115,144,29,115,0,29
368,237,191,204,13,175,-16,29
82,300,134,144,10,115,-19,29
486,256,172,184,12,155,-17,29
127,372,64,82,18,53,-11,29
163,256,166,175,9,146,-20,29
41,288,68,85,17,56,-12,29
82,296,133,151,18,122,-11,29
82,260,150,166,16,137,-13,29
397,235,87,105,18,76,-11,29
163,271,135,154,19,125,-10,29
396,320,223,223,0,194,-29,29
396,327,210,221,11,192,-18,29
163,262,127,148,21,119,-8,29
163,219,160,173,13,144,-16,29
138,238,147,156,9,127,-20,29
257,263,139,153,14,124,-15,29
368,327,200,217,17,188,-12,29
162,375,39,68,29,39,0,29
135,319,50,68,18,39,-11,29
396,240,186,199,13,170,-16,29
396,234,80,90,10,61,-19,29
488,275,207,207,0,178,-29,29
219,321,21,50,29,21,0,29
395,240,187,200,13,171,-16,29
489,257,172,184,12,155,-17,29
326,355,157,168,11,139,-18,29
394,326,208,219,11,190,-18,29
126,371,78,85,7,56,-22,29
219,319,28,50,22,21,-7,29
82,225,43,50,7,21,-22,29
82,226,46,50,4,21,-25,29
369,294,46,50,4,21,-25,29
233,352,82,109,27,80,-2,29
257,272,112,125,13,96,-16,29
257,273,117,132,15,103,-14,29
257,274,123,140,17,111,-12,29
138,255,84,103,19,74,-10,29
369,281,203,225,22,196,-7,29
82,224,34,50,16,21,-13,29
394,240,186,201,15,172,-14,29
125,380,84,85,1,56,-28,29
393,240,186,201,15,172,-14,29
40,294,76,90,14,61,-15,29
162,265,134,146,12,117,-17,29
25,262,194,199,5,170,-24,29
148,290,139,161,22,132,-7,29
392,325,206,218,12,189,-17,29
504,316,28,50,22,21,-7,29
370,318,212,226,14,197,-15,29
233,301,89,105,16,76,-13,29
150,291,163,173,10,144,-19,29
79,299,95,109,14,80,-15,29
369,331,217,225,8,196,-21,29
370,232,80,105,25,76,-4,29
158,268,125,147,22,118,-7,29
392,235,89,107,18,78,-11,29
392,240,187,201,14,172,-15,29
327,355,156,166,10,137,-19,29
391,283,43,50,7,21,-22,29
392,233,72,82,10,53,-19,29
391,282,21,50,29,21,0,29
114,229,131,141,10,112,-19,29
333,469,34,50,16,21,-13,29
79,306,95,109,14,80,-15,29
79,314,102,116,14,87,-15,29
233,304,90,107,17,78,-12,29
40,286,74,93,19,64,-10,29
161,376,43,68,25,39,-4,29
81,333,78,95,17,66,-12,29
81,322,117,130,13,101,-16,29
262,322,64,85,21,56,-8,29
40,265,84,103,19,74,-10,29
390,324,207,218,11,189,-18,29
123,215,70,72,2,43,-27,29
491,258,175,186,11,157,-18,29
491,334,222,229,7,200,-22,29
390,320,204,215,11,186,-18,29
81,298,118,135,17,106,-12,29
139,238,139,154,15,125,-14,29
221,328,126,135,9,106,-20,29
122,381,74,82,8,53,-21,29
122,210,254,255,1,226,-28,29
122,215,72,72,0,43,-29,29
372,238,194,207,13,178,-16,29
27,289,64,90,26,61,-3,29
79,326,78,95,17,66,-12,29
158,329,146,146,0,117,-29,29
371,331,200,220,20,191,-9,29
389,323,202,215,13,186,-16,29
389,360,46,50,4,21,-25,29
139,242,111,130,19,101,-10,29
81,302,115,132,17,103,-12,29
222,270,143,160,17,131,-12,29
222,292,169,179,10,150,-19,29
138,306,139,153,14,124,-15,29
222,293,170,179,9,150,-20,29
388,360,50,50,0,21,-29,29
222,281,154,155,1,126,-28,29
139,249,124,134,10,105,-19,29
387,322,199,214,15,185,-14,29
387,360,46,50,4,21,-25,29
388,75,254,254,0,225,-29,29
64,229,56,68,12,39,-17,29
386,240,194,207,13,178,-16,29
385,77,253,254,1,225,-28,29
385,240,195,208,13,179,-16,29
385,320,182,202,20,173,-9,29
160,370,95,105,10,76,-19,29
160,373,76,85,9,56,-20,29
384,361,46,50,4,21,-25,29
138,372,64,90,26,61,-3,29
373,333,210,223,13,194,-16,29
138,289,154,164,10,135,-19,29
372,328,214,225,11,196,-18,29
373,311,28,50,22,21,-7,29
502,311,28,50,22,21,-7,29
121,379,50,68,18,39,-11,29
261,273,93,116,23,87,-6,29
383,361,50,50,0,21,-29,29
224,305,146,158,12,129,-17,29
39,238,208,210,2,181,-27,29
495,318,28,50,22,21,-7,29
383,81,43,68,25,39,-4,29
383,82,64,68,4,39,-25,29
383,83,46,68,22,39,-7,29
383,234,80,101,21,72,-8,29
149,219,164,173,9,144,-20,29
496,55,253,253,0,224,-29,29
119,381,68,85,17,56,-12,29
149,380,66,85,19,56,-10,29
149,381,76,85,9,56,-20,29
258,277,130,144,14,115,-15,29
231,298,87,107,20,78,-9,29
382,310,21,50,29,21,0,29
382,83,53,68,15,39,-14,29
39,236,221,224,3,195,-26,29
160,254,143,164,21,135,-8,29
121,222,50,68,18,39,-11,29
330,286,34,50,16,21,-13,29
330,287,34,50,16,21,-13,29
330,288,39,50,11,21,-18,29
330,289,39,50,11,21,-18,29
332,277,21,50,29,21,0,29
374,510,21,50,29,21,0,29
381,83,53,68,15,39,-14,29
26,279,130,139,9,110,-20,29
80,331,74,90,16,61,-13,29
330,462,46,50,4,21,-25,29
330,463,50,50,0,21,-29,29
260,267,138,149,11,120,-18,29
120,381,72,85,13,56,-16,29
26,278,132,139,7,110,-22,29
149,290,144,163,19,134,-10,29
138,325,28,50,22,21,-7,29
80,276,173,184,11,155,-18,29
80,279,172,185,13,156,-16,29
159,305,93,111,18,82,-11,29
378,280,225,232,7,203,-22,29
38,238,188,210,22,181,-7,29
66,217,164,182,18,153,-11,29
120,222,50,68,18,39,-11,29
26,313,59,72,13,43,-16,29
501,261,161,173,12,144,-17,29
37,355,56,68,12,39,-17,29
259,275,112,125,13,96,-16,29
376,280,212,231,19,202,-10,29
229,301,120,127,7,98,-22,29
138,312,87,105,18,76,-11,29
138,313,78,95,17,66,-12,29
138,314,70,85,15,56,-14,29
259,264,146,162,16,133,-13,29
259,265,142,155,13,126,-16,29
332,114,111,114,3,85,-26,29
501,54,254,254,0,225,-29,29
184,226,153,173,20,144,-9,29
184,299,202,222,20,193,-9,29
51,266,66,68,2,39,-27,29
454,249,187,199,12,170,-17,29
30,249,169,187,18,158,-11,29
283,224,70,95,25,66,-4,29
10,559,61,90,29,61,0,29
575,519,21,28,7,0,-21,28
574,523,21,28,7,0,-21,28
574,522,28,28,0,0,-28,28
574,519,21,28,7,0,-21,28
574,283,21,28,7,0,-21,28
574,282,0,28,28,0,0,28
281,368,21,28,7,0,-21,28
282,368,21,28,7,0,-21,28
105,225,64,78,14,50,-14,28
50,337,21,28,7,0,-21,28
30,266,150,157,7,129,-21,28
342,176,28,56,28,28,0,28
342,186,53,56,3,28,-25,28
76,288,70,84,14,56,-14,28
342,88,106,112,6,84,-22,28
455,386,0,28,28,0,0,28
452,523,28,28,0,0,-28,28
453,240,21,28,7,0,-21,28
573,519,21,28,7,0,-21,28
573,522,21,28,7,0,-21,28
573,523,0,28,28,0,0,28
103,214,50,74,24,46,-4,28
285,368,21,28,7,0,-21,28
286,213,252,253,1,225,-27,28
286,219,96,102,6,74,-22,28
66,296,21,28,7,0,-21,28
66,306,21,28,7,0,-21,28
66,307,21,28,7,0,-21,28
66,308,21,28,7,0,-21,28
66,310,21,28,7,0,-21,28
66,311,0,28,28,0,0,28
66,312,0,28,28,0,0,28
66,313,21,28,7,0,-21,28
66,314,28,28,0,0,-28,28
66,315,28,28,0,0,-28,28
532,309,28,28,0,0,-28,28
500,261,166,178,12,150,-16,28
500,320,0,28,28,0,0,28
500,363,21,28,7,0,-21,28
500,526,21,28,7,0,-21,28
375,334,204,219,15,191,-13,28
259,278,124,139,15,111,-13,28
331,399,21,28,7,0,-21,28
331,400,0,28,28,0,0,28
331,401,0,28,28,0,0,28
376,307,28,28,0,0,-28,28
376,308,21,28,7,0,-21,28
66,274,21,28,7,0,-21,28
229,302,117,126,9,98,-19,28
376,335,209,222,13,194,-15,28
499,365,21,28,7,0,-21,28
499,526,21,28,7,0,-21,28
230,289,133,143,10,115,-18,28
66,291,21,28,7,0,-21,28
66,292,21,28,7,0,-21,28
66,294,0,28,28,0,0,28
66,295,0,28,28,0,0,28
533,264,0,28,28,0,0,28
332,194,24,28,4,0,-24,28
332,195,13,28,15,0,-13,28
80,248,59,74,15,46,-13,28
66,323,28,28,0,0,-28,28
66,324,21,28,7,0,-21,28
66,331,21,28,7,0,-21,28
66,332,28,28,0,0,-28,28
66,333,21,28,7,0,-21,28
66,334,0,28,28,0,0,28
37,298,80,87,7,59,-21,28
377,416,21,28,7,0,-21,28
500,251,21,28,7,0,-21,28
376,416,21,28,7,0,-21,28
331,398,21,28,7,0,-21,28
259,274,109,120,11,92,-17,28
159,329,131,146,15,118,-13,28
499,251,21,28,7,0,-21,28
378,357,225,226,1,198,-27,28
378,413,0,28,28,0,0,28
378,416,21,28,7,0,-21,28
149,306,70,89,19,61,-9,28
378,306,21,28,7,0,-21,28
499,364,21,28,7,0,-21,28
66,216,157,181,24,153,-4,28
66,257,39,56,17,28,-11,28
377,239,193,204,11,176,-17,28
377,307,28,28,0,0,-28,28
377,413,0,28,28,0,0,28
375,414,0,28,28,0,0,28
375,416,21,28,7,0,-21,28
532,310,28,28,0,0,-28,28
65,313,28,28,0,0,-28,28
65,314,21,28,7,0,-21,28
65,315,0,28,28,0,0,28
65,330,21,28,7,0,-21,28
65,331,21,28,7,0,-21,28
65,332,0,28,28,0,0,28
65,333,0,28,28,0,0,28
65,343,21,28,7,0,-21,28
379,306,21,28,7,0,-21,28
379,320,212,223,11,195,-17,28
379,415,21,28,7,0,-21,28
80,295,112,129,17,101,-11,28
331,278,21,28,7,0,-21,28
80,277,173,185,12,157,-16,28
80,278,173,185,12,157,-16,28
533,308,28,28,0,0,-28,28
65,296,28,28,0,0,-28,28
380,305,21,28,7,0,-21,28
380,415,21,28,7,0,-21,28
260,275,103,115,12,87,-16,28
260,265,149,164,15,136,-13,28
65,316,0,28,28,0,0,28
65,322,21,28,7,0,-21,28
65,323,0,28,28,0,0,28
65,324,21,28,7,0,-21,28
498,365,21,28,7,0,-21,28
159,347,102,115,13,87,-15,28
498,526,21,28,7,0,-21,28
498,533,21,28,7,0,-21,28
65,307,28,28,0,0,-28,28
65,308,21,28,7,0,-21,28
65,312,21,28,7,0,-21,28
160,252,162,172,10,144,-18,28
65,271,0,28,28,0,0,28
65,272,0,28,28,0,0,28
65,273,21,28,7,0,-21,28
65,274,28,28,0,0,-28,28
496,365,21,28,7,0,-21,28
80,329,80,96,16,68,-12,28
330,399,28,28,0,0,-28,28
330,400,28,28,0,0,-28,28
330,401,21,28,7,0,-21,28
330,402,21,28,7,0,-21,28
330,403,0,28,28,0,0,28
65,291,21,28,7,0,-21,28
65,293,0,28,28,0,0,28
65,294,0,28,28,0,0,28
65,295,28,28,0,0,-28,28
37,304,68,78,10,50,-18,28
501,319,28,28,0,0,-28,28
501,320,0,28,28,0,0,28
375,308,21,28,7,0,-21,28
375,309,21,28,7,0,-21,28
66,316,21,28,7,0,-21,28
66,317,21,28,7,0,-21,28
66,318,21,28,7,0,-21,28
66,322,28,28,0,0,-28,28
80,222,39,56,17,28,-11,28
532,269,106,120,14,92,-14,28
374,414,0,28,28,0,0,28
374,514,248,252,4,224,-24,28
66,343,21,28,7,0,-21,28
330,313,34,44,10,16,-18,28
497,526,21,28,7,0,-21,28
381,412,0,28,28,0,0,28
381,415,21,28,7,0,-21,28
496,250,21,28,7,0,-21,28
496,366,21,28,7,0,-21,28
496,367,0,28,28,0,0,28
496,525,21,28,7,0,-21,28
496,532,21,28,7,0,-21,28
497,250,21,28,7,0,-21,28
497,365,21,28,7,0,-21,28
121,227,135,144,9,116,-19,28
260,304,111,123,12,95,-16,28
330,274,28,28,0,0,-28,28
330,275,0,28,28,0,0,28
330,276,0,28,28,0,0,28
330,278,21,28,7,0,-21,28
330,312,34,44,10,16,-18,28
332,397,21,28,7,0,-21,28
332,398,21,28,7,0,-21,28
332,400,0,28,28,0,0,28
258,273,111,123,12,95,-16,28
258,276,125,140,15,112,-13,28
374,290,28,28,0,0,-28,28
501,526,21,28,7,0,-21,28
135,353,64,74,10,46,-18,28
67,216,153,168,15,140,-13,28
225,292,151,167,16,139,-12,28
225,293,149,166,17,138,-11,28
382,414,21,28,7,0,-21,28
330,200,34,56,22,28,-6,28
225,306,129,146,17,118,-11,28
495,366,28,28,0,0,-28,28
495,367,21,28,7,0,-21,28
64,341,21,28,7,0,-21,28
64,342,21,28,7,0,-21,28
329,355,154,165,11,137,-17,28
329,402,28,28,0,0,-28,28
329,403,21,28,7,0,-21,28
329,406,0,28,28,0,0,28
160,342,85,106,21,78,-7,28
383,240,197,209,12,181,-16,28
160,336,102,115,13,87,-15,28
160,337,95,110,15,82,-13,28
534,307,28,28,0,0,-28,28
534,530,21,28,7,0,-21,28
81,207,249,251,2,223,-26,28
495,525,21,28,7,0,-21,28
375,229,28,56,28,28,0,28
501,251,21,28,7,0,-21,28
494,367,21,28,7,0,-21,28
494,525,21,28,7,0,-21,28
149,216,162,173,11,145,-17,28
329,277,21,28,7,0,-21,28
329,278,0,28,28,0,0,28
329,279,21,28,7,0,-21,28
329,280,21,28,7,0,-21,28
329,281,28,28,0,0,-28,28
224,309,125,142,17,114,-11,28
383,414,21,28,7,0,-21,28
64,322,21,28,7,0,-21,28
64,323,21,28,7,0,-21,28
64,324,21,28,7,0,-21,28
64,328,21,28,7,0,-21,28
64,329,21,28,7,0,-21,28
64,330,21,28,7,0,-21,28
37,284,80,92,12,64,-16,28
501,363,21,28,7,0,-21,28
258,264,140,153,13,125,-15,28
372,417,21,28,7,0,-21,28
67,274,21,28,7,0,-21,28
502,261,156,168,12,140,-16,28
502,319,28,28,0,0,-28,28
502,320,0,28,28,0,0,28
502,362,28,28,0,0,-28,28
502,363,21,28,7,0,-21,28
64,294,28,28,0,0,-28,28
64,295,28,28,0,0,-28,28
64,307,21,28,7,0,-21,28
64,308,0,28,28,0,0,28
64,312,21,28,7,0,-21,28
64,313,0,28,28,0,0,28
64,271,21,28,7,0,-21,28
64,272,28,28,0,0,-28,28
64,273,28,28,0,0,-28,28
385,288,34,56,22,28,-6,28
39,262,123,140,17,112,-11,28
64,314,0,28,28,0,0,28
384,279,226,245,19,217,-9,28
384,411,0,28,28,0,0,28
384,414,21,28,7,0,-21,28
64,290,28,28,0,0,-28,28
148,381,66,84,18,56,-10,28
329,275,28,28,0,0,-28,28
329,276,21,28,7,0,-21,28
384,240,196,208,12,180,-16,28
64,293,21,28,7,0,-21,28
373,414,21,28,7,0,-21,28
63,339,21,28,7,0,-21,28
493,525,21,28,7,0,-21,28
39,290,84,96,12,68,-16,28
494,259,169,181,12,153,-16,28
386,321,192,209,17,181,-11,28
386,413,21,28,7,0,-21,28
39,274,131,131,0,103,-28,28
385,322,209,220,11,192,-17,28
385,411,0,28,28,0,0,28
386,232,68,74,6,46,-22,28
493,367,21,28,7,0,-21,28
493,371,21,28,7,0,-21,28
329,188,21,28,7,0,-21,28
535,307,28,28,0,0,-28,28
64,291,0,28,28,0,0,28
64,292,0,28,28,0,0,28
63,293,28,28,0,0,-28,28
222,291,167,178,11,150,-17,28
328,355,154,165,11,137,-17,28
328,403,21,28,7,0,-21,28
328,404,21,28,7,0,-21,28
328,405,21,28,7,0,-21,28
328,406,21,28,7,0,-21,28
328,407,21,28,7,0,-21,28
63,340,21,28,7,0,-21,28
387,413,21,28,7,0,-21,28
63,328,21,28,7,0,-21,28
492,319,0,28,28,0,0,28
492,371,21,28,7,0,-21,28
492,372,28,28,0,0,-28,28
536,56,28,28,0,0,-28,28
536,265,0,28,28,0,0,28
388,413,21,28,7,0,-21,28
222,282,155,156,1,128,-27,28
328,283,21,28,7,0,-21,28
328,284,21,28,7,0,-21,28
328,285,21,28,7,0,-21,28
328,288,21,28,7,0,-21,28
81,281,185,191,6,163,-22,28
262,270,131,140,9,112,-19,28
492,524,21,28,7,0,-21,28
39,327,21,28,7,0,-21,28
39,328,21,28,7,0,-21,28
39,329,21,28,7,0,-21,28
161,275,134,152,18,124,-10,28
63,290,21,28,7,0,-21,28
63,291,0,28,28,0,0,28
63,292,21,28,7,0,-21,28
67,292,21,28,7,0,-21,28
67,293,21,28,7,0,-21,28
67,294,21,28,7,0,-21,28
67,295,21,28,7,0,-21,28
67,296,21,28,7,0,-21,28
150,248,99,120,21,92,-7,28
67,310,21,28,7,0,-21,28
67,311,28,28,0,0,-28,28
67,312,21,28,7,0,-21,28
67,313,21,28,7,0,-21,28
67,322,21,28,7,0,-21,28
67,323,21,28,7,0,-21,28
67,324,21,28,7,0,-21,28
67,333,28,28,0,0,-28,28
67,334,21,28,7,0,-21,28
388,410,0,28,28,0,0,28
36,304,61,78,17,50,-11,28
503,320,0,28,28,0,0,28
371,329,196,214,18,186,-10,28
371,415,0,28,28,0,0,28
371,417,21,28,7,0,-21,28
504,254,0,28,28,0,0,28
491,369,0,28,28,0,0,28
491,371,0,28,28,0,0,28
491,372,21,28,7,0,-21,28
161,314,135,150,15,122,-13,28
161,320,149,162,13,134,-15,28
328,280,0,28,28,0,0,28
328,281,21,28,7,0,-21,28
328,282,21,28,7,0,-21,28
40,243,168,180,12,152,-16,28
491,524,21,28,7,0,-21,28
327,408,0,28,28,0,0,28
390,411,21,28,7,0,-21,28
123,371,66,78,12,50,-16,28
40,260,105,126,21,98,-7,28
491,319,0,28,28,0,0,28
491,368,21,28,7,0,-21,28
390,321,189,213,24,185,-4,28
536,296,28,28,0,0,-28,28
536,297,28,28,0,0,-28,28
536,306,28,28,0,0,-28,28
389,412,21,28,7,0,-21,28
67,343,0,28,28,0,0,28
138,272,34,56,22,28,-6,28
333,397,21,28,7,0,-21,28
503,252,21,28,7,0,-21,28
503,319,28,28,0,0,-28,28
490,319,0,28,28,0,0,28
371,238,196,208,12,180,-16,28
371,293,34,56,22,28,-6,28
67,344,21,28,7,0,-21,28
67,345,21,28,7,0,-21,28
333,399,0,28,28,0,0,28
79,307,96,110,14,82,-14,28
150,283,122,139,17,111,-11,28
370,415,0,28,28,0,0,28
370,417,21,28,7,0,-21,28
503,362,21,28,7,0,-21,28
503,363,0,28,28,0,0,28
40,292,90,96,6,68,-22,28
490,368,28,28,0,0,-28,28
490,369,21,28,7,0,-21,28
327,407,21,28,7,0,-21,28
158,281,153,167,14,139,-14,28
150,286,137,150,13,122,-15,28
531,268,96,106,10,78,-18,28
334,232,212,221,9,193,-19,28
369,415,21,28,7,0,-21,28
369,417,21,28,7,0,-21,28
68,316,21,28,7,0,-21,28
392,410,21,28,7,0,-21,28
490,320,0,28,28,0,0,28
162,257,146,166,20,138,-8,28
327,289,21,28,7,0,-21,28
263,272,124,134,10,106,-18,28
490,524,21,28,7,0,-21,28
391,409,0,28,28,0,0,28
391,410,0,28,28,0,0,28
391,411,21,28,7,0,-21,28
139,285,95,115,20,87,-8,28
489,524,21,28,7,0,-21,28
40,293,84,92,8,64,-20,28
40,300,68,74,6,46,-22,28
162,273,127,151,24,123,-4,28
25,274,143,148,5,120,-23,28
25,275,123,145,22,117,-6,28
25,283,76,89,13,61,-15,28
537,55,28,28,0,0,-28,28
62,328,21,28,7,0,-21,28
62,334,0,28,28,0,0,28
62,335,21,28,7,0,-21,28
62,336,21,28,7,0,-21,28
62,337,21,28,7,0,-21,28
62,338,21,28,7,0,-21,28
504,252,21,28,7,0,-21,28
126,216,53,56,3,28,-25,28
489,319,0,28,28,0,0,28
489,320,0,28,28,0,0,28
40,319,39,56,17,28,-11,28
62,313,21,28,7,0,-21,28
62,314,21,28,7,0,-21,28
62,315,21,28,7,0,-21,28
62,316,21,28,7,0,-21,28
393,322,194,212,18,184,-10,28
393,408,0,28,28,0,0,28
393,409,0,28,28,0,0,28
327,199,85,92,7,64,-21,28
327,206,46,56,10,28,-18,28
327,231,220,225,5,197,-23,28
327,282,0,28,28,0,0,28
139,281,68,78,10,50,-18,28
68,318,21,28,7,0,-21,28
369,328,194,214,20,186,-8,28
368,416,0,28,28,0,0,28
368,417,0,28,28,0,0,28
234,289,117,130,13,102,-15,28
234,291,112,124,12,96,-16,28
68,306,21,28,7,0,-21,28
68,307,21,28,7,0,-21,28
326,409,21,28,7,0,-21,28
326,410,0,28,28,0,0,28
139,306,130,144,14,116,-14,28
139,309,112,129,17,101,-11,28
537,295,28,28,0,0,-28,28
537,296,28,28,0,0,-28,28
82,220,53,56,3,28,-25,28
394,321,212,222,10,194,-18,28
326,285,21,28,7,0,-21,28
326,286,0,28,28,0,0,28
326,289,21,28,7,0,-21,28
40,327,21,28,7,0,-21,28
489,369,21,28,7,0,-21,28
489,370,0,28,28,0,0,28
394,408,0,28,28,0,0,28
394,409,0,28,28,0,0,28
219,318,28,56,28,28,0,28
537,304,28,28,0,0,-28,28
537,305,28,28,0,0,-28,28
538,55,28,28,0,0,-28,28
24,305,84,92,8,64,-20,28
326,407,28,28,0,0,-28,28
326,408,21,28,7,0,-21,28
68,317,21,28,7,0,-21,28
139,322,39,56,17,28,-11,28
126,380,85,87,2,59,-26,28
126,385,254,254,0,226,-28,28
396,235,89,106,17,78,-11,28
162,344,124,134,10,106,-18,28
488,319,0,28,28,0,0,28
162,327,120,142,22,114,-6,28
41,232,209,228,19,200,-9,28
395,316,21,28,7,0,-21,28
488,369,28,28,0,0,-28,28
488,370,21,28,7,0,-21,28
488,414,21,28,7,0,-21,28
488,415,28,28,0,0,-28,28
488,416,21,28,7,0,-21,28
488,320,0,28,28,0,0,28
264,277,93,115,22,87,-6,28
68,308,21,28,7,0,-21,28
68,309,21,28,7,0,-21,28
68,315,21,28,7,0,-21,28
504,319,28,28,0,0,-28,28
504,320,0,28,28,0,0,28
257,239,249,253,4,225,-24,28
257,261,151,163,12,135,-16,28
257,262,145,158,13,130,-15,28
504,361,28,28,0,0,-28,28
504,362,21,28,7,0,-21,28
504,527,0,28,28,0,0,28
368,281,200,224,24,196,-4,28
368,326,212,223,11,195,-17,28
396,316,21,28,7,0,-21,28
487,320,0,28,28,0,0,28
538,294,28,28,0,0,-28,28
486,529,0,28,28,0,0,28
486,530,21,28,7,0,-21,28
41,287,66,84,18,56,-10,28
163,266,119,146,27,118,-1,28
163,224,114,131,17,103,-11,28
163,228,181,184,3,156,-25,28
487,319,0,28,28,0,0,28
163,259,138,162,24,134,-4,28
163,261,131,155,24,127,-4,28
163,265,118,145,27,117,-1,28
487,370,21,28,7,0,-21,28
487,371,0,28,28,0,0,28
487,414,0,28,28,0,0,28
487,415,0,28,28,0,0,28
487,416,0,28,28,0,0,28
487,531,21,28,7,0,-21,28
24,283,89,98,9,70,-19,28
82,283,186,195,9,167,-19,28
486,370,28,28,0,0,-28,28
486,371,21,28,7,0,-21,28
397,316,21,28,7,0,-21,28
61,331,0,28,28,0,0,28
61,332,0,28,28,0,0,28
61,333,21,28,7,0,-21,28
127,371,80,87,7,59,-21,28
61,341,43,56,13,28,-15,28
486,319,0,28,28,0,0,28
486,320,0,28,28,0,0,28
24,294,89,102,13,74,-15,28
538,295,28,28,0,0,-28,28
82,297,133,146,13,118,-15,28
396,408,0,28,28,0,0,28
398,316,21,28,7,0,-21,28
398,328,212,222,10,194,-18,28
82,301,132,143,11,115,-17,28
325,356,146,161,15,133,-13,28
538,303,28,28,0,0,-28,28
538,304,28,28,0,0,-28,28
539,54,21,49,28,21,0,28
539,266,0,28,28,0,0,28
485,371,21,28,7,0,-21,28
485,372,0,28,28,0,0,28
41,319,43,56,13,28,-15,28
397,408,0,28,28,0,0,28
397,407,0,28,28,0,0,28
139,336,78,84,6,56,-22,28
139,311,95,112,17,84,-11,28
24,282,85,98,13,70,-15,28
216,303,87,98,11,70,-17,28
216,329,126,130,4,102,-24,28
68,329,21,28,7,0,-21,28
234,305,107,118,11,90,-17,28
68,346,21,28,7,0,-21,28
138,244,102,120,18,92,-10,28
529,529,0,28,28,0,0,28
367,330,218,225,7,197,-21,28
367,418,21,28,7,0,-21,28
68,347,21,28,7,0,-21,28
68,348,21,28,7,0,-21,28
68,349,0,28,28,0,0,28
68,350,0,28,28,0,0,28
485,256,175,188,13,160,-15,28
61,312,21,28,7,0,-21,28
61,326,21,28,7,0,-21,28
24,272,141,152,11,124,-17,28
147,299,172,188,16,160,-12,28
265,359,70,96,26,68,-2,28
539,294,21,28,7,0,-21,28
399,316,21,28,7,0,-21,28
42,226,243,251,8,223,-20,28
61,307,28,28,0,0,-28,28
61,308,21,28,7,0,-21,28
399,232,28,56,28,28,0,28
163,387,253,253,0,225,-28,28
82,298,134,144,10,116,-18,28
485,319,0,28,28,0,0,28
485,320,0,28,28,0,0,28
41,327,21,28,7,0,-21,28
41,328,0,28,28,0,0,28
163,379,61,74,13,46,-15,28
506,58,28,28,0,0,-28,28
506,253,21,28,7,0,-21,28
366,325,207,220,13,192,-15,28
366,328,200,220,20,192,-8,28
366,418,21,28,7,0,-21,28
365,327,197,220,23,192,-5,28
235,350,85,110,25,82,-3,28
365,418,21,28,7,0,-21,28
505,320,0,28,28,0,0,28
36,234,245,252,7,224,-21,28
505,361,21,28,7,0,-21,28
399,406,0,28,28,0,0,28
399,407,0,28,28,0,0,28
400,235,84,96,12,68,-16,28
484,372,21,28,7,0,-21,28
484,373,0,28,28,0,0,28
401,316,21,28,7,0,-21,28
164,316,141,161,20,133,-8,28
400,406,0,28,28,0,0,28
61,229,56,74,18,46,-10,28
483,372,28,28,0,0,-28,28
324,356,147,161,14,133,-14,28
484,319,0,28,28,0,0,28
42,237,176,195,19,167,-9,28
400,316,21,28,7,0,-21,28
400,325,194,213,19,185,-9,28
128,372,66,84,18,56,-10,28
484,371,28,28,0,0,-28,28
164,276,176,184,8,156,-20,28
215,294,116,133,17,105,-11,28
150,344,66,74,8,46,-20,28
505,527,21,28,7,0,-21,28
506,320,0,28,28,0,0,28
506,360,21,28,7,0,-21,28
506,361,21,28,7,0,-21,28
157,335,96,117,21,89,-7,28
506,527,21,28,7,0,-21,28
365,282,214,231,17,203,-11,28
69,315,21,28,7,0,-21,28
69,316,0,28,28,0,0,28
69,317,0,28,28,0,0,28
364,328,220,225,5,197,-23,28
401,406,0,28,28,0,0,28
83,220,28,56,28,28,0,28
266,276,126,133,7,105,-21,28
401,330,217,228,11,200,-17,28
483,319,0,28,28,0,0,28
483,373,0,28,28,0,0,28
165,269,166,175,9,147,-19,28
165,270,167,177,10,149,-18,28
165,272,168,181,13,153,-15,28
165,274,175,184,9,156,-19,28
60,325,0,28,28,0,0,28
402,316,21,28,7,0,-21,28
482,372,28,28,0,0,-28,28
482,373,21,28,7,0,-21,28
24,253,253,254,1,226,-27,28
147,291,155,167,12,139,-16,28
266,297,84,84,0,56,-28,28
266,298,84,84,0,56,-28,28
266,299,84,84,0,56,-28,28
266,300,84,84,0,56,-28,28
266,301,84,84,0,56,-28,28
505,362,0,28,28,0,0,28
60,326,21,28,7,0,-21,28
364,417,0,28,28,0,0,28
364,418,0,28,28,0,0,28
335,285,28,28,0,0,-28,28
256,275,140,151,11,123,-17,28
256,261,144,157,13,129,-15,28
256,271,115,127,12,99,-16,28
69,350,0,28,28,0,0,28
507,58,28,28,0,0,-28,28
507,253,21,28,7,0,-21,28
363,418,0,28,28,0,0,28
60,329,0,28,28,0,0,28
60,330,0,28,28,0,0,28
60,331,21,28,7,0,-21,28
60,337,34,56,22,28,-6,28
266,296,84,84,0,56,-28,28
42,320,39,56,17,28,-11,28
481,247,21,28,7,0,-21,28
129,266,186,196,10,168,-18,28
403,405,0,28,28,0,0,28
481,373,21,28,7,0,-21,28
481,374,0,28,28,0,0,28
42,328,21,28,7,0,-21,28
42,329,21,28,7,0,-21,28
482,319,0,28,28,0,0,28
60,307,21,28,7,0,-21,28
60,308,0,28,28,0,0,28
60,309,21,28,7,0,-21,28
60,310,21,28,7,0,-21,28
403,316,21,28,7,0,-21,28
541,291,28,28,0,0,-28,28
541,292,21,28,7,0,-21,28
404,405,0,28,28,0,0,28
60,266,21,28,7,0,-21,28
236,295,126,140,14,112,-14,28
78,324,72,87,15,59,-13,28
507,320,0,28,28,0,0,28
35,255,152,161,9,133,-19,28
363,298,21,28,7,0,-21,28
363,299,21,28,7,0,-21,28
363,300,21,28,7,0,-21,28
35,294,89,106,17,78,-11,28
508,253,21,28,7,0,-21,28
135,377,68,89,21,61,-7,28
481,319,0,28,28,0,0,28
404,241,195,206,11,178,-17,28
404,316,21,28,7,0,-21,28
542,267,0,28,28,0,0,28
479,246,22,28,6,0,-22,28
479,247,13,28,15,0,-13,28
543,289,28,28,0,0,-28,28
323,285,53,56,3,28,-25,28
542,290,28,28,0,0,-28,28
480,373,28,28,0,0,-28,28
480,374,0,28,28,0,0,28
405,316,21,28,7,0,-21,28
212,287,195,197,2,169,-26,28
480,64,21,28,7,0,-21,28
542,291,28,28,0,0,-28,28
83,289,174,186,12,158,-16,28
323,357,141,152,11,124,-17,28
212,311,154,164,10,136,-18,28
405,289,43,56,13,28,-15,28
43,256,151,152,1,124,-27,28
362,308,0,28,28,0,0,28
362,309,21,28,7,0,-21,28
362,418,21,28,7,0,-21,28
507,321,0,28,28,0,0,28
507,527,21,28,7,0,-21,28
255,334,56,84,28,56,0,28
138,223,56,78,22,50,-6,28
151,212,143,157,14,129,-14,28
529,268,98,110,12,82,-16,28
157,258,130,148,18,120,-10,28
362,307,0,28,28,0,0,28
480,255,184,197,13,169,-15,28
166,305,101,120,19,92,-9,28
405,404,0,28,28,0,0,28
405,405,21,28,7,0,-21,28
479,64,21,28,7,0,-21,28
407,404,0,28,28,0,0,28
407,480,0,28,28,0,0,28
59,325,28,28,0,0,-28,28
59,326,21,28,7,0,-21,28
407,316,21,28,7,0,-21,28
112,227,99,112,13,84,-15,28
112,228,110,126,16,98,-12,28
267,309,46,74,28,46,0,28
542,530,21,28,7,0,-21,28
542,531,21,28,7,0,-21,28
479,373,28,28,0,0,-28,28
479,374,21,28,7,0,-21,28
479,375,0,28,28,0,0,28
406,316,21,28,7,0,-21,28
406,317,0,28,28,0,0,28
406,404,0,28,28,0,0,28
59,307,21,28,7,0,-21,28
508,320,0,28,28,0,0,28
508,321,0,28,28,0,0,28
157,220,142,162,20,134,-8,28
362,297,0,28,28,0,0,28
362,300,0,28,28,0,0,28
362,306,0,28,28,0,0,28
78,314,89,102,13,74,-15,28
336,286,21,28,7,0,-21,28
361,283,242,248,6,220,-22,28
361,309,21,28,7,0,-21,28
59,308,21,28,7,0,-21,28
59,309,28,28,0,0,-28,28
408,403,0,28,28,0,0,28
22,315,56,56,0,28,-28,28
543,530,0,28,28,0,0,28
478,246,21,28,7,0,-21,28
409,403,0,28,28,0,0,28
43,343,21,28,7,0,-21,28
43,344,21,28,7,0,-21,28
43,345,21,28,7,0,-21,28
43,346,21,28,7,0,-21,28
43,347,28,28,0,0,-28,28
43,348,28,28,0,0,-28,28
43,349,28,28,0,0,-28,28
478,374,28,28,0,0,-28,28
478,375,21,28,7,0,-21,28
408,480,21,28,7,0,-21,28
323,182,50,74,24,46,-4,28
59,327,0,28,28,0,0,28
59,328,0,28,28,0,0,28
59,335,39,56,17,28,-11,28
34,352,39,56,17,28,-11,28
508,527,21,28,7,0,-21,28
509,254,21,28,7,0,-21,28
509,320,0,28,28,0,0,28
509,321,0,28,28,0,0,28
528,320,21,28,7,0,-21,28
528,322,21,28,7,0,-21,28
528,323,28,28,0,0,-28,28
528,529,0,28,28,0,0,28
528,530,28,28,0,0,-28,28
78,296,89,102,13,74,-15,28
209,232,252,253,1,225,-27,28
544,53,21,28,7,0,-21,28
22,293,56,78,22,50,-6,28
59,268,39,56,17,28,-11,28
477,464,21,28,7,0,-21,28
544,530,0,28,28,0,0,28
544,531,21,28,7,0,-21,28
545,49,253,254,1,226,-27,28
22,289,66,92,26,64,-2,28
22,290,64,92,28,64,0,28
412,402,0,28,28,0,0,28
412,479,21,28,7,0,-21,28
84,218,28,56,28,28,0,28
543,531,28,28,0,0,-28,28
44,248,89,110,21,82,-7,28
411,402,0,28,28,0,0,28
411,479,21,28,7,0,-21,28
59,229,66,74,8,46,-20,28
477,375,21,28,7,0,-21,28
477,376,0,28,28,0,0,28
44,223,244,252,8,224,-20,28
78,299,84,98,14,70,-14,28
255,259,151,162,11,134,-17,28
255,260,144,156,12,128,-16,28
70,318,21,28,7,0,-21,28
70,322,21,28,7,0,-21,28
70,323,21,28,7,0,-21,28
70,338,21,28,7,0,-21,28
70,339,21,28,7,0,-21,28
414,401,0,28,28,0,0,28
58,323,21,28,7,0,-21,28
58,324,21,28,7,0,-21,28
58,326,21,28,7,0,-21,28
413,402,0,28,28,0,0,28
476,376,21,28,7,0,-21,28
476,464,21,28,7,0,-21,28
544,297,28,28,0,0,-28,28
416,73,37,37,0,9,-28,28
58,248,66,78,12,50,-16,28
476,375,28,28,0,0,-28,28
475,376,21,28,7,0,-21,28
545,53,28,28,0,0,-28,28
22,305,80,92,12,64,-16,28
414,478,0,28,28,0,0,28
415,73,37,37,0,9,-28,28
415,242,183,194,11,166,-17,28
44,285,72,84,12,56,-16,28
44,271,115,117,2,89,-26,28
360,360,224,224,0,196,-28,28
70,315,28,28,0,0,-28,28
70,316,28,28,0,0,-28,28
70,317,21,28,7,0,-21,28
238,292,155,170,15,142,-13,28
474,377,0,28,28,0,0,28
474,528,21,28,7,0,-21,28
475,246,0,28,28,0,0,28
416,335,210,223,13,195,-15,28
416,401,0,28,28,0,0,28
416,478,21,28,7,0,-21,28
44,331,21,28,7,0,-21,28
44,304,74,87,13,59,-15,28
44,346,0,28,28,0,0,28
44,347,0,28,28,0,0,28
84,258,172,184,12,156,-16,28
22,291,64,87,23,59,-5,28
475,377,0,28,28,0,0,28
475,528,21,28,7,0,-21,28
476,245,22,28,6,0,-22,28
415,478,21,28,7,0,-21,28
45,238,148,160,12,132,-16,28
45,242,84,98,14,70,-14,28
418,401,21,28,7,0,-21,28
546,53,28,28,0,0,-28,28
21,315,34,56,22,28,-6,28
84,295,164,174,10,146,-18,28
84,296,160,172,12,144,-16,28
418,73,37,37,0,9,-28,28
418,317,21,28,7,0,-21,28
417,73,37,37,0,9,-28,28
417,317,21,28,7,0,-21,28
417,401,21,28,7,0,-21,28
205,303,161,173,12,145,-16,28
44,348,0,28,28,0,0,28
44,349,21,28,7,0,-21,28
474,376,28,28,0,0,-28,28
419,401,21,28,7,0,-21,28
70,340,21,28,7,0,-21,28
360,320,206,214,8,186,-20,28
115,213,66,78,12,50,-16,28
254,335,61,84,23,56,-5,28
156,375,76,89,13,61,-15,28
156,377,93,96,3,68,-25,28
156,378,84,96,12,68,-16,28
156,379,74,96,22,68,-6,28
509,527,21,28,7,0,-21,28
510,254,21,28,7,0,-21,28
57,269,68,78,10,50,-18,28
473,378,0,28,28,0,0,28
473,528,28,28,0,0,-28,28
170,223,172,192,20,164,-8,28
45,237,159,172,13,144,-15,28
140,306,124,137,13,109,-15,28
146,215,175,188,13,160,-15,28
420,401,21,28,7,0,-21,28
421,317,21,28,7,0,-21,28
170,306,105,123,18,95,-10,28
473,376,28,28,0,0,-28,28
473,377,21,28,7,0,-21,28
420,317,21,28,7,0,-21,28
57,255,72,78,6,50,-22,28
420,399,0,28,28,0,0,28
420,400,0,28,28,0,0,28
320,210,80,87,7,59,-21,28
547,53,28,28,0,0,-28,28
419,73,37,37,0,9,-28,28
419,317,21,28,7,0,-21,28
419,399,0,28,28,0,0,28
70,352,21,28,7,0,-21,28
509,327,213,222,9,194,-19,28
137,346,64,74,10,46,-18,28
527,320,21,28,7,0,-21,28
527,322,0,28,28,0,0,28
527,323,28,28,0,0,-28,28
527,529,21,28,7,0,-21,28
527,530,28,28,0,0,-28,28
34,272,74,78,4,50,-24,28
34,275,56,74,18,46,-10,28
421,399,0,28,28,0,0,28
421,400,21,28,7,0,-21,28
421,401,28,28,0,0,-28,28
421,476,0,28,28,0,0,28
421,517,28,28,0,0,-28,28
547,285,28,28,0,0,-28,28
21,291,74,87,13,59,-15,28
21,294,72,74,2,46,-26,28
270,293,72,84,12,56,-16,28
423,235,21,28,7,0,-21,28
85,215,28,56,28,28,0,28
85,218,34,56,22,28,-6,28
85,219,39,56,17,28,-11,28
85,220,43,56,13,28,-15,28
422,399,0,28,28,0,0,28
422,400,21,28,7,0,-21,28
422,476,0,28,28,0,0,28
422,317,21,28,7,0,-21,28
472,377,28,28,0,0,-28,28
472,378,0,28,28,0,0,28
472,528,28,28,0,0,-28,28
70,351,21,28,7,0,-21,28
472,244,26,28,2,0,-26,28
56,334,53,56,3,28,-25,28
111,214,50,74,24,46,-4,28
270,369,253,253,0,225,-28,28
547,532,0,28,28,0,0,28
548,53,21,28,7,0,-21,28
21,289,92,92,0,64,-28,28
21,290,87,92,5,64,-23,28
202,310,110,120,10,92,-18,28
423,398,0,28,28,0,0,28
423,399,0,28,28,0,0,28
423,400,28,28,0,0,-28,28
423,476,0,28,28,0,0,28
202,300,148,156,8,128,-20,28
424,235,21,28,7,0,-21,28
471,377,28,28,0,0,-28,28
425,235,21,28,7,0,-21,28
201,313,105,117,12,89,-16,28
70,349,21,28,7,0,-21,28
70,350,21,28,7,0,-21,28
337,184,28,56,28,28,0,28
527,262,0,28,28,0,0,28
156,315,162,170,8,142,-20,28
156,327,143,147,4,119,-24,28
357,235,210,219,9,191,-19,28
510,320,0,28,28,0,0,28
471,378,21,28,7,0,-21,28
471,379,0,28,28,0,0,28
471,528,21,28,7,0,-21,28
45,331,21,28,7,0,-21,28
471,532,253,253,0,225,-28,28
171,367,117,130,13,102,-15,28
425,399,28,28,0,0,-28,28
425,475,0,28,28,0,0,28
426,235,21,28,7,0,-21,28
426,243,146,160,14,132,-14,28
201,314,105,118,13,90,-15,28
201,315,109,123,14,95,-14,28
425,397,0,28,28,0,0,28
45,348,21,28,7,0,-21,28
45,349,28,28,0,0,-28,28
548,284,28,28,0,0,-28,28
549,53,21,28,7,0,-21,28
318,146,253,253,0,225,-28,28
318,184,82,89,7,61,-21,28
424,398,0,28,28,0,0,28
424,399,21,28,7,0,-21,28
424,400,28,28,0,0,-28,28
526,528,21,28,7,0,-21,28
526,529,21,28,7,0,-21,28
526,531,28,28,0,0,-28,28
510,527,21,28,7,0,-21,28
510,528,0,28,28,0,0,28
356,342,220,221,1,193,-27,28
117,223,59,74,15,46,-13,28
117,224,72,87,15,59,-13,28
71,324,21,28,7,0,-21,28
426,397,0,28,28,0,0,28
426,398,0,28,28,0,0,28
426,399,28,28,0,0,-28,28
549,292,28,28,0,0,-28,28
550,53,21,28,7,0,-21,28
550,270,0,28,28,0,0,28
425,398,0,28,28,0,0,28
172,367,120,131,11,103,-17,28
470,378,28,28,0,0,-28,28
470,379,0,28,28,0,0,28
470,465,21,28,7,0,-21,28
427,318,0,28,28,0,0,28
470,243,26,28,2,0,-26,28
86,218,50,56,6,28,-22,28
427,243,143,157,14,129,-14,28
427,244,156,169,13,141,-15,28
200,293,166,179,13,151,-15,28
56,269,70,78,8,50,-20,28
46,238,144,160,16,132,-12,28
426,317,21,28,7,0,-21,28
510,321,0,28,28,0,0,28
34,246,179,192,13,164,-15,28
254,273,144,155,11,127,-17,28
428,318,0,28,28,0,0,28
199,305,74,92,18,64,-10,28
469,378,28,28,0,0,-28,28
469,379,21,28,7,0,-21,28
469,382,21,28,7,0,-21,28
173,223,173,188,15,160,-13,28
428,239,89,102,13,74,-15,28
428,243,141,156,15,128,-13,28
428,244,154,168,14,140,-14,28
428,245,167,180,13,152,-15,28
316,150,253,253,0,225,-28,28
172,372,82,87,5,59,-23,28
470,253,195,205,10,177,-18,28
427,398,0,28,28,0,0,28
427,399,28,28,0,0,-28,28
427,523,254,254,0,226,-28,28
428,474,0,28,28,0,0,28
511,320,0,28,28,0,0,28
526,320,21,28,7,0,-21,28
526,322,0,28,28,0,0,28
526,323,21,28,7,0,-21,28
511,527,28,28,0,0,-28,28
511,528,21,28,7,0,-21,28
512,255,21,28,7,0,-21,28
512,320,0,28,28,0,0,28
71,350,28,28,0,0,-28,28
71,351,0,28,28,0,0,28
71,352,21,28,7,0,-21,28
469,243,25,28,3,0,-25,28
86,245,151,162,11,134,-17,28
551,53,21,28,7,0,-21,28
145,289,141,151,10,123,-18,28
468,380,0,28,28,0,0,28
468,382,21,28,7,0,-21,28
468,465,21,28,7,0,-21,28
173,372,80,84,4,56,-24,28
429,318,0,28,28,0,0,28
429,398,21,28,7,0,-21,28
429,474,0,28,28,0,0,28
552,52,21,28,7,0,-21,28
552,271,0,28,28,0,0,28
315,189,50,78,28,50,0,28
46,306,53,74,21,46,-7,28
46,307,59,74,15,46,-13,28
429,239,89,98,9,70,-19,28
428,396,0,28,28,0,0,28
428,398,21,28,7,0,-21,28
428,399,28,28,0,0,-28,28
197,315,68,87,19,59,-9,28
432,236,21,28,7,0,-21,28
552,280,28,28,0,0,-28,28
552,533,21,28,7,0,-21,28
553,533,21,28,7,0,-21,28
19,284,59,74,15,46,-13,28
55,312,46,56,10,28,-18,28
198,295,133,151,18,123,-10,28
198,296,123,139,16,111,-12,28
198,298,99,118,19,90,-9,28
55,333,46,56,10,28,-18,28
198,231,252,253,1,225,-27,28
55,337,43,56,13,28,-15,28
430,397,0,28,28,0,0,28
430,398,21,28,7,0,-21,28
468,379,21,28,7,0,-21,28
433,236,21,28,7,0,-21,28
71,340,21,28,7,0,-21,28
71,349,21,28,7,0,-21,28
254,269,116,133,17,105,-11,28
253,333,92,92,0,64,-28,28
78,213,144,160,16,132,-12,28
337,351,174,201,27,173,-1,28
33,291,112,124,12,96,-16,28
513,255,21,28,7,0,-21,28
513,257,0,28,28,0,0,28
354,252,221,227,6,199,-22,28
354,308,0,28,28,0,0,28
512,301,28,56,28,28,0,28
431,395,0,28,28,0,0,28
431,397,21,28,7,0,-21,28
431,398,28,28,0,0,-28,28
55,293,43,56,13,28,-15,28
467,380,0,28,28,0,0,28
467,382,21,28,7,0,-21,28
467,383,28,28,0,0,-28,28
467,388,21,28,7,0,-21,28
467,389,0,28,28,0,0,28
467,390,0,28,28,0,0,28
467,391,0,28,28,0,0,28
467,392,0,28,28,0,0,28
19,291,61,74,13,46,-15,28
145,216,180,202,22,174,-6,28
467,465,21,28,7,0,-21,28
174,223,160,185,25,157,-3,28
468,244,0,28,28,0,0,28
432,397,21,28,7,0,-21,28
432,473,0,28,28,0,0,28
196,293,156,167,11,139,-17,28
434,315,34,56,22,28,-6,28
526,267,96,110,14,82,-14,28
513,321,0,28,28,0,0,28
353,262,210,221,11,193,-17,28
353,305,21,28,7,0,-21,28
513,320,0,28,28,0,0,28
155,313,139,151,12,123,-16,28
175,219,182,195,13,167,-15,28
467,319,0,28,28,0,0,28
467,379,28,28,0,0,-28,28
312,296,149,177,28,149,0,28
433,396,0,28,28,0,0,28
433,397,21,28,7,0,-21,28
433,473,0,28,28,0,0,28
434,236,28,28,0,0,-28,28
351,312,43,56,13,28,-15,28
72,324,21,28,7,0,-21,28
72,325,21,28,7,0,-21,28
72,326,21,28,7,0,-21,28
72,327,21,28,7,0,-21,28
72,328,21,28,7,0,-21,28
72,329,21,28,7,0,-21,28
28,354,253,253,0,225,-28,28
72,349,21,28,7,0,-21,28
514,525,21,28,7,0,-21,28
514,529,0,28,28,0,0,28
47,261,72,87,15,59,-13,28
434,394,0,28,28,0,0,28
554,287,28,28,0,0,-28,28
554,533,21,28,7,0,-21,28
554,534,28,28,0,0,-28,28
466,388,21,28,7,0,-21,28
466,389,21,28,7,0,-21,28
466,390,28,28,0,0,-28,28
466,391,28,28,0,0,-28,28
466,392,21,28,7,0,-21,28
175,367,128,134,6,106,-22,28
466,465,21,28,7,0,-21,28
466,382,0,28,28,0,0,28
144,344,66,78,12,50,-16,28
311,190,74,87,13,59,-15,28
311,361,116,129,13,101,-15,28
435,396,21,28,7,0,-21,28
175,306,127,142,15,114,-13,28
434,396,21,28,7,0,-21,28
434,397,28,28,0,0,-28,28
352,263,209,219,10,191,-18,28
72,352,21,28,7,0,-21,28
77,316,72,87,15,59,-13,28
77,319,70,84,14,56,-14,28
77,315,74,89,15,61,-13,28
155,278,135,154,19,126,-9,28
351,227,34,56,22,28,-6,28
195,307,50,56,6,28,-22,28
436,393,0,28,28,0,0,28
436,395,21,28,7,0,-21,28
436,396,21,28,7,0,-21,28
436,472,0,28,28,0,0,28
273,295,89,102,13,74,-15,28
310,364,72,87,15,59,-13,28
555,533,21,28,7,0,-21,28
555,534,28,28,0,0,-28,28
466,383,28,28,0,0,-28,28
253,257,150,160,10,132,-18,28
515,529,0,28,28,0,0,28
32,252,144,160,16,132,-12,28
349,334,202,212,10,184,-18,28
350,90,50,74,24,46,-4,28
437,472,0,28,28,0,0,28
438,237,21,28,7,0,-21,28
194,312,39,56,17,28,-11,28
109,214,56,74,18,46,-10,28
54,312,43,56,13,28,-15,28
437,393,0,28,28,0,0,28
437,395,21,28,7,0,-21,28
195,305,46,56,10,28,-18,28
195,306,46,56,10,28,-18,28
72,350,21,28,7,0,-21,28
72,351,21,28,7,0,-21,28
144,289,138,150,12,122,-16,28
438,392,0,28,28,0,0,28
438,394,0,28,28,0,0,28
438,395,21,28,7,0,-21,28
47,333,21,28,7,0,-21,28
309,310,145,147,2,119,-26,28
556,533,21,28,7,0,-21,28
556,534,28,28,0,0,-28,28
466,252,197,207,10,179,-18,28
47,308,61,78,17,50,-11,28
47,309,68,78,10,50,-18,28
466,319,0,28,28,0,0,28
32,281,74,102,28,74,0,28
32,282,80,102,22,74,-6,28
73,218,136,150,14,122,-14,28
253,271,139,150,11,122,-17,28
439,237,21,28,7,0,-21,28
131,315,167,180,13,152,-15,28
558,534,0,28,28,0,0,28
558,539,254,254,0,226,-28,28
559,534,0,28,28,0,0,28
559,535,28,28,0,0,-28,28
560,52,28,28,0,0,-28,28
557,533,0,28,28,0,0,28
47,334,21,28,7,0,-21,28
47,335,21,28,7,0,-21,28
134,332,39,56,17,28,-11,28
134,333,39,56,17,28,-11,28
557,534,21,28,7,0,-21,28
558,273,0,28,28,0,0,28
558,274,0,28,28,0,0,28
558,275,0,28,28,0,0,28
516,258,0,28,28,0,0,28
516,267,153,164,11,136,-17,28
525,320,21,28,7,0,-21,28
525,322,0,28,28,0,0,28
525,323,21,28,7,0,-21,28
525,528,21,28,7,0,-21,28
525,531,28,28,0,0,-28,28
349,82,76,78,2,50,-26,28
244,250,141,151,10,123,-18,28
516,525,21,28,7,0,-21,28
465,319,0,28,28,0,0,28
465,381,0,28,28,0,0,28
465,382,0,28,28,0,0,28
465,383,21,28,7,0,-21,28
465,465,21,28,7,0,-21,28
465,525,21,28,7,0,-21,28
439,394,21,28,7,0,-21,28
439,395,28,28,0,0,-28,28
439,471,0,28,28,0,0,28
193,233,183,194,11,166,-17,28
464,466,28,28,0,0,-28,28
464,525,21,28,7,0,-21,28
465,242,26,28,2,0,-26,28
48,221,234,242,8,214,-20,28
439,318,21,28,7,0,-21,28
560,535,28,28,0,0,-28,28
307,193,85,92,7,64,-21,28
307,197,92,106,14,78,-14,28
131,341,72,89,17,61,-11,28
464,465,21,28,7,0,-21,28
515,525,21,28,7,0,-21,28
154,378,98,98,0,70,-28,28
440,318,0,28,28,0,0,28
464,381,21,28,7,0,-21,28
464,383,21,28,7,0,-21,28
464,384,21,28,7,0,-21,28
178,223,178,192,14,164,-14,28
48,256,82,92,10,64,-18,28
440,237,21,28,7,0,-21,28
464,319,0,28,28,0,0,28
561,534,0,28,28,0,0,28
561,535,28,28,0,0,-28,28
306,197,92,106,14,78,-14,28
560,281,28,28,0,0,-28,28
560,534,0,28,28,0,0,28
48,235,138,159,21,131,-7,28
177,306,136,148,12,120,-16,28
439,392,0,28,28,0,0,28
563,47,253,254,1,226,-27,28
440,393,0,28,28,0,0,28
516,529,0,28,28,0,0,28
348,268,206,214,8,186,-20,28
348,308,21,28,7,0,-21,28
525,267,101,115,14,87,-14,28
525,269,123,134,11,106,-17,28
73,329,21,28,7,0,-21,28
73,330,21,28,7,0,-21,28
73,331,21,28,7,0,-21,28
73,332,21,28,7,0,-21,28
348,256,92,102,10,74,-18,28
440,394,21,28,7,0,-21,28
440,471,0,28,28,0,0,28
561,52,21,28,7,0,-21,28
192,314,64,78,14,50,-14,28
463,381,21,28,7,0,-21,28
463,382,0,28,28,0,0,28
463,384,21,28,7,0,-21,28
463,465,0,28,28,0,0,28
463,466,21,28,7,0,-21,28
463,525,28,28,0,0,-28,28
464,243,0,28,28,0,0,28
108,214,56,78,22,50,-6,28
562,51,21,28,7,0,-21,28
562,52,21,28,7,0,-21,28
562,276,0,28,28,0,0,28
562,277,0,28,28,0,0,28
562,278,0,28,28,0,0,28
562,279,28,28,0,0,-28,28
562,534,0,28,28,0,0,28
562,535,28,28,0,0,-28,28
563,278,0,28,28,0,0,28
563,279,21,28,7,0,-21,28
302,363,115,124,9,96,-19,28
441,391,0,28,28,0,0,28
441,393,21,28,7,0,-21,28
441,394,28,28,0,0,-28,28
441,471,21,28,7,0,-21,28
462,384,21,28,7,0,-21,28
462,466,21,28,7,0,-21,28
462,525,28,28,0,0,-28,28
441,318,0,28,28,0,0,28
108,213,74,78,4,50,-24,28
441,65,254,254,0,226,-28,28
441,237,28,28,0,0,-28,28
132,258,115,126,11,98,-17,28
463,319,0,28,28,0,0,28
462,319,0,28,28,0,0,28
442,238,0,28,28,0,0,28
136,331,0,28,28,0,0,28
136,332,21,28,7,0,-21,28
348,82,78,78,0,50,-28,28
517,525,21,28,7,0,-21,28
517,526,21,28,7,0,-21,28
517,528,28,28,0,0,-28,28
517,529,0,28,28,0,0,28
524,320,21,28,7,0,-21,28
524,322,0,28,28,0,0,28
347,319,59,78,19,50,-9,28
347,332,192,205,13,177,-15,28
31,304,80,92,12,64,-16,28
179,232,178,199,21,171,-7,28
462,242,22,28,6,0,-22,28
563,534,0,28,28,0,0,28
563,535,21,28,7,0,-21,28
191,233,183,193,10,165,-18,28
442,318,0,28,28,0,0,28
53,307,43,56,13,28,-15,28
564,279,21,28,7,0,-21,28
143,322,50,78,28,50,0,28
461,383,0,28,28,0,0,28
461,384,21,28,7,0,-21,28
461,385,28,28,0,0,-28,28
461,466,21,28,7,0,-21,28
461,467,28,28,0,0,-28,28
461,525,28,28,0,0,-28,28
53,335,21,28,7,0,-21,28
48,335,21,28,7,0,-21,28
48,336,21,28,7,0,-21,28
190,282,158,172,14,144,-14,28
49,256,66,92,26,64,-2,28
49,259,87,102,15,74,-13,28
443,390,0,28,28,0,0,28
443,392,21,28,7,0,-21,28
93,236,144,157,13,129,-15,28
107,228,101,115,14,87,-14,28
443,238,0,28,28,0,0,28
443,318,0,28,28,0,0,28
461,242,18,28,10,0,-18,28
461,319,0,28,28,0,0,28
53,308,53,56,3,28,-25,28
53,312,39,56,17,28,-11,28
442,392,0,28,28,0,0,28
442,393,21,28,7,0,-21,28
276,248,165,179,14,151,-14,28
444,65,254,254,0,226,-28,28
31,305,90,92,2,64,-26,28
136,330,21,28,7,0,-21,28
524,528,21,28,7,0,-21,28
524,531,21,28,7,0,-21,28
524,532,0,28,28,0,0,28
524,266,95,110,15,82,-13,28
74,222,72,92,20,64,-8,28
347,88,89,98,9,70,-19,28
518,526,21,28,7,0,-21,28
518,528,28,28,0,0,-28,28
518,529,21,28,7,0,-21,28
154,247,138,151,13,123,-15,28
154,248,140,151,11,123,-17,28
346,329,194,201,7,173,-21,28
346,330,194,201,7,173,-21,28
49,276,28,56,28,28,0,28
460,466,0,28,28,0,0,28
460,467,28,28,0,0,-28,28
460,524,21,28,7,0,-21,28
180,366,137,142,5,114,-23,28
444,238,21,28,7,0,-21,28
444,243,106,123,17,95,-11,28
444,318,0,28,28,0,0,28
190,233,183,193,10,165,-18,28
565,279,21,28,7,0,-21,28
565,280,28,28,0,0,-28,28
565,323,21,28,7,0,-21,28
565,324,21,28,7,0,-21,28
143,304,127,140,13,112,-15,28
443,393,28,28,0,0,-28,28
443,470,0,28,28,0,0,28
460,319,0,28,28,0,0,28
460,383,0,28,28,0,0,28
524,269,128,138,10,110,-18,28
523,269,132,143,11,115,-17,28
31,272,96,117,21,89,-7,28
519,259,0,28,28,0,0,28
153,379,96,98,2,70,-26,28
460,385,21,28,7,0,-21,28
444,392,21,28,7,0,-21,28
444,470,0,28,28,0,0,28
445,238,21,28,7,0,-21,28
445,243,105,120,15,92,-13,28
566,279,0,28,28,0,0,28
566,280,28,28,0,0,-28,28
566,323,28,28,0,0,-28,28
94,236,147,162,15,134,-13,28
566,535,0,28,28,0,0,28
566,536,28,28,0,0,-28,28
460,384,0,28,28,0,0,28
460,241,28,28,0,0,-28,28
460,242,15,28,13,0,-15,28
460,250,190,202,12,174,-16,28
460,318,28,28,0,0,-28,28
445,318,0,28,28,0,0,28
143,275,72,92,20,64,-8,28
143,276,82,92,10,64,-18,28
567,279,0,28,28,0,0,28
567,280,21,28,7,0,-21,28
297,339,210,214,4,186,-24,28
565,519,21,28,7,0,-21,28
565,535,0,28,28,0,0,28
565,536,21,28,7,0,-21,28
567,520,21,28,7,0,-21,28
567,535,0,28,28,0,0,28
567,536,28,28,0,0,-28,28
141,279,92,98,6,70,-22,28
295,267,244,246,2,218,-26,28
446,238,21,28,7,0,-21,28
446,239,0,28,28,0,0,28
49,337,0,28,28,0,0,28
189,288,139,158,19,130,-9,28
445,389,0,28,28,0,0,28
445,391,0,28,28,0,0,28
445,392,21,28,7,0,-21,28
189,233,182,193,11,165,-17,28
566,324,0,28,28,0,0,28
15,287,56,78,22,50,-6,28
566,519,21,28,7,0,-21,28
294,202,252,253,1,225,-27,28
294,210,112,112,0,84,-28,28
294,368,21,28,7,0,-21,28
294,393,254,255,1,227,-27,28
459,384,0,28,28,0,0,28
459,385,21,28,7,0,-21,28
459,386,28,28,0,0,-28,28
181,317,126,135,9,107,-19,28
459,466,0,28,28,0,0,28
459,467,21,28,7,0,-21,28
459,524,21,28,7,0,-21,28
567,281,28,28,0,0,-28,28
567,322,21,28,7,0,-21,28
567,323,21,28,7,0,-21,28
567,324,0,28,28,0,0,28
567,519,21,28,7,0,-21,28
568,280,0,28,28,0,0,28
568,281,28,28,0,0,-28,28
568,321,21,28,7,0,-21,28
293,368,21,28,7,0,-21,28
446,318,0,28,28,0,0,28
52,335,21,28,7,0,-21,28
446,388,28,28,0,0,-28,28
446,389,0,28,28,0,0,28
446,391,21,28,7,0,-21,28
446,392,28,28,0,0,-28,28
446,469,0,28,28,0,0,28
446,522,21,28,7,0,-21,28
447,238,28,28,0,0,-28,28
447,239,0,28,28,0,0,28
447,243,101,117,16,89,-12,28
52,316,34,56,22,28,-6,28
153,369,92,102,10,74,-18,28
345,281,227,236,9,208,-19,28
523,320,21,28,7,0,-21,28
523,527,21,28,7,0,-21,28
523,531,21,28,7,0,-21,28
524,58,28,28,0,0,-28,28
524,261,0,28,28,0,0,28
340,186,28,56,28,28,0,28
136,342,34,56,22,28,-6,28
520,58,28,28,0,0,-28,28
344,274,192,203,11,175,-17,28
75,222,80,92,12,64,-16,28
52,334,0,28,28,0,0,28
458,386,21,28,7,0,-21,28
458,467,21,28,7,0,-21,28
459,241,24,28,4,0,-24,28
568,535,0,28,28,0,0,28
447,318,0,28,28,0,0,28
458,385,0,28,28,0,0,28
447,387,28,28,0,0,-28,28
447,388,21,28,7,0,-21,28
447,389,0,28,28,0,0,28
447,390,0,28,28,0,0,28
447,391,21,28,7,0,-21,28
188,231,188,193,5,165,-23,28
568,536,21,28,7,0,-21,28
141,307,109,124,15,96,-13,28
292,368,21,28,7,0,-21,28
292,382,45,45,0,17,-28,28
293,221,82,98,16,70,-12,28
49,336,21,28,7,0,-21,28
188,298,174,190,16,162,-12,28
519,530,0,28,28,0,0,28
340,188,39,56,17,28,-11,28
137,250,85,106,21,78,-7,28
343,348,197,216,19,188,-9,28
153,330,74,98,24,70,-4,28
520,529,28,28,0,0,-28,28
447,522,21,28,7,0,-21,28
448,238,28,28,0,0,-28,28
448,239,21,28,7,0,-21,28
448,248,180,192,12,164,-16,28
448,318,0,28,28,0,0,28
278,367,21,28,7,0,-21,28
106,230,124,139,15,111,-13,28
292,349,160,180,20,152,-8,28
568,520,21,28,7,0,-21,28
568,521,0,28,28,0,0,28
290,377,34,56,22,28,-6,28
448,522,21,28,7,0,-21,28
52,272,34,56,22,28,-6,28
449,239,21,28,7,0,-21,28
291,222,74,92,18,64,-10,28
291,340,82,87,5,59,-23,28
291,368,21,28,7,0,-21,28
50,246,72,78,6,50,-22,28
182,229,164,188,24,160,-4,28
448,388,0,28,28,0,0,28
448,390,21,28,7,0,-21,28
448,391,28,28,0,0,-28,28
188,233,182,193,11,165,-17,28
447,469,0,28,28,0,0,28
519,526,21,28,7,0,-21,28
519,529,21,28,7,0,-21,28
75,309,59,74,15,46,-13,28
75,310,56,74,18,46,-10,28
75,311,56,74,18,46,-10,28
343,283,231,236,5,208,-23,28
343,175,39,56,17,28,-11,28
343,176,53,56,3,28,-25,28
458,241,21,28,7,0,-21,28
52,254,70,78,8,50,-20,28
569,280,0,28,28,0,0,28
569,281,21,28,7,0,-21,28
569,320,28,28,0,0,-28,28
569,321,21,28,7,0,-21,28
569,518,21,28,7,0,-21,28
569,520,28,28,0,0,-28,28
569,521,21,28,7,0,-21,28
290,368,21,28,7,0,-21,28
457,386,21,28,7,0,-21,28
450,239,21,28,7,0,-21,28
450,240,0,28,28,0,0,28
449,318,0,28,28,0,0,28
449,388,0,28,28,0,0,28
449,389,0,28,28,0,0,28
449,390,21,28,7,0,-21,28
449,522,28,28,0,0,-28,28
142,336,64,92,28,64,0,28
142,337,64,89,25,61,-3,28
142,340,68,84,16,56,-12,28
290,221,92,102,10,74,-18,28
290,265,168,195,27,167,-1,28
99,233,135,145,10,117,-18,28
457,467,21,28,7,0,-21,28
520,530,0,28,28,0,0,28
570,319,21,28,7,0,-21,28
570,320,21,28,7,0,-21,28
570,321,0,28,28,0,0,28
142,324,50,74,24,46,-4,28
570,518,21,28,7,0,-21,28
570,521,21,28,7,0,-21,28
289,223,70,89,19,61,-9,28
289,264,170,192,22,164,-6,28
52,220,207,223,16,195,-12,28
450,318,0,28,28,0,0,28
457,299,34,56,22,28,-6,28
279,367,21,28,7,0,-21,28
289,368,21,28,7,0,-21,28
100,232,130,139,9,111,-19,28
50,276,50,56,6,28,-22,28
50,277,43,56,13,28,-15,28
75,349,21,28,7,0,-21,28
75,350,21,28,7,0,-21,28
75,351,21,28,7,0,-21,28
342,361,196,224,28,196,0,28
342,362,222,224,2,196,-26,28
75,348,21,28,7,0,-21,28
341,186,34,56,22,28,-6,28
341,187,50,56,6,28,-22,28
341,188,53,56,3,28,-25,28
76,298,56,74,18,46,-10,28
521,529,28,28,0,0,-28,28
186,309,101,115,14,87,-14,28
451,239,21,28,7,0,-21,28
451,240,0,28,28,0,0,28
457,241,21,28,7,0,-21,28
182,373,68,92,24,64,-4,28
51,340,21,28,7,0,-21,28
451,279,28,56,28,28,0,28
451,318,0,28,28,0,0,28
571,137,0,28,28,0,0,28
571,281,0,28,28,0,0,28
571,282,21,28,7,0,-21,28
571,518,21,28,7,0,-21,28
287,368,21,28,7,0,-21,28
288,368,21,28,7,0,-21,28
288,376,34,56,22,28,-6,28
570,281,21,28,7,0,-21,28
570,282,28,28,0,0,-28,28
450,389,21,28,7,0,-21,28
450,523,21,28,7,0,-21,28
153,257,182,186,4,158,-24,28
521,312,28,28,0,0,-28,28
572,141,21,28,7,0,-21,28
572,282,21,28,7,0,-21,28
142,272,74,89,15,61,-13,28
286,368,21,28,7,0,-21,28
287,219,87,102,15,74,-13,28
287,223,74,92,18,64,-10,28
456,385,0,28,28,0,0,28
456,386,21,28,7,0,-21,28
456,467,21,28,7,0,-21,28
451,388,0,28,28,0,0,28
51,333,0,28,28,0,0,28
51,334,21,28,7,0,-21,28
51,335,21,28,7,0,-21,28
51,337,21,28,7,0,-21,28
51,338,21,28,7,0,-21,28
51,339,21,28,7,0,-21,28
452,239,28,28,0,0,-28,28
452,240,21,28,7,0,-21,28
521,530,21,28,7,0,-21,28
249,338,93,98,5,70,-23,28
522,311,28,28,0,0,-28,28
522,319,28,28,0,0,-28,28
522,320,21,28,7,0,-21,28
522,527,21,28,7,0,-21,28
250,254,152,158,6,130,-22,28
521,320,21,28,7,0,-21,28
521,527,21,28,7,0,-21,28
452,318,0,28,28,0,0,28
451,468,0,28,28,0,0,28
451,523,28,28,0,0,-28,28
185,365,137,147,10,119,-18,28
572,137,0,28,28,0,0,28
572,518,21,28,7,0,-21,28
452,387,0,28,28,0,0,28
452,388,21,28,7,0,-21,28
185,305,144,156,12,128,-16,28
452,468,0,28,28,0,0,28
572,521,28,28,0,0,-28,28
572,522,21,28,7,0,-21,28
286,222,92,102,10,74,-18,28
286,347,70,78,8,50,-20,28
280,368,21,28,7,0,-21,28
571,521,21,28,7,0,-21,28
571,522,0,28,28,0,0,28
455,467,21,28,7,0,-21,28
456,61,253,254,1,226,-27,28
456,241,21,28,7,0,-21,28
50,326,50,56,6,28,-22,28
105,223,43,56,13,28,-15,28
575,523,21,28,7,0,-21,28
575,283,21,28,7,0,-21,28
133,372,70,87,17,59,-11,28
453,468,21,28,7,0,-21,28
453,523,28,28,0,0,-28,28
284,368,21,28,7,0,-21,28
573,137,0,28,28,0,0,28
573,282,21,28,7,0,-21,28
573,283,28,28,0,0,-28,28
573,518,21,28,7,0,-21,28
185,297,217,222,5,194,-23,28
453,249,188,199,11,171,-17,28
185,226,157,172,15,144,-13,28
50,334,21,28,7,0,-21,28
50,336,28,28,0,0,-28,28
575,138,21,28,7,0,-21,28
575,137,0,28,28,0,0,28
141,372,61,87,26,59,-2,28
574,137,0,28,28,0,0,28
283,368,21,28,7,0,-21,28
455,241,21,28,7,0,-21,28
454,386,0,28,28,0,0,28
454,468,21,28,7,0,-21,28
454,240,21,28,7,0,-21,28
454,321,59,74,15,46,-13,28
454,325,213,218,5,190,-23,28
454,523,28,28,0,0,-28,28
152,371,59,78,19,50,-9,28
152,377,64,89,25,61,-3,28
152,381,64,84,20,56,-8,28
76,292,61,78,17,50,-11,28
119,379,46,61,15,34,-12,27
374,334,210,222,12,195,-15,27
263,279,95,111,16,84,-11,27
230,306,96,112,16,85,-11,27
376,233,78,99,21,72,-6,27
58,233,61,70,9,43,-18,27
206,304,166,175,9,148,-18,27
297,195,250,251,1,224,-26,27
59,234,56,61,5,34,-22,27
59,233,50,61,11,34,-16,27
359,319,200,209,9,182,-18,27
412,333,200,218,18,191,-9,27
412,242,193,203,10,176,-17,27
130,250,177,178,1,151,-26,27
357,342,214,220,6,193,-21,27
263,280,96,111,15,84,-12,27
231,300,84,103,19,76,-8,27
141,376,61,70,9,43,-18,27
11,287,251,252,1,225,-26,27
161,255,144,165,21,138,-6,27
262,303,93,107,14,80,-13,27
262,302,98,111,13,84,-14,27
81,296,124,138,14,111,-13,27
161,321,144,159,15,132,-12,27
39,363,254,254,0,227,-27,27
329,111,253,253,0,226,-27,27
263,302,87,103,16,76,-11,27
263,301,90,103,13,76,-14,27
282,222,103,103,0,76,-27,27
262,279,107,117,10,90,-17,27
94,365,61,66,5,39,-22,27
145,380,56,61,5,34,-22,27
145,379,53,61,8,34,-19,27
277,249,162,178,16,151,-11,27
410,284,39,66,27,39,0,27
360,282,235,248,13,221,-14,27
59,259,61,66,5,39,-22,27
411,334,218,227,9,200,-18,27
411,333,204,221,17,194,-10,27
71,231,56,70,14,43,-13,27
94,229,46,66,20,39,-7,27
140,307,116,130,14,103,-13,27
161,313,125,144,19,117,-8,27
161,312,117,133,16,106,-11,27
326,308,19,30,11,3,-16,27
142,221,61,70,9,43,-18,27
66,248,64,66,2,39,-25,27
105,228,102,114,12,87,-15,27
160,263,144,150,6,123,-21,27
261,279,112,128,16,101,-11,27
264,273,125,134,9,107,-18,27
261,307,89,103,14,76,-13,27
420,521,253,253,0,226,-27,27
130,274,188,194,6,167,-21,27
240,249,139,144,5,117,-22,27
140,283,85,101,16,74,-11,27
59,232,43,61,18,34,-9,27
356,312,64,66,2,39,-25,27
202,311,114,122,8,95,-19,27
202,309,106,119,13,92,-14,27
93,365,56,66,10,39,-17,27
114,222,46,61,15,34,-12,27
38,286,80,93,13,66,-14,27
498,260,164,175,11,148,-16,27
105,224,53,66,13,39,-14,27
161,373,78,80,2,53,-25,27
264,284,95,105,10,78,-17,27
264,280,85,103,18,76,-9,27
146,279,76,99,23,72,-4,27
298,402,252,254,2,227,-25,27
107,230,128,139,11,112,-16,27
22,288,72,93,21,66,-6,27
59,336,39,61,22,34,-5,27
425,244,160,173,13,146,-14,27
425,243,150,163,13,136,-14,27
356,235,212,221,9,194,-18,27
299,327,117,117,0,90,-27,27
40,310,50,61,11,34,-16,27
490,258,178,190,12,163,-15,27
159,345,93,107,14,80,-13,27
260,327,53,80,27,53,0,27
67,227,56,61,5,34,-22,27
82,268,179,188,9,161,-18,27
326,208,59,61,2,34,-25,27
161,345,115,125,10,98,-17,27
114,224,66,80,14,53,-13,27
159,282,167,180,13,153,-14,27
38,231,253,253,0,226,-27,27
325,357,133,154,21,127,-6,27
260,276,109,119,10,92,-17,27
38,253,150,162,12,135,-15,27
38,245,148,169,21,142,-6,27
380,83,50,66,16,39,-11,27
80,330,76,93,17,66,-10,27
260,306,103,116,13,89,-14,27
260,305,106,119,13,92,-14,27
426,244,157,170,13,143,-14,27
146,315,66,70,4,43,-23,27
300,197,114,130,16,103,-11,27
428,240,98,116,18,89,-9,27
22,309,59,70,11,43,-16,27
211,236,144,167,23,140,-4,27
140,221,50,61,11,34,-16,27
55,347,46,61,15,34,-12,27
55,342,50,61,11,34,-16,27
82,325,120,132,12,105,-15,27
325,210,66,66,0,39,-27,27
325,208,34,61,27,34,0,27
265,287,90,95,5,68,-22,27
265,286,89,95,6,68,-21,27
265,285,85,95,10,68,-17,27
265,284,82,95,13,68,-14,27
265,283,78,95,17,68,-10,27
265,355,82,101,19,74,-8,27
430,65,253,254,1,227,-26,27
240,345,87,109,22,82,-5,27
23,286,92,103,11,76,-16,27
55,349,50,61,11,34,-16,27
198,319,109,120,11,93,-16,27
59,338,56,61,5,34,-22,27
59,337,46,61,15,34,-12,27
301,198,103,114,11,87,-16,27
23,311,64,80,16,53,-11,27
23,310,66,80,14,53,-13,27
23,309,68,80,12,53,-15,27
41,252,119,138,19,111,-8,27
41,244,164,175,11,148,-16,27
80,298,109,122,13,95,-14,27
381,334,206,218,12,191,-15,27
65,253,39,61,22,34,-5,27
331,118,112,117,5,90,-22,27
260,266,144,155,11,128,-16,27
82,326,117,129,12,102,-15,27
354,90,61,70,9,43,-18,27
431,246,176,188,12,161,-15,27
198,303,66,80,14,53,-13,27
353,350,221,229,8,202,-19,27
432,246,175,186,11,159,-16,27
197,322,129,139,10,112,-17,27
72,227,50,66,16,39,-11,27
259,279,130,142,12,115,-15,27
259,276,115,130,15,103,-12,27
266,283,72,95,23,68,-4,27
266,282,78,99,21,72,-6,27
372,332,206,221,15,194,-12,27
372,329,204,218,14,191,-13,27
12,311,253,253,0,226,-27,27
142,308,96,109,13,82,-14,27
159,223,131,137,6,110,-21,27
41,258,120,130,10,103,-17,27
41,265,82,101,19,74,-8,27
258,326,92,93,1,66,-26,27
324,210,53,66,13,39,-14,27
266,355,84,101,17,74,-10,27
83,238,53,66,13,39,-14,27
159,213,160,187,27,160,0,27
225,308,119,138,19,111,-8,27
487,275,206,207,1,180,-26,27
487,257,177,190,13,163,-14,27
163,264,117,144,27,117,0,27
163,263,119,144,25,117,-2,27
332,116,110,112,2,85,-25,27
72,226,50,66,16,39,-11,27
197,294,144,157,13,130,-14,27
353,312,61,61,0,34,-27,27
91,364,53,66,13,39,-14,27
147,315,59,70,11,43,-16,27
55,283,59,61,2,34,-25,27
60,232,39,61,22,34,-5,27
406,327,200,212,12,185,-15,27
196,364,117,141,24,114,-3,27
195,364,114,141,27,114,0,27
332,481,253,254,1,227,-26,27
83,263,174,186,12,159,-15,27
258,274,117,129,12,102,-15,27
158,348,101,114,13,87,-14,27
135,350,39,61,22,34,-5,27
196,302,66,80,14,53,-13,27
55,243,53,66,13,39,-14,27
55,239,39,61,22,34,-5,27
241,344,85,109,24,82,-3,27
148,215,163,175,12,148,-15,27
294,336,96,101,5,74,-22,27
108,227,87,105,18,78,-9,27
436,242,105,122,17,95,-10,27
108,216,43,61,18,34,-9,27
24,343,34,61,27,34,0,27
148,247,123,130,7,103,-20,27
303,200,99,112,13,85,-14,27
158,347,92,107,15,80,-12,27
83,297,144,160,16,133,-11,27
258,263,146,161,15,134,-12,27
267,289,53,80,27,53,0,27
267,285,76,95,19,68,-8,27
158,334,111,116,5,89,-22,27
258,269,98,120,22,93,-5,27
303,198,78,99,21,72,-6,27
139,284,89,101,12,74,-15,27
139,283,78,95,17,68,-10,27
438,311,43,61,18,34,-9,27
141,221,56,61,5,34,-22,27
60,260,56,61,5,34,-22,27
148,301,165,173,8,146,-19,27
148,299,178,191,13,164,-14,27
484,256,178,192,14,165,-13,27
42,276,92,103,11,76,-16,27
79,305,93,107,14,80,-13,27
79,304,92,107,15,80,-12,27
224,358,89,112,23,85,-4,27
323,205,85,93,8,66,-19,27
194,301,89,99,10,72,-17,27
439,247,180,191,11,164,-16,27
438,525,252,254,2,227,-25,27
129,267,188,197,9,170,-18,27
129,330,145,152,7,125,-20,27
193,232,190,194,4,167,-23,27
83,333,101,114,13,87,-14,27
83,332,105,117,12,90,-15,27
158,251,156,165,9,138,-18,27
334,107,99,125,26,98,-1,27
371,280,197,223,26,196,-1,27
158,313,141,149,8,122,-19,27
54,232,53,61,8,34,-19,27
25,313,53,70,17,43,-10,27
304,200,109,112,3,85,-24,27
403,241,196,207,11,180,-16,27
70,248,61,70,9,43,-18,27
97,209,255,255,0,228,-27,27
192,233,183,193,10,166,-17,27
132,259,116,126,10,99,-17,27
42,312,53,61,8,34,-19,27
334,269,53,61,8,34,-19,27
224,291,167,178,11,151,-16,27
13,561,61,88,27,61,0,27
79,298,98,111,13,84,-14,27
79,297,101,112,11,85,-16,27
257,276,135,147,12,120,-15,27
257,275,129,144,15,117,-12,27
79,293,103,119,16,92,-11,27
293,348,159,181,22,154,-5,27
97,235,149,156,7,129,-20,27
97,227,43,61,18,34,-9,27
362,283,236,245,9,218,-18,27
362,228,39,61,22,34,-5,27
403,331,219,229,10,202,-17,27
403,325,211,221,10,194,-17,27
149,247,120,126,6,99,-21,27
350,326,207,215,8,188,-19,27
157,373,66,80,14,53,-13,27
480,326,209,214,5,187,-22,27
158,225,87,112,25,85,-2,27
286,223,76,93,17,66,-10,27
158,219,162,169,7,142,-20,27
165,271,167,178,11,151,-16,27
42,314,43,61,18,34,-9,27
42,313,43,61,18,34,-9,27
132,311,168,180,12,153,-15,27
70,247,66,70,4,43,-23,27
214,306,116,128,12,101,-15,27
132,351,89,101,12,74,-15,27
304,416,255,255,0,228,-27,27
90,231,50,66,16,39,-11,27
321,359,120,136,16,109,-11,27
321,357,145,156,11,129,-16,27
43,287,50,66,16,39,-11,27
384,319,173,192,19,165,-8,27
233,305,92,109,17,82,-10,27
233,300,89,103,14,76,-13,27
42,365,251,253,2,226,-25,27
149,301,167,175,8,148,-19,27
61,213,248,253,5,226,-22,27
237,292,142,156,14,129,-13,27
73,233,61,70,9,43,-18,27
73,230,46,61,15,34,-12,27
73,229,39,61,22,34,-5,27
26,303,96,112,16,85,-11,27
26,302,107,112,5,85,-22,27
26,314,50,66,16,39,-11,27
305,362,115,129,14,102,-13,27
43,319,56,66,10,39,-17,27
84,259,175,186,11,159,-16,27
479,255,188,199,11,172,-16,27
223,307,151,157,6,130,-21,27
141,310,95,103,8,76,-19,27
157,337,95,107,12,80,-15,27
157,336,99,117,18,90,-9,27
480,247,18,27,9,0,-18,27
190,299,154,167,13,140,-14,27
53,271,56,61,5,34,-22,27
362,327,220,227,7,200,-20,27
362,325,195,215,20,188,-7,27
401,328,195,212,17,185,-10,27
133,244,169,170,1,143,-26,27
444,242,95,107,12,80,-15,27
53,265,53,80,27,53,0,27
321,149,117,117,0,90,-27,27
167,218,173,181,8,154,-19,27
35,256,151,156,5,129,-22,27
68,221,61,80,19,53,-8,27
255,330,90,93,3,66,-24,27
321,185,74,80,6,53,-21,27
53,264,53,80,27,53,0,27
150,214,144,154,10,127,-17,27
243,343,87,111,24,84,-3,27
53,238,56,66,10,39,-17,27
53,237,53,66,13,39,-14,27
53,232,61,61,0,34,-27,27
150,249,103,119,16,92,-11,27
188,310,76,93,17,66,-10,27
188,296,170,188,18,161,-9,27
244,249,145,156,11,129,-16,27
189,285,156,167,11,140,-16,27
447,248,182,194,12,167,-15,27
215,304,96,114,18,87,-9,27
215,328,122,129,7,102,-20,27
106,229,112,128,16,101,-11,27
348,346,212,228,16,201,-11,27
89,213,53,80,27,53,0,27
530,269,106,123,17,96,-10,27
320,141,253,253,0,226,-27,27
336,326,227,234,7,207,-20,27
78,293,93,105,12,78,-15,27
168,220,165,180,15,153,-12,27
34,360,253,253,0,226,-27,27
287,218,93,101,8,74,-19,27
135,257,61,80,19,53,-8,27
135,256,53,80,27,53,0,27
135,255,56,80,24,53,-3,27
336,233,210,220,10,193,-17,27
111,228,111,123,12,96,-15,27
337,227,46,61,15,34,-12,27
475,245,19,27,8,0,-19,27
68,247,34,61,27,34,0,27
68,246,46,61,15,34,-12,27
387,323,210,221,11,194,-16,27
44,287,64,66,2,39,-25,27
255,271,119,137,18,110,-9,27
530,268,98,107,9,80,-18,27
52,271,39,61,22,34,-5,27
52,270,50,61,11,34,-16,27
97,387,254,254,0,227,-27,27
278,353,66,70,4,43,-23,27
150,347,85,95,10,68,-17,27
150,342,39,61,22,34,-5,27
270,297,59,70,11,43,-16,27
270,285,112,122,10,95,-17,27
170,367,115,128,13,101,-14,27
474,254,194,204,10,177,-17,27
474,245,17,27,10,0,-17,27
170,225,184,192,8,165,-19,27
14,322,252,253,1,226,-26,27
474,66,23,39,16,12,-11,27
52,282,50,66,16,39,-11,27
52,281,53,66,13,39,-14,27
151,249,116,125,9,98,-18,27
187,295,175,194,19,167,-8,27
244,343,102,112,10,85,-17,27
244,342,96,112,16,85,-11,27
52,231,56,80,24,53,-3,27
186,364,128,139,11,112,-16,27
473,245,16,27,11,0,-16,27
473,66,12,39,27,12,0,27
156,318,170,174,4,147,-23,27
234,290,115,126,11,99,-16,27
45,292,50,66,16,39,-11,27
45,288,59,70,11,43,-16,27
116,214,68,70,2,43,-25,27
187,233,181,192,11,165,-16,27
347,346,204,225,21,198,-6,27
308,290,164,177,13,150,-14,27
363,324,193,215,22,188,-5,27
236,294,127,142,15,115,-12,27
399,327,194,212,18,185,-9,27
451,67,37,38,1,11,-26,27
347,347,215,225,10,198,-17,27
85,251,162,174,12,147,-15,27
472,245,16,27,11,0,-16,27
34,248,165,178,13,151,-14,27
101,225,43,61,18,34,-9,27
288,210,253,253,0,226,-27,27
171,302,162,174,12,147,-15,27
28,282,125,128,3,101,-24,27
528,269,110,125,15,98,-12,27
151,286,150,160,10,133,-17,27
347,328,201,207,6,180,-21,27
186,233,180,192,12,165,-15,27
108,383,59,80,21,53,-6,27
185,310,103,120,17,93,-10,27
51,317,56,61,5,34,-22,27
51,316,43,61,18,34,-9,27
28,319,46,66,20,39,-7,27
28,318,50,66,16,39,-11,27
28,317,53,66,13,39,-14,27
527,269,111,128,17,101,-10,27
236,244,168,175,7,148,-20,27
399,235,84,99,15,72,-12,27
347,259,93,114,21,87,-6,27
347,258,90,103,13,76,-14,27
185,304,156,168,12,141,-15,27
151,348,95,101,6,74,-21,27
471,244,22,27,5,0,-22,27
172,303,152,164,12,137,-15,27
34,236,252,252,0,225,-27,27
472,66,13,39,26,12,-1,27
143,277,89,93,4,66,-23,27
222,296,157,165,8,138,-19,27
34,252,156,173,17,146,-10,27
338,227,46,61,15,34,-12,27
110,382,61,61,0,34,-27,27
85,253,173,182,9,155,-18,27
136,256,61,80,19,53,-8,27
234,304,106,117,11,90,-16,27
234,303,106,116,10,89,-17,27
136,255,59,80,21,53,-6,27
77,304,70,80,10,53,-17,27
77,303,70,80,10,53,-17,27
77,302,70,80,10,53,-17,27
77,301,70,80,10,53,-17,27
51,286,50,66,16,39,-11,27
51,285,39,66,27,39,0,27
137,316,56,70,14,43,-13,27
185,234,165,180,15,153,-12,27
185,233,178,192,14,165,-13,27
397,324,190,211,21,184,-6,27
364,282,216,234,18,207,-9,27
109,216,50,61,11,34,-16,27
77,241,43,66,23,39,-4,27
317,359,128,138,10,111,-17,27
317,299,230,239,9,212,-18,27
115,222,50,61,11,34,-16,27
253,263,98,120,22,93,-5,27
118,228,137,146,9,119,-18,27
115,214,61,70,9,43,-18,27
253,268,123,134,11,107,-16,27
152,247,123,137,14,110,-13,27
346,331,182,200,18,173,-9,27
137,307,144,156,12,129,-15,27
137,306,148,160,12,133,-15,27
98,367,46,61,15,34,-12,27
17,289,59,66,7,39,-20,27
310,287,237,242,5,215,-22,27
525,273,153,170,17,143,-10,27
133,354,85,93,8,66,-19,27
271,289,101,112,11,85,-16,27
173,225,195,195,0,168,-27,27
46,288,66,80,14,53,-13,27
143,289,132,147,15,120,-12,27
77,258,53,70,17,43,-10,27
173,366,106,123,17,96,-10,27
77,242,46,66,20,39,-7,27
184,232,189,202,13,175,-14,27
310,361,117,129,12,102,-15,27
346,248,234,247,13,220,-14,27
311,161,253,254,1,227,-26,27
99,226,43,61,18,34,-9,27
365,231,82,103,21,76,-6,27
74,284,46,66,20,39,-7,27
252,256,150,159,9,132,-18,27
340,88,109,112,3,85,-24,27
289,215,96,109,13,82,-14,27
101,215,56,70,14,43,-13,27
63,228,39,66,27,39,0,27
367,325,214,224,10,197,-17,27
367,328,192,215,23,188,-4,27
340,179,39,61,22,34,-5,27
173,367,122,132,10,105,-17,27
50,316,59,66,7,39,-20,27
50,315,53,66,13,39,-14,27
50,314,50,66,16,39,-11,27
50,302,39,61,22,34,-5,27
50,299,56,66,10,39,-17,27
457,250,194,205,11,178,-16,27
183,229,160,180,20,153,-7,27
311,295,159,176,17,149,-10,27
137,251,82,105,23,78,-4,27
175,231,185,202,17,175,-10,27
340,264,66,70,4,43,-23,27
565,138,15,32,17,5,-10,27
15,563,61,88,27,61,0,27
143,341,56,80,24,53,-3,27
468,243,24,27,3,0,-24,27
183,228,164,180,16,153,-11,27
458,250,192,204,12,177,-15,27
182,315,93,114,21,87,-6,27
29,355,253,253,0,226,-27,27
395,235,90,107,17,80,-10,27
459,250,191,203,12,176,-15,27
136,267,39,61,22,34,-5,27
467,243,23,27,4,0,-23,27
76,323,56,66,10,39,-17,27
86,233,39,61,22,34,-5,27
391,320,213,216,3,189,-24,27
367,326,204,220,16,193,-11,27
136,269,50,61,11,34,-16,27
316,191,92,95,3,68,-24,27
47,245,56,70,14,43,-13,27
345,248,240,247,7,220,-20,27
49,303,61,66,5,39,-22,27
49,302,61,66,5,39,-22,27
220,238,134,158,24,131,-3,27
365,317,208,216,8,189,-19,27
30,287,109,123,14,96,-13,27
137,249,89,107,18,80,-9,27
110,216,43,61,18,34,-9,27
176,231,184,202,18,175,-9,27
76,300,53,70,17,43,-10,27
251,264,110,123,13,96,-14,27
341,234,207,220,13,193,-14,27
76,313,66,80,14,53,-13,27
341,179,50,66,16,39,-11,27
76,302,53,70,17,43,-10,27
76,301,56,70,14,43,-13,27
136,268,46,61,15,34,-12,27
344,361,202,226,24,199,-3,27
74,384,253,254,1,227,-26,27
49,299,53,66,13,39,-14,27
344,262,85,101,16,74,-11,27
313,157,250,252,2,225,-25,27
126,372,59,80,21,53,-6,27
49,280,53,61,8,34,-19,27
153,339,106,114,8,87,-19,27
344,234,206,218,12,191,-15,27
342,178,64,66,2,39,-25,27
341,322,43,66,23,39,-4,27
110,229,123,132,9,105,-18,27
466,243,22,27,5,0,-22,27
155,254,124,142,18,115,-9,27
367,237,194,206,12,179,-15,27
279,353,53,70,17,43,-10,27
155,250,140,147,7,120,-20,27
251,260,99,123,24,96,-3,27
251,255,152,159,7,132,-20,27
75,269,50,70,20,43,-7,27
31,255,125,147,22,120,-5,27
31,249,176,187,11,160,-16,27
136,350,50,61,11,34,-16,27
136,349,50,61,11,34,-16,27
342,234,206,219,13,192,-14,27
32,249,169,187,18,160,-9,27
342,179,66,66,0,39,-27,27
177,309,107,123,16,96,-11,27
177,231,186,202,16,175,-11,27
392,324,195,211,16,184,-11,27
393,235,90,107,17,80,-10,27
47,370,249,253,4,226,-23,27
465,243,21,27,6,0,-21,27
75,298,46,61,15,34,-12,27
75,297,46,61,15,34,-12,27
313,363,80,101,21,74,-6,27
343,263,82,99,17,72,-10,27
290,352,147,166,19,139,-8,27
75,296,43,61,18,34,-9,27
75,295,46,61,15,34,-12,27
154,276,129,143,14,116,-13,27
518,268,152,164,12,137,-15,27
48,287,76,80,4,53,-23,27
178,314,102,116,14,89,-13,27
464,242,26,27,1,0,-26,27
343,181,34,61,27,34,0,27
178,230,201,202,1,175,-26,27
342,278,190,201,11,174,-16,27
99,367,50,61,11,34,-16,27
48,264,50,66,16,39,-11,27
177,371,50,70,20,43,-7,27
75,313,56,70,14,43,-13,27
48,311,61,70,9,43,-18,27
48,310,56,70,14,43,-13,27
48,309,53,70,17,43,-10,27
48,299,46,66,20,39,-7,27
48,286,68,80,12,53,-15,27
48,284,74,80,6,53,-21,27
463,242,25,27,2,0,-25,27
154,339,101,112,11,85,-16,27
48,288,74,80,6,53,-21,27
230,243,119,146,27,119,0,27
296,197,250,251,1,224,-26,27
413,242,190,201,11,174,-16,27
414,334,205,221,16,194,-11,27
140,322,53,61,8,34,-19,27
140,321,50,61,11,34,-16,27
140,320,46,61,15,34,-12,27
207,307,160,173,13,146,-14,27
358,342,215,220,5,193,-22,27
238,347,89,109,20,82,-7,27
413,352,223,224,1,197,-26,27
58,250,46,61,15,34,-12,27
206,363,96,119,23,92,-4,27
161,210,254,254,0,227,-27,27
135,349,34,61,27,34,0,27
39,245,160,169,9,142,-18,27
263,271,130,143,13,116,-14,27
229,300,122,128,6,101,-21,27
81,320,122,133,11,106,-16,27
230,354,82,105,23,78,-4,27
230,307,96,111,15,85,-11,26
119,386,253,255,2,229,-24,26
119,380,56,72,16,46,-10,26
81,321,119,131,12,105,-14,26
282,357,151,167,16,141,-10,26
229,299,123,128,5,102,-21,26
160,347,111,122,11,96,-15,26
328,197,85,92,7,66,-19,26
39,288,98,98,0,72,-26,26
39,293,68,90,22,64,-4,26
231,301,82,102,20,76,-6,26
142,215,248,251,3,225,-23,26
142,214,251,254,3,228,-23,26
262,321,72,85,13,59,-13,26
262,304,87,102,15,76,-11,26
326,356,144,159,15,133,-11,26
327,133,118,122,4,96,-22,26
327,132,120,122,2,96,-24,26
327,131,118,122,4,96,-22,26
81,272,178,186,8,160,-18,26
160,277,131,153,22,127,-4,26
376,331,206,220,14,194,-12,26
39,230,239,253,14,227,-12,26
160,311,106,122,16,96,-10,26
21,288,92,92,0,66,-26,26
357,321,166,182,16,156,-10,26
179,316,120,128,8,102,-18,26
179,314,95,111,16,85,-10,26
179,309,116,128,12,102,-14,26
342,262,74,82,8,56,-18,26
154,374,61,72,11,46,-15,26
136,316,59,76,17,50,-9,26
177,305,144,156,12,130,-14,26
177,226,155,177,22,151,-4,26
315,220,53,72,19,46,-7,26
464,530,252,253,1,227,-25,26
154,215,160,166,6,140,-20,26
343,261,74,85,11,59,-15,26
313,360,123,135,12,109,-14,26
272,362,141,156,15,130,-11,26
235,300,110,125,15,99,-11,26
144,224,68,85,17,59,-9,26
520,269,147,161,14,135,-12,26
180,364,105,124,19,98,-7,26
516,53,253,253,0,227,-26,26
176,376,53,72,19,46,-7,26
124,372,53,76,23,50,-3,26
100,215,53,72,19,46,-7,26
136,288,163,170,7,144,-19,26
155,275,128,149,21,123,-5,26
462,251,195,206,11,180,-15,26
179,373,59,72,13,46,-13,26
153,340,92,106,14,80,-12,26
153,381,56,82,26,56,0,26
366,237,197,208,11,182,-15,26
16,302,72,72,0,46,-26,26
249,253,155,160,5,134,-21,26
31,273,103,116,13,90,-13,26
219,268,157,168,11,142,-15,26
290,380,43,58,15,32,-11,26
181,369,53,76,23,50,-3,26
30,273,116,119,3,93,-23,26
521,269,142,154,12,128,-14,26
110,214,50,72,22,46,-4,26
176,229,195,202,7,176,-19,26
47,282,80,87,7,61,-19,26
235,288,130,143,13,117,-13,26
235,287,133,146,13,120,-13,26
316,188,50,76,26,50,0,26
153,301,172,178,6,152,-20,26
344,280,208,227,19,201,-7,26
181,223,177,187,10,161,-16,26
30,319,61,76,15,50,-11,26
365,325,199,218,19,192,-7,26
395,234,82,90,8,64,-18,26
345,320,53,72,19,46,-7,26
522,269,137,148,11,122,-15,26
30,264,144,168,24,142,-2,26
30,263,167,168,1,142,-25,26
514,266,152,164,12,138,-14,26
271,291,89,102,13,76,-13,26
391,325,211,221,10,195,-16,26
316,216,78,82,4,56,-22,26
47,244,61,82,21,56,-5,26
32,358,251,253,2,227,-24,26
174,379,59,76,17,50,-9,26
345,259,84,92,8,66,-18,26
312,190,72,85,13,59,-13,26
365,329,220,226,6,200,-20,26
395,355,225,226,1,200,-25,26
29,305,89,98,9,72,-17,26
174,367,123,132,9,106,-17,26
134,355,82,90,8,64,-18,26
134,354,74,90,16,64,-10,26
134,353,66,85,19,59,-7,26
340,234,210,221,11,195,-15,26
143,303,137,149,12,123,-14,26
143,302,147,159,12,133,-14,26
155,339,90,106,16,80,-10,26
174,231,186,202,16,176,-10,26
174,226,190,195,5,169,-21,26
152,310,80,96,16,70,-10,26
345,361,205,228,23,202,-3,26
182,318,135,144,9,118,-17,26
395,327,214,223,9,197,-17,26
395,325,190,208,18,182,-8,26
74,280,56,72,16,46,-10,26
74,279,56,72,16,46,-10,26
74,278,56,72,16,46,-10,26
252,266,117,127,10,101,-16,26
252,265,110,122,12,96,-14,26
33,253,156,170,14,144,-12,26
122,380,68,76,8,50,-18,26
155,377,85,98,13,72,-13,26
33,272,70,96,26,70,0,26
33,271,78,96,18,70,-8,26
152,286,160,173,13,147,-13,26
29,317,53,76,23,50,-3,26
29,306,72,98,26,72,0,26
62,212,249,252,3,226,-23,26
219,234,251,253,2,227,-24,26
217,361,95,116,21,90,-5,26
29,298,78,96,18,70,-8,26
156,212,151,176,25,150,-1,26
469,253,197,207,10,181,-16,26
469,244,0,26,26,0,0,26
339,268,70,90,20,64,-6,26
46,280,96,96,0,70,-26,26
143,288,122,138,16,112,-10,26
390,323,196,211,15,185,-11,26
122,371,61,72,11,46,-15,26
33,284,68,85,17,59,-9,26
184,233,177,191,14,165,-12,26
273,296,84,98,14,72,-12,26
152,301,170,177,7,151,-19,26
17,284,68,72,4,46,-22,26
17,280,59,85,26,59,0,26
144,277,76,92,16,66,-10,26
273,362,141,157,16,131,-10,26
74,244,59,72,13,46,-13,26
470,244,17,26,9,0,-17,26
173,304,145,155,10,129,-16,26
77,289,76,96,20,70,-6,26
471,66,30,39,9,13,-17,26
172,366,105,122,17,96,-9,26
143,273,61,87,26,61,0,26
141,288,124,141,17,115,-9,26
46,245,61,76,15,50,-11,26
74,243,59,72,13,46,-13,26
74,242,59,72,13,46,-13,26
525,53,253,253,0,227,-26,26
127,378,50,76,26,50,0,26
183,373,70,92,22,66,-4,26
133,373,59,72,13,46,-13,26
288,223,72,90,18,64,-8,26
567,139,34,43,9,17,-17,26
471,67,26,39,13,13,-13,26
234,306,109,118,9,92,-17,26
222,235,252,253,1,227,-25,26
115,229,131,144,13,118,-13,26
338,360,182,189,7,163,-19,26
77,313,78,90,12,64,-14,26
77,305,70,82,12,56,-14,26
318,188,80,87,7,61,-19,26
526,270,128,137,9,111,-17,26
151,380,84,90,6,64,-20,26
309,311,141,145,4,119,-22,26
74,241,56,72,16,46,-10,26
397,326,192,210,18,184,-8,26
184,307,130,141,11,115,-15,26
528,271,135,149,14,123,-12,26
528,268,101,111,10,85,-16,26
308,361,120,132,12,106,-14,26
245,250,146,155,9,129,-17,26
28,306,85,98,13,72,-13,26
28,305,98,98,0,72,-26,26
28,298,95,96,1,70,-25,26
452,249,188,199,11,173,-15,26
151,301,169,177,8,151,-18,26
185,316,89,111,22,85,-4,26
291,341,70,85,15,59,-11,26
216,295,105,116,11,90,-15,26
253,269,127,141,14,115,-12,26
77,320,70,82,12,56,-14,26
77,317,70,85,15,59,-11,26
368,513,255,255,0,229,-26,26
137,351,59,72,13,46,-13,26
236,293,129,142,13,116,-13,26
186,321,150,157,7,131,-19,26
137,349,61,72,11,46,-15,26
137,348,61,72,11,46,-15,26
85,250,159,170,11,144,-15,26
85,249,156,166,10,140,-16,26
45,296,66,76,10,50,-16,26
45,295,53,76,23,50,-3,26
45,294,59,76,17,50,-9,26
171,374,53,72,19,46,-7,26
234,302,105,115,10,89,-16,26
156,313,140,151,11,125,-15,26
156,328,142,143,1,117,-25,26
319,144,251,253,2,227,-24,26
137,347,64,72,8,46,-18,26
399,323,215,222,7,196,-19,26
236,291,132,145,13,119,-13,26
236,302,125,138,13,112,-13,26
187,224,175,187,12,161,-14,26
34,284,72,85,13,59,-13,26
141,280,95,98,3,72,-23,26
141,278,90,96,6,70,-20,26
369,329,188,212,24,186,-2,26
234,292,110,122,12,96,-14,26
510,264,151,163,12,137,-14,26
45,293,59,76,17,50,-9,26
171,227,182,195,13,169,-13,26
171,226,178,195,17,169,-9,26
171,225,190,195,5,169,-21,26
52,237,66,72,6,46,-20,26
529,269,107,124,17,98,-9,26
363,282,218,236,18,210,-8,26
150,382,72,85,13,59,-13,26
150,381,85,85,0,59,-26,26
150,380,76,85,9,59,-17,26
337,496,253,254,1,228,-25,26
319,188,85,87,2,61,-24,26
510,53,253,253,0,227,-26,26
170,374,56,72,16,46,-10,26
170,371,72,98,26,72,0,26
370,238,198,209,11,183,-15,26
169,374,53,72,19,46,-7,26
337,271,68,87,19,61,-7,26
187,292,166,177,11,151,-15,26
151,220,155,161,6,135,-20,26
138,226,128,133,5,107,-21,26
151,248,110,125,15,99,-11,26
35,243,184,199,15,173,-11,26
477,246,18,26,8,0,-18,26
287,261,175,190,15,164,-11,26
156,385,50,72,22,46,-4,26
169,367,112,125,13,99,-13,26
337,191,66,72,6,46,-20,26
319,307,247,250,3,224,-23,26
111,225,68,85,17,59,-9,26
475,339,218,232,14,206,-12,26
386,279,233,235,2,209,-24,26
157,225,89,110,21,84,-5,26
150,312,87,90,3,64,-23,26
150,333,78,82,4,56,-22,26
138,242,101,127,26,101,0,26
530,52,254,255,1,229,-25,26
363,322,219,225,6,199,-20,26
138,305,144,156,12,130,-14,26
189,289,137,156,19,130,-7,26
215,291,111,129,18,103,-8,26
128,380,84,87,3,61,-23,26
18,280,59,72,13,46,-13,26
531,269,106,122,16,96,-10,26
349,257,102,118,16,92,-10,26
188,293,163,173,10,147,-16,26
447,69,32,35,3,9,-23,26
446,248,183,194,11,168,-15,26
144,310,66,82,16,56,-10,26
106,228,102,115,13,89,-13,26
18,284,59,72,13,46,-13,26
320,188,82,87,5,61,-21,26
78,295,92,102,10,76,-16,26
35,248,157,167,10,141,-16,26
26,309,66,82,16,56,-10,26
26,306,78,90,12,64,-14,26
26,292,96,106,10,80,-16,26
26,291,80,106,26,80,0,26
132,378,72,85,13,59,-13,26
78,313,90,102,12,76,-14,26
84,297,156,170,14,144,-12,26
84,294,169,177,8,151,-18,26
78,307,84,98,14,72,-12,26
78,306,82,96,14,70,-12,26
167,220,153,170,17,144,-9,26
269,294,56,72,16,46,-10,26
141,308,103,116,13,90,-13,26
141,306,118,131,13,105,-13,26
256,239,249,254,5,228,-21,26
149,382,84,85,1,59,-25,26
18,282,61,72,11,46,-15,26
237,303,138,151,13,125,-13,26
237,291,143,156,13,130,-13,26
26,301,98,116,18,90,-8,26
26,293,90,106,16,80,-10,26
35,272,59,76,17,50,-9,26
157,313,138,151,13,125,-13,26
507,262,150,156,6,130,-20,26
78,325,70,85,15,59,-11,26
35,303,70,85,15,59,-11,26
223,308,142,151,9,125,-17,26
269,282,118,128,10,102,-16,26
43,304,82,87,5,61,-21,26
190,311,64,72,8,46,-18,26
401,70,254,254,0,228,-26,26
26,310,74,82,8,56,-18,26
132,372,72,85,13,59,-13,26
214,321,112,124,12,98,-14,26
214,320,114,124,10,98,-16,26
402,326,194,211,17,185,-9,26
402,241,197,207,10,181,-16,26
149,287,130,142,12,116,-14,26
321,301,152,164,12,138,-14,26
43,279,90,98,8,72,-18,26
43,275,76,98,22,72,-4,26
384,322,213,223,10,197,-16,26
35,304,59,76,17,50,-9,26
256,311,116,128,12,102,-14,26
166,221,146,154,8,128,-18,26
165,380,66,82,16,56,-10,26
157,374,72,85,13,59,-13,26
149,299,182,194,12,168,-14,26
138,344,74,82,8,56,-18,26
149,225,70,96,26,70,0,26
350,318,70,85,15,59,-11,26
442,65,254,254,0,228,-26,26
257,277,140,151,11,125,-15,26
79,251,56,72,16,46,-10,26
43,231,192,208,16,182,-10,26
165,332,151,159,8,133,-18,26
165,331,153,160,7,134,-19,26
165,305,98,118,20,92,-6,26
286,362,124,138,14,112,-12,26
36,238,203,225,22,199,-4,26
191,317,72,85,13,59,-13,26
116,229,139,149,10,123,-16,26
116,223,59,72,13,46,-13,26
132,373,59,72,13,46,-13,26
54,221,204,212,8,186,-18,26
25,309,78,82,4,56,-22,26
293,391,254,255,1,229,-25,26
54,248,78,82,4,56,-22,26
192,365,133,135,2,109,-24,26
192,232,192,193,1,167,-25,26
79,300,93,106,13,80,-13,26
142,339,61,82,21,56,-5,26
121,380,64,76,12,50,-14,26
384,234,80,98,18,72,-8,26
281,225,68,90,22,64,-4,26
257,271,106,119,13,93,-13,26
483,256,182,195,13,169,-13,26
351,81,61,72,11,46,-15,26
144,343,53,76,23,50,-3,26
362,236,201,210,9,184,-17,26
193,319,68,85,17,59,-9,26
131,314,173,184,11,158,-15,26
304,193,96,115,19,89,-7,26
131,373,59,72,13,46,-13,26
83,334,96,110,14,84,-12,26
83,330,112,124,12,98,-14,26
268,279,125,132,7,106,-19,26
83,336,90,102,12,76,-14,26
158,255,127,138,11,112,-15,26
79,313,102,115,13,89,-13,26
83,335,93,106,13,80,-13,26
36,273,64,82,18,56,-8,26
164,380,70,82,12,56,-14,26
164,379,59,72,13,46,-13,26
131,372,72,85,13,59,-13,26
148,314,66,76,10,50,-16,26
79,309,99,111,12,85,-14,26
79,308,98,110,12,84,-14,26
79,303,92,106,14,80,-12,26
164,339,129,141,12,115,-14,26
225,236,253,254,1,228,-25,26
371,358,223,225,2,199,-24,26
79,329,70,85,15,59,-11,26
158,324,136,156,20,130,-6,26
158,323,133,156,23,130,-3,26
36,303,76,85,9,59,-17,26
25,293,95,106,11,80,-15,26
25,292,106,106,0,80,-26,26
25,291,96,106,10,80,-16,26
139,240,117,136,19,110,-7,26
439,242,98,116,18,90,-8,26
242,350,68,90,22,64,-4,26
258,262,153,165,12,139,-14,26
42,259,106,127,21,101,-5,26
267,310,46,72,26,46,0,26
112,230,134,148,14,122,-12,26
83,264,178,188,10,162,-16,26
42,233,202,209,7,183,-19,26
79,333,59,72,13,46,-13,26
158,335,109,115,6,89,-20,26
194,374,252,254,2,228,-24,26
437,242,103,119,16,93,-10,26
25,263,197,202,5,176,-21,26
351,317,66,85,19,59,-7,26
405,332,221,230,9,204,-17,26
405,327,196,210,14,184,-12,26
405,326,208,218,10,192,-16,26
25,273,146,148,2,122,-24,26
333,110,106,127,21,101,-5,26
323,356,149,161,12,135,-14,26
258,278,134,145,11,119,-15,26
258,275,120,135,15,109,-11,26
37,238,205,207,2,181,-24,26
285,222,93,102,9,76,-17,26
382,240,198,209,11,183,-15,26
225,294,147,164,17,138,-9,26
225,291,153,167,14,141,-12,26
37,253,150,161,11,135,-15,26
163,324,148,155,7,129,-19,26
147,381,59,82,23,56,-3,26
147,369,101,106,5,80,-21,26
130,373,59,72,13,46,-13,26
54,374,251,252,1,226,-25,26
257,331,59,82,23,56,-3,26
83,215,72,72,0,46,-26,26
159,254,138,153,15,127,-11,26
65,245,66,76,10,50,-16,26
159,252,153,167,14,141,-12,26
80,297,111,124,13,98,-13,26
324,204,82,90,8,64,-18,26
163,315,141,156,15,130,-11,26
266,312,56,76,20,50,-6,26
37,299,76,85,9,59,-17,26
332,115,109,111,2,85,-24,26
147,298,182,193,11,167,-15,26
197,297,112,125,13,99,-13,26
197,290,144,160,16,134,-10,26
433,241,99,118,19,92,-7,26
196,323,136,146,10,120,-16,26
352,315,64,82,18,56,-8,26
162,372,72,87,15,61,-11,26
325,188,90,90,0,64,-26,26
162,326,125,146,21,120,-5,26
372,333,217,226,9,200,-17,26
41,227,239,249,10,223,-16,26
488,257,173,186,13,160,-13,26
80,318,115,125,10,99,-16,26
23,308,70,85,15,59,-11,26
23,305,76,90,14,64,-12,26
147,290,143,158,15,132,-11,26
72,215,153,174,21,148,-5,26
197,313,56,72,16,46,-10,26
92,214,61,72,11,46,-15,26
19,279,56,72,16,46,-10,26
238,291,155,168,13,142,-13,26
147,307,66,85,19,59,-7,26
199,318,109,119,10,93,-16,26
407,321,219,219,0,193,-26,26
129,373,56,72,16,46,-10,26
325,203,80,90,10,64,-16,26
80,337,59,72,13,46,-13,26
142,271,68,90,22,64,-4,26
381,240,199,210,11,184,-15,26
80,333,68,82,14,56,-12,26
80,332,72,85,13,59,-13,26
82,302,130,141,11,115,-15,26
354,314,68,87,19,61,-7,26
429,246,179,190,11,164,-15,26
23,285,78,102,24,76,-2,26
19,303,53,72,19,46,-7,26
301,197,111,115,4,89,-22,26
80,306,107,119,12,93,-14,26
40,278,96,110,14,84,-12,26
40,295,72,87,15,61,-11,26
159,348,107,118,11,92,-15,26
159,346,96,111,15,85,-11,26
113,230,139,148,9,122,-17,26
283,363,135,146,11,120,-15,26
265,271,141,155,14,129,-12,26
325,355,159,170,11,144,-15,26
260,279,119,135,16,109,-10,26
260,277,111,124,13,98,-13,26
378,332,208,220,12,194,-14,26
159,343,80,98,18,72,-8,26
201,235,152,170,18,144,-8,26
427,245,168,180,12,154,-14,26
200,317,115,124,9,98,-17,26
200,235,152,170,18,144,-8,26
326,231,221,225,4,199,-22,26
377,280,218,228,10,202,-16,26
377,279,203,225,22,199,-4,26
229,298,124,129,5,103,-21,26
378,320,215,225,10,199,-16,26
261,277,105,115,10,89,-16,26
38,295,78,87,9,61,-17,26
38,294,70,87,17,61,-9,26
424,243,154,167,13,141,-13,26
356,256,216,227,11,201,-15,26
356,255,218,227,9,201,-17,26
201,316,114,127,13,101,-13,26
202,235,152,170,18,144,-8,26
356,258,219,228,9,202,-17,26
356,257,216,227,11,201,-15,26
162,315,144,156,12,130,-14,26
59,249,61,72,11,46,-15,26
140,308,109,124,15,98,-11,26
161,340,87,106,19,80,-7,26
161,315,147,156,9,130,-17,26
377,332,202,217,15,191,-11,26
377,331,212,222,10,196,-16,26
160,264,141,149,8,123,-18,26
261,302,107,119,12,93,-14,26
203,301,151,162,11,136,-15,26
423,243,158,170,12,144,-14,26
130,273,188,193,5,167,-21,26
202,298,146,160,14,134,-12,26
202,297,153,163,10,137,-16,26
295,345,178,195,17,169,-9,26
202,308,106,118,12,92,-14,26
159,383,66,72,6,46,-20,26
296,398,253,254,1,228,-25,26
141,340,82,87,5,61,-21,26
81,310,123,136,13,110,-13,26
81,335,72,87,15,61,-11,26
81,334,76,90,14,64,-12,26
231,287,129,141,12,115,-14,26
376,239,195,206,11,180,-15,26
206,308,146,160,14,134,-12,26
415,334,201,218,17,192,-9,26
145,346,70,82,12,56,-14,26
417,335,205,220,15,194,-11,26
239,301,167,177,10,151,-16,26
21,295,70,72,2,46,-24,26
160,305,93,111,18,85,-8,26
263,281,103,111,8,85,-18,26
67,217,164,168,4,142,-22,26
141,271,89,90,1,64,-25,26
178,307,133,143,10,117,-16,26
178,231,192,202,10,176,-16,26
178,225,164,179,15,153,-11,26
106,227,90,102,12,76,-14,26
106,226,78,90,12,64,-14,26
235,297,111,125,14,99,-12,26
48,234,144,156,12,130,-14,26
343,234,206,218,12,192,-14,26
75,312,56,72,16,46,-10,26
290,223,68,87,19,61,-7,26
393,326,212,222,10,196,-16,26
314,220,68,72,4,46,-22,26
154,340,87,106,19,80,-7,26
414,335,218,227,9,201,-17,26
95,236,151,163,12,137,-14,26
66,359,34,53,19,28,-6,25
375,239,198,208,10,183,-15,25
229,303,116,123,7,98,-18,25
375,335,215,224,9,199,-16,25
375,330,209,220,11,195,-14,25
345,314,34,46,12,21,-13,25
74,320,43,53,10,28,-15,25
345,273,197,207,10,182,-15,25
459,311,34,46,12,21,-13,25
365,363,28,46,18,21,-7,25
365,310,34,53,19,28,-6,25
459,297,43,46,3,21,-22,25
376,296,43,46,3,21,-22,25
231,302,82,101,19,76,-6,25
142,216,249,250,1,225,-24,25
328,291,34,46,12,21,-13,25
140,324,59,64,5,39,-20,25
140,319,43,59,16,34,-9,25
207,306,166,175,9,150,-16,25
239,293,170,180,10,155,-15,25
239,292,168,180,12,155,-13,25
358,509,53,53,0,28,-25,25
550,283,21,46,25,21,0,25
81,303,115,130,15,105,-10,25
262,301,103,112,9,87,-16,25
104,223,39,53,14,28,-11,25
39,229,249,252,3,227,-22,25
160,314,144,150,6,125,-19,25
107,216,39,59,20,34,-5,25
239,300,170,179,9,154,-16,25
58,270,59,68,9,43,-16,25
358,365,46,46,0,21,-25,25
358,364,28,46,18,21,-7,25
58,263,21,46,25,21,0,25
49,324,59,64,5,39,-20,25
181,366,142,144,2,119,-23,25
74,321,39,53,14,28,-11,25
521,299,28,46,18,21,-7,25
30,283,116,123,7,98,-18,25
74,372,56,59,3,34,-22,25
49,286,59,78,19,53,-6,25
459,529,254,255,1,230,-24,25
395,320,222,223,1,198,-24,25
395,241,199,211,12,186,-13,25
95,228,39,59,20,34,-5,25
359,509,53,53,0,28,-25,25
58,287,50,59,9,34,-16,25
239,250,117,139,22,114,-3,25
58,261,28,46,18,21,-7,25
229,308,103,115,12,90,-13,25
229,307,109,118,9,93,-16,25
229,304,115,123,8,98,-17,25
376,511,28,46,18,21,-7,25
329,183,80,84,4,59,-21,25
493,60,21,43,22,18,-3,25
263,300,90,103,13,78,-12,25
38,355,43,59,16,34,-9,25
493,259,174,184,10,159,-15,25
39,317,53,59,6,34,-19,25
496,281,34,46,12,21,-13,25
416,281,43,46,3,21,-22,25
58,249,59,68,9,43,-16,25
358,325,220,225,5,200,-20,25
460,317,28,46,18,21,-7,25
344,315,34,46,12,21,-13,25
74,373,43,59,16,34,-9,25
460,297,43,46,3,21,-22,25
181,227,178,188,10,163,-15,25
344,289,34,46,12,21,-13,25
50,278,43,53,10,28,-15,25
74,287,46,59,13,34,-12,25
50,274,59,59,0,34,-25,25
50,273,50,59,9,34,-16,25
50,272,46,59,13,34,-12,25
497,332,221,222,1,197,-24,25
497,280,46,59,13,34,-12,25
82,223,28,46,18,21,-7,25
82,221,39,53,14,28,-11,25
82,218,59,59,0,34,-25,25
82,229,34,53,19,28,-6,25
82,228,39,53,14,28,-11,25
82,227,43,53,10,28,-15,25
411,242,194,205,11,180,-14,25
38,318,34,53,19,28,-6,25
38,312,43,59,16,34,-9,25
38,311,43,59,16,34,-9,25
104,217,39,53,14,28,-11,25
326,298,34,46,12,21,-13,25
264,271,134,149,15,124,-10,25
264,270,143,155,12,130,-13,25
263,358,90,103,13,78,-12,25
357,509,53,53,0,28,-25,25
94,383,50,68,18,43,-7,25
418,336,213,224,11,199,-14,25
418,68,252,252,0,227,-25,25
81,243,53,68,15,43,-10,25
62,259,39,53,14,28,-11,25
395,231,21,46,25,21,0,25
219,320,21,46,25,21,0,25
109,230,130,140,10,115,-15,25
49,251,46,64,18,39,-7,25
344,275,195,205,10,180,-15,25
313,189,76,89,13,64,-12,25
313,188,89,89,0,64,-25,25
461,296,43,46,3,21,-22,25
461,279,39,46,7,21,-18,25
137,264,34,59,25,34,0,25
358,91,46,64,18,39,-7,25
205,308,134,150,16,125,-9,25
357,365,46,46,0,21,-25,25
297,332,98,109,11,84,-14,25
140,286,105,120,15,95,-10,25
419,336,208,221,13,196,-12,25
57,285,50,59,9,34,-16,25
573,538,20,43,23,18,-2,25
152,344,39,64,25,39,0,25
519,315,21,46,25,21,0,25
136,341,28,53,25,28,0,25
397,241,198,209,11,184,-14,25
118,222,46,64,18,39,-7,25
394,235,90,107,17,82,-8,25
62,277,43,53,10,28,-15,25
62,275,34,46,12,21,-13,25
394,323,186,207,21,182,-4,25
366,231,80,99,19,74,-6,25
81,227,46,53,7,28,-18,25
81,226,28,46,18,21,-7,25
81,225,21,46,25,21,0,25
81,224,21,46,25,21,0,25
57,282,28,46,18,21,-7,25
94,217,34,46,12,21,-13,25
420,235,21,46,25,21,0,25
57,277,43,53,10,28,-15,25
57,276,53,59,6,34,-19,25
57,261,21,46,25,21,0,25
57,260,21,46,25,21,0,25
40,276,114,118,4,93,-21,25
326,201,84,89,5,64,-20,25
81,223,34,46,12,21,-13,25
81,218,43,59,16,34,-9,25
159,372,56,78,22,53,-3,25
67,249,53,64,11,39,-14,25
420,322,220,220,0,195,-25,25
410,277,236,237,1,212,-24,25
204,307,126,142,16,117,-9,25
204,302,157,167,10,142,-15,25
519,269,153,167,14,142,-11,25
48,326,28,46,18,21,-7,25
462,279,39,46,7,21,-18,25
248,356,82,107,25,82,0,25
179,310,106,118,12,93,-13,25
179,308,127,137,10,112,-15,25
462,295,43,46,3,21,-22,25
456,250,196,206,10,181,-15,25
246,341,99,107,8,82,-17,25
377,335,203,217,14,192,-11,25
284,221,101,101,0,76,-25,25
379,82,46,53,7,28,-18,25
65,359,43,53,10,28,-15,25
140,305,131,143,12,118,-13,25
421,243,167,178,11,153,-14,25
357,289,43,46,3,21,-22,25
162,224,122,128,6,103,-19,25
162,223,111,128,17,103,-8,25
81,242,46,64,18,39,-7,25
330,124,119,120,1,95,-24,25
330,122,111,120,9,95,-16,25
67,226,50,59,9,34,-16,25
21,310,43,59,16,34,-9,25
276,373,252,252,0,227,-25,25
357,91,46,64,18,39,-7,25
228,355,87,103,16,78,-9,25
378,81,28,46,18,21,-7,25
75,292,53,68,15,43,-10,25
75,321,50,59,9,34,-16,25
235,299,109,124,15,99,-10,25
235,298,110,124,14,99,-11,25
366,290,39,46,7,21,-18,25
394,241,200,211,11,186,-14,25
29,297,70,95,25,70,0,25
524,273,153,169,16,144,-9,25
364,363,28,46,18,21,-7,25
17,285,56,68,12,43,-13,25
330,203,53,59,6,34,-19,25
330,202,43,59,16,34,-9,25
260,307,99,112,13,87,-12,25
40,314,56,59,3,34,-22,25
40,311,43,59,16,34,-9,25
40,282,80,101,21,76,-4,25
356,365,46,46,0,21,-25,25
356,509,53,53,0,28,-25,25
422,243,161,173,12,148,-13,25
240,250,128,139,11,114,-14,25
162,266,131,143,12,118,-13,25
144,278,85,95,10,70,-15,25
249,262,111,123,12,98,-13,25
518,302,28,46,18,21,-7,25
136,324,28,46,18,21,-7,25
154,301,173,179,6,154,-19,25
31,303,70,89,19,64,-6,25
48,308,50,68,18,43,-7,25
366,300,34,46,12,21,-13,25
273,294,93,105,12,80,-13,25
310,417,43,53,10,28,-15,25
346,260,92,109,17,84,-8,25
96,209,255,255,0,230,-25,25
19,328,34,59,25,34,0,25
295,343,194,208,14,183,-11,25
238,303,151,163,12,138,-13,25
19,318,46,53,7,28,-18,25
19,317,43,53,10,28,-15,25
552,48,255,255,0,230,-25,25
202,316,123,134,11,109,-14,25
202,315,118,130,12,105,-13,25
330,285,28,46,18,21,-7,25
330,284,28,46,18,21,-7,25
330,204,56,59,3,34,-22,25
260,278,115,130,15,105,-10,25
260,274,96,112,16,87,-9,25
162,314,130,147,17,122,-8,25
499,261,170,180,10,155,-15,25
380,240,201,210,9,185,-16,25
105,217,46,53,7,28,-18,25
12,281,252,252,0,227,-25,25
424,244,163,175,12,150,-13,25
140,282,78,93,15,68,-10,25
146,280,90,101,11,76,-14,25
99,383,59,59,0,34,-25,25
393,241,201,211,10,186,-15,25
125,372,56,78,22,53,-3,25
220,269,142,157,15,132,-10,25
393,293,39,53,14,28,-11,25
272,293,89,101,12,76,-13,25
272,292,93,105,12,80,-13,25
272,291,96,109,13,84,-12,25
455,315,28,46,18,21,-7,25
346,313,28,46,18,21,-7,25
524,296,28,46,18,21,-7,25
51,217,245,253,8,228,-17,25
325,297,46,53,7,28,-18,25
265,357,103,103,0,78,-25,25
21,332,50,59,9,34,-16,25
424,355,43,46,3,21,-22,25
56,336,39,53,14,28,-11,25
56,335,43,53,10,28,-15,25
356,310,21,46,25,21,0,25
356,289,43,46,3,21,-22,25
146,308,66,84,18,59,-7,25
260,303,114,124,10,99,-15,25
260,302,117,127,10,102,-15,25
265,270,149,159,10,134,-15,25
82,324,123,134,11,109,-14,25
265,288,90,95,5,70,-20,25
379,337,207,219,12,194,-13,25
379,333,204,217,13,192,-12,25
96,216,43,59,16,34,-9,25
408,287,43,53,10,28,-15,25
410,234,28,46,18,21,-7,25
409,512,28,46,18,21,-7,25
80,310,111,124,13,99,-12,25
80,309,110,123,13,98,-12,25
265,279,85,109,24,84,-1,25
80,319,115,123,8,98,-17,25
56,290,46,46,0,21,-25,25
56,284,50,59,9,34,-16,25
355,509,53,53,0,28,-25,25
22,284,90,101,11,76,-14,25
201,295,163,169,6,144,-19,25
356,93,50,64,14,39,-11,25
260,264,155,167,12,142,-13,25
82,322,128,139,11,114,-14,25
325,281,46,46,0,21,-25,25
314,192,85,95,10,70,-15,25
136,337,21,46,25,21,0,25
154,338,106,115,9,90,-16,25
75,323,43,59,16,34,-9,25
75,322,46,59,13,34,-12,25
48,269,43,68,25,43,0,25
48,265,59,64,5,39,-20,25
144,276,66,89,23,64,-2,25
61,338,28,46,18,21,-7,25
17,288,59,64,5,39,-20,25
398,235,85,101,16,76,-9,25
80,299,106,118,12,93,-13,25
331,121,120,120,0,95,-25,25
41,231,221,228,7,203,-18,25
380,333,211,220,9,195,-16,25
356,91,46,64,18,39,-7,25
356,90,64,68,4,43,-21,25
93,215,46,64,18,39,-7,25
56,291,34,46,12,21,-13,25
517,268,156,169,13,144,-12,25
178,227,151,176,25,151,0,25
154,347,74,84,10,59,-15,25
29,264,142,167,25,142,0,25
29,263,162,167,5,142,-20,25
152,246,134,143,9,118,-16,25
184,302,177,192,15,167,-10,25
184,298,204,222,18,197,-7,25
184,297,203,222,19,197,-6,25
80,307,109,120,11,95,-14,25
80,305,107,117,10,92,-15,25
80,304,106,117,11,92,-14,25
355,310,28,46,18,21,-7,25
56,280,21,46,25,21,0,25
56,275,53,59,6,34,-19,25
140,244,135,139,4,114,-21,25
56,268,78,84,6,59,-19,25
56,266,80,84,4,59,-21,25
426,354,43,46,3,21,-22,25
331,202,59,59,0,34,-25,25
266,271,148,159,11,134,-14,25
355,289,43,46,3,21,-22,25
355,260,219,228,9,203,-16,25
22,318,59,59,0,34,-25,25
80,296,112,126,14,101,-11,25
82,339,72,84,12,59,-13,25
82,336,80,93,13,68,-12,25
106,225,66,78,12,53,-13,25
106,224,56,68,12,43,-13,25
106,223,50,59,9,34,-16,25
51,241,59,78,19,53,-6,25
51,240,53,78,25,53,0,25
88,215,50,59,9,34,-16,25
310,173,116,128,12,103,-13,25
199,310,66,84,18,59,-7,25
22,313,53,59,6,34,-19,25
427,354,46,46,0,21,-25,25
427,276,223,224,1,199,-24,25
355,90,64,68,4,43,-21,25
22,334,46,68,22,43,-3,25
92,370,39,59,20,34,-5,25
92,365,50,64,14,39,-11,25
92,364,59,68,9,43,-16,25
163,255,172,176,4,151,-21,25
331,315,39,46,7,21,-18,25
454,348,21,46,25,21,0,25
250,264,117,128,11,103,-14,25
250,263,111,123,12,98,-13,25
134,323,46,68,22,43,-3,25
177,315,116,127,11,102,-14,25
397,359,43,46,3,21,-22,25
397,328,216,224,8,199,-17,25
61,342,43,53,10,28,-15,25
364,295,50,53,3,28,-22,25
364,288,43,46,3,21,-22,25
98,383,59,59,0,34,-25,25
324,284,53,53,0,28,-25,25
324,357,135,149,14,124,-11,25
324,451,43,46,3,21,-22,25
324,450,46,46,0,21,-25,25
41,259,103,126,23,101,-2,25
199,320,120,134,14,109,-11,25
56,242,46,59,13,34,-12,25
56,241,43,59,16,34,-9,25
199,293,163,170,7,145,-18,25
428,354,46,46,0,21,-25,25
407,353,224,225,1,200,-24,25
407,327,203,213,10,188,-15,25
407,287,43,53,10,28,-15,25
409,234,28,53,25,28,0,25
408,512,28,46,18,21,-7,25
354,509,53,53,0,28,-25,25
259,277,119,134,15,109,-10,25
259,273,102,117,15,92,-10,25
284,348,76,78,2,53,-23,25
516,304,28,46,18,21,-7,25
32,260,168,181,13,156,-12,25
342,185,50,53,3,28,-22,25
137,317,50,59,9,34,-16,25
309,361,119,130,11,105,-14,25
185,232,191,202,11,177,-14,25
274,242,251,252,1,227,-24,25
152,224,70,95,25,70,0,25
74,235,56,64,8,39,-17,25
74,234,50,64,14,39,-11,25
74,233,46,64,18,39,-7,25
392,320,216,219,3,194,-22,25
354,262,218,227,9,202,-16,25
487,281,43,46,3,21,-22,25
83,221,28,53,25,28,0,25
199,306,72,89,17,64,-8,25
55,348,50,59,9,34,-16,25
354,312,61,64,3,39,-22,25
354,310,34,46,12,21,-13,25
429,354,46,46,0,21,-25,25
429,323,216,216,0,191,-25,25
62,342,39,46,7,21,-18,25
125,221,34,53,19,28,-6,25
76,261,43,64,21,39,-4,25
155,246,151,163,12,138,-13,25
32,269,98,117,19,92,-6,25
176,383,253,253,0,228,-25,25
465,291,43,46,3,21,-22,25
342,175,34,53,19,28,-6,25
453,279,28,53,25,28,0,25
245,341,93,107,14,82,-11,25
142,305,124,134,10,109,-15,25
281,253,167,178,11,153,-14,25
103,224,43,59,16,34,-9,25
65,217,181,182,1,157,-24,25
225,305,133,147,14,122,-11,25
259,263,153,165,12,140,-13,25
430,246,178,188,10,163,-15,25
23,284,82,101,19,76,-6,25
430,354,43,46,3,21,-22,25
430,353,21,46,25,21,0,25
198,320,117,128,11,103,-14,25
324,186,84,89,5,64,-20,25
332,284,39,46,7,21,-18,25
41,278,96,109,13,84,-12,25
159,219,168,177,9,152,-16,25
37,300,76,84,8,59,-17,25
324,283,53,53,0,28,-25,25
19,316,39,53,14,28,-11,25
406,512,28,46,18,21,-7,25
211,303,190,195,5,170,-20,25
407,512,28,46,18,21,-7,25
19,315,46,53,7,28,-18,25
96,236,155,163,8,138,-17,25
19,304,46,68,22,43,-3,25
92,215,64,64,0,39,-25,25
300,395,39,46,7,21,-18,25
301,199,93,112,19,87,-6,25
241,250,128,139,11,114,-14,25
198,301,70,89,19,64,-6,25
241,249,135,151,16,126,-9,25
301,275,247,247,0,222,-25,25
55,341,50,59,9,34,-16,25
198,284,178,184,6,159,-19,25
134,336,34,53,19,28,-6,25
134,335,39,53,14,28,-11,25
110,225,66,84,18,59,-7,25
341,492,46,53,7,28,-18,25
134,334,39,53,14,28,-11,25
185,302,179,192,13,167,-12,25
185,299,217,222,5,197,-20,25
151,333,82,89,7,64,-18,25
309,166,255,255,0,230,-25,25
527,272,143,160,17,135,-8,25
527,270,125,135,10,110,-15,25
151,311,80,93,13,68,-12,25
272,245,160,182,22,157,-3,25
360,509,50,53,3,28,-22,25
80,227,43,53,10,28,-15,25
486,275,206,206,0,181,-25,25
486,257,181,192,11,167,-14,25
37,249,138,147,9,122,-16,25
147,280,87,101,14,76,-11,25
353,509,46,53,7,28,-18,25
198,304,64,78,14,53,-11,25
124,226,135,143,8,118,-17,25
106,222,43,53,10,28,-15,25
289,353,144,161,17,136,-8,25
124,221,34,53,19,28,-6,25
128,217,53,64,11,39,-14,25
364,309,39,46,7,21,-18,25
364,308,43,46,3,21,-22,25
364,307,43,46,3,21,-22,25
216,289,102,115,13,90,-12,25
341,282,218,225,7,200,-18,25
37,234,234,249,15,224,-10,25
258,272,103,117,14,92,-11,25
41,321,28,46,18,21,-7,25
41,314,50,59,9,34,-16,25
142,289,130,145,15,120,-10,25
382,82,68,68,0,43,-25,25
47,310,70,78,8,53,-17,25
51,304,43,59,16,34,-9,25
51,303,34,59,25,34,0,25
51,302,39,59,20,34,-5,25
452,279,28,53,25,28,0,25
452,67,38,38,0,13,-25,25
51,315,39,59,20,34,-5,25
51,305,50,59,9,34,-16,25
341,256,246,250,4,225,-21,25
341,185,28,53,25,28,0,25
382,334,210,221,11,196,-14,25
285,356,141,160,19,135,-6,25
285,348,70,78,8,53,-17,25
333,199,46,53,7,28,-18,25
164,277,180,184,4,159,-21,25
333,271,53,59,6,34,-19,25
332,467,46,46,0,21,-25,25
502,335,34,46,12,21,-13,25
83,288,175,187,12,162,-13,25
41,323,39,46,7,21,-18,25
41,322,34,46,12,21,-13,25
485,275,205,206,1,181,-24,25
197,314,64,78,14,53,-11,25
147,301,161,168,7,143,-18,25
301,399,34,53,19,28,-6,25
36,320,50,59,9,34,-16,25
323,286,56,59,3,34,-22,25
164,219,153,166,13,141,-12,25
164,223,107,128,21,103,-4,25
485,248,22,25,3,0,-22,25
225,290,153,167,14,142,-11,25
372,300,39,46,7,21,-18,25
197,295,133,145,12,120,-13,25
91,372,50,59,9,34,-16,25
55,290,39,46,7,21,-18,25
24,268,147,167,20,142,-5,25
103,217,39,53,14,28,-11,25
55,274,50,59,9,34,-16,25
164,317,151,163,12,138,-13,25
158,321,137,155,18,130,-7,25
267,355,87,101,14,76,-11,25
503,317,21,46,25,21,0,25
197,302,64,78,14,53,-11,25
24,288,96,103,7,78,-18,25
24,286,102,103,1,78,-24,25
235,290,124,137,13,112,-12,25
235,289,126,140,14,115,-11,25
86,246,155,165,10,140,-15,25
347,330,200,207,7,182,-18,25
347,314,46,53,7,28,-18,25
347,298,39,46,7,21,-18,25
347,297,46,46,0,21,-25,25
186,220,252,253,1,228,-24,25
76,314,64,78,14,53,-11,25
340,490,50,53,3,28,-22,25
484,248,20,25,5,0,-20,25
79,311,102,114,12,89,-13,25
36,284,74,89,15,64,-10,25
79,310,101,112,11,87,-14,25
79,302,92,105,13,80,-12,25
570,537,12,36,24,11,-1,25
64,359,43,53,10,28,-15,25
60,234,39,59,20,34,-5,25
361,287,21,46,25,21,0,25
433,353,43,46,3,21,-22,25
433,352,28,46,18,21,-7,25
233,294,96,110,14,85,-11,25
285,364,116,128,12,103,-13,25
285,362,130,141,11,116,-14,25
55,273,59,59,0,34,-25,25
353,92,53,68,15,43,-10,25
55,291,21,46,25,21,0,25
352,365,46,46,0,21,-25,25
72,277,43,53,10,28,-15,25
72,276,43,53,10,28,-15,25
72,275,39,53,14,28,-11,25
433,520,39,46,7,21,-18,25
433,519,34,46,12,21,-13,25
83,329,117,127,10,102,-15,25
32,321,43,53,10,28,-15,25
136,266,43,59,16,34,-9,25
76,327,46,59,13,34,-12,25
271,294,76,89,13,64,-12,25
47,253,89,89,0,64,-25,25
175,308,103,120,17,95,-8,25
76,322,59,68,9,43,-16,25
98,234,144,151,7,126,-18,25
236,288,140,151,11,126,-14,25
271,293,80,93,13,68,-12,25
155,321,171,175,4,150,-21,25
79,301,92,105,13,80,-12,25
333,468,43,46,3,21,-22,25
334,96,254,254,0,229,-25,25
371,327,219,228,9,203,-16,25
302,199,87,103,16,78,-9,25
434,352,34,46,12,21,-13,25
196,291,160,169,9,144,-16,25
55,247,56,78,22,53,-3,25
434,240,92,99,7,74,-18,25
352,508,34,46,12,21,-13,25
224,304,147,158,11,133,-14,25
158,280,139,160,21,135,-4,25
83,331,109,120,11,95,-14,25
165,219,151,166,15,141,-10,25
257,309,116,127,11,102,-14,25
435,352,28,46,18,21,-7,25
435,247,184,195,11,170,-14,25
434,520,46,46,0,21,-25,25
434,519,34,46,12,21,-13,25
435,520,43,46,3,21,-22,25
435,519,28,46,18,21,-7,25
322,365,39,46,7,21,-18,25
118,380,56,68,12,43,-13,25
367,281,201,223,22,198,-3,25
392,241,201,211,10,186,-15,25
136,263,46,59,13,34,-12,25
155,310,95,109,14,84,-11,25
514,306,28,53,25,28,0,25
174,305,142,149,7,124,-18,25
85,386,254,254,0,229,-25,25
308,366,43,59,16,34,-9,25
570,141,28,46,18,21,-7,25
281,223,103,103,0,78,-25,25
79,296,101,112,11,87,-14,25
483,248,16,25,9,0,-16,25
79,295,102,114,12,89,-13,25
158,258,123,145,22,120,-3,25
24,290,90,99,9,74,-16,25
139,321,34,53,19,28,-6,25
257,310,111,124,13,99,-12,25
371,232,80,101,21,76,-4,25
233,299,89,101,12,76,-13,25
233,297,93,103,10,78,-15,25
233,293,96,110,14,85,-11,25
405,233,28,46,18,21,-7,25
294,347,166,184,18,159,-7,25
195,297,102,120,18,95,-7,25
268,290,59,78,19,53,-6,25
35,320,46,59,13,34,-12,25
334,270,53,59,6,34,-19,25
334,198,53,56,3,31,-22,25
28,297,87,95,8,70,-17,25
100,367,46,59,13,34,-12,25
62,344,39,53,14,28,-11,25
391,360,43,46,3,21,-22,25
86,214,34,53,19,28,-6,25
128,335,136,145,9,120,-16,25
236,292,130,143,13,118,-12,25
399,241,197,208,11,183,-14,25
400,232,28,53,25,28,0,25
399,329,216,227,11,202,-14,25
61,273,34,46,12,21,-13,25
86,213,43,59,16,34,-9,25
438,242,101,117,16,92,-9,25
42,321,28,46,18,21,-7,25
165,334,147,156,9,131,-16,25
165,333,150,158,8,133,-17,25
322,211,46,68,22,43,-3,25
54,339,39,59,20,34,-5,25
436,247,182,194,12,169,-13,25
25,250,249,253,4,228,-21,25
139,305,137,149,12,124,-13,25
131,219,39,59,20,34,-5,25
54,319,28,46,18,21,-7,25
286,225,66,68,2,43,-23,25
334,318,34,46,12,21,-13,25
481,341,28,46,18,21,-7,25
505,315,28,46,18,21,-7,25
54,308,43,53,10,28,-15,25
54,307,28,53,25,28,0,25
54,301,34,46,12,21,-13,25
437,247,182,193,11,168,-14,25
352,227,28,53,25,28,0,25
351,365,28,46,18,21,-7,25
438,247,182,192,10,167,-15,25
77,216,155,169,14,144,-11,25
123,221,34,53,19,28,-6,25
77,215,169,169,0,144,-25,25
274,295,98,109,11,84,-14,25
450,527,252,252,0,227,-25,25
450,350,43,46,3,21,-22,25
450,349,43,46,3,21,-22,25
348,88,85,95,10,70,-15,25
28,296,80,93,13,68,-12,25
28,295,70,93,23,68,-2,25
28,293,84,93,9,68,-16,25
385,81,28,53,25,28,0,25
233,306,93,109,16,84,-9,25
370,332,220,225,5,200,-20,25
569,141,28,46,18,21,-7,25
166,216,160,175,15,150,-10,25
351,508,39,46,7,21,-18,25
25,264,202,202,0,177,-25,25
91,219,34,46,12,21,-13,25
91,215,50,64,14,39,-11,25
84,235,39,64,25,39,0,25
256,276,144,154,10,129,-15,25
43,288,39,64,25,39,0,25
54,291,39,46,7,21,-18,25
54,290,28,46,18,21,-7,25
351,366,43,46,3,21,-22,25
54,272,56,59,3,34,-22,25
385,82,43,53,10,28,-15,25
340,187,28,53,25,28,0,25
134,341,34,53,19,28,-6,25
46,321,64,68,4,43,-21,25
155,376,76,93,17,68,-8,25
513,307,28,46,18,21,-7,25
52,255,74,78,4,53,-21,25
450,299,34,59,25,34,0,25
450,68,33,37,4,12,-21,25
28,259,160,162,2,137,-23,25
339,490,28,53,25,28,0,25
134,346,39,59,20,34,-5,25
134,345,43,53,10,28,-15,25
135,265,53,68,15,43,-10,25
335,352,170,193,23,168,-2,25
18,323,46,46,0,21,-25,25
144,380,46,59,13,34,-12,25
405,517,253,253,0,228,-25,25
148,298,188,197,9,172,-16,25
134,344,43,53,10,28,-15,25
134,343,39,53,14,28,-11,25
134,342,39,53,14,28,-11,25
151,214,149,160,11,135,-14,25
236,290,134,147,13,122,-12,25
236,289,137,149,12,124,-13,25
278,358,148,152,4,127,-21,25
363,293,50,53,3,28,-22,25
363,292,46,53,7,28,-18,25
363,290,39,46,7,21,-18,25
363,289,46,46,0,21,-25,25
156,250,145,153,8,128,-17,25
317,217,56,78,22,53,-3,25
141,313,72,84,12,59,-13,25
139,241,111,126,15,101,-10,25
303,403,43,46,3,21,-22,25
303,401,39,46,7,21,-18,25
317,215,82,84,2,59,-23,25
271,290,95,107,12,82,-13,25
46,308,70,78,8,53,-17,25
46,291,46,64,18,39,-7,25
339,264,66,68,2,43,-23,25
187,290,167,176,9,151,-16,25
187,310,87,101,14,76,-11,25
256,260,151,162,11,137,-14,25
507,306,28,53,25,28,0,25
129,268,189,197,8,172,-17,25
362,290,28,46,18,21,-7,25
362,289,21,46,25,21,0,25
60,269,34,46,12,21,-13,25
84,260,177,186,9,161,-16,25
157,301,170,178,8,153,-17,25
78,327,66,78,12,53,-13,25
390,360,46,46,0,21,-25,25
77,257,53,68,15,43,-10,25
52,273,28,46,18,21,-7,25
363,288,28,46,18,21,-7,25
97,383,59,59,0,34,-25,25
98,216,39,59,20,34,-5,25
150,383,59,84,25,59,0,25
150,379,64,84,20,59,-5,25
173,218,168,192,24,167,-1,25
317,298,225,233,8,208,-17,25
339,227,46,59,13,34,-12,25
233,307,93,109,16,84,-9,25
64,253,61,64,3,39,-22,25
64,252,50,64,14,39,-11,25
64,251,46,64,18,39,-7,25
478,343,43,46,3,21,-22,25
193,312,34,53,19,28,-6,25
54,235,53,59,6,34,-19,25
304,192,101,115,14,90,-11,25
148,371,61,84,23,59,-2,25
478,255,190,201,11,176,-14,25
149,212,117,135,18,110,-7,25
320,439,50,53,3,28,-22,25
43,366,251,254,3,229,-22,25
477,343,46,46,0,21,-25,25
166,380,64,78,14,53,-11,25
269,295,50,68,18,43,-7,25
141,305,127,137,10,112,-15,25
362,295,21,46,25,21,0,25
213,316,132,142,10,117,-15,25
97,216,43,59,16,34,-9,25
404,233,28,53,25,28,0,25
440,242,98,114,16,89,-9,25
101,387,254,254,0,229,-25,25
172,307,103,124,21,99,-4,25
470,307,39,46,7,21,-18,25
348,313,43,53,10,28,-15,25
348,312,28,46,18,21,-7,25
27,314,59,68,9,43,-16,25
89,215,43,59,16,34,-9,25
89,214,53,64,11,39,-14,25
307,226,50,53,3,28,-22,25
307,194,74,89,15,64,-10,25
27,318,39,53,14,28,-11,25
27,317,43,53,10,28,-15,25
15,293,70,78,8,53,-17,25
508,327,210,219,9,194,-16,25
157,278,133,154,21,129,-4,25
157,256,115,137,22,112,-3,25
320,358,136,145,9,120,-16,25
78,309,87,101,14,76,-11,25
78,305,80,95,15,70,-10,25
131,348,99,109,10,84,-15,25
54,238,39,64,25,39,0,25
54,236,53,59,6,34,-19,25
192,221,252,253,1,228,-24,25
25,344,50,53,3,28,-22,25
223,311,126,136,10,111,-15,25
386,287,39,53,14,28,-11,25
119,222,50,64,14,39,-11,25
350,366,43,46,3,21,-22,25
304,286,169,173,4,148,-21,25
304,285,167,173,6,148,-19,25
148,385,53,78,25,53,0,25
237,304,138,151,13,126,-12,25
362,288,21,46,25,21,0,25
403,291,43,46,3,21,-22,25
44,264,124,131,7,106,-18,25
148,383,76,89,13,64,-12,25
441,315,28,53,25,28,0,25
53,332,43,46,3,21,-22,25
53,320,46,53,7,28,-18,25
116,224,70,84,14,59,-11,25
368,238,202,213,11,188,-14,25
288,354,139,156,17,131,-8,25
143,290,144,155,11,130,-14,25
46,249,87,89,2,64,-23,25
448,301,34,59,25,34,0,25
52,289,50,59,9,34,-16,25
106,231,135,144,9,119,-16,25
18,285,46,68,22,43,-3,25
52,288,50,59,9,34,-16,25
52,287,46,59,13,34,-12,25
338,486,34,46,12,21,-13,25
338,485,46,46,0,21,-25,25
476,343,39,46,7,21,-18,25
320,183,87,89,2,64,-23,25
476,301,43,46,3,21,-22,25
476,281,39,46,7,21,-18,25
78,300,80,95,15,70,-10,25
78,294,93,103,10,78,-15,25
168,222,160,176,16,151,-9,25
35,235,250,252,2,227,-23,25
34,351,28,53,25,28,0,25
34,350,28,53,25,28,0,25
534,278,39,46,7,21,-18,25
214,280,178,189,11,164,-14,25
234,309,109,118,9,93,-16,25
234,308,109,118,9,93,-16,25
234,307,109,118,9,93,-16,25
389,324,211,221,10,196,-15,25
389,320,197,210,13,185,-12,25
222,274,169,169,0,144,-25,25
52,302,46,59,13,34,-12,25
27,301,96,107,11,82,-14,25
306,411,34,53,19,28,-6,25
306,366,34,59,25,34,0,25
188,281,176,190,14,165,-11,25
52,331,39,46,7,21,-18,25
187,364,128,139,11,114,-14,25
129,218,46,59,13,34,-12,25
337,195,50,59,9,34,-16,25
44,289,43,59,16,34,-9,25
44,288,56,64,8,39,-17,25
132,352,92,99,7,74,-18,25
90,215,39,59,20,34,-5,25
305,188,107,120,13,95,-12,25
476,246,15,25,10,0,-15,25
44,265,118,131,13,106,-12,25
255,270,114,130,16,105,-9,25
168,369,120,123,3,98,-22,25
168,367,110,123,13,98,-12,25
143,212,254,254,0,229,-25,25
143,211,253,254,1,229,-24,25
64,256,46,64,18,39,-7,25
64,254,61,64,3,39,-22,25
369,326,217,225,8,200,-17,25
401,241,197,207,10,182,-15,25
189,300,158,173,15,148,-10,25
52,319,53,59,6,34,-19,25
27,303,85,107,22,82,-3,25
27,302,95,107,12,82,-13,25
188,363,116,128,12,103,-13,25
188,230,174,190,16,165,-9,25
221,364,254,254,0,229,-25,25
63,277,34,46,12,21,-13,25
77,290,82,93,11,68,-14,25
77,381,34,53,19,28,-6,25
169,372,89,89,0,64,-25,25
509,279,46,46,0,21,-25,25
509,278,28,46,18,21,-7,25
44,367,254,254,0,229,-25,25
401,359,39,46,7,21,-18,25
401,358,21,46,25,21,0,25
443,242,95,110,15,85,-10,25
443,65,254,254,0,229,-25,25
53,317,28,46,18,21,-7,25
73,228,39,59,20,34,-5,25
53,300,39,53,14,28,-11,25
34,319,59,59,0,34,-25,25
61,231,61,64,3,39,-22,25
568,141,28,46,18,21,-7,25
223,271,160,168,8,143,-17,25
141,282,89,101,12,76,-13,25
53,291,43,53,10,28,-15,25
138,324,28,46,18,21,-7,25
349,346,221,228,7,203,-18,25
190,300,151,162,11,137,-14,25
33,351,53,53,0,28,-25,25
33,350,39,53,14,28,-11,25
33,319,56,59,3,34,-22,25
253,272,144,155,11,130,-14,25
471,285,43,46,3,21,-22,25
156,278,140,154,14,129,-11,25
338,322,39,46,7,21,-18,25
77,327,56,68,12,43,-13,25
150,301,169,175,6,150,-19,25
388,322,194,210,16,185,-9,25
388,319,199,205,6,180,-19,25
287,355,137,156,19,131,-6,25
338,182,28,53,25,28,0,25
473,283,43,46,3,21,-22,25
337,481,46,46,0,21,-25,25
319,183,89,89,0,64,-25,25
34,298,84,89,5,64,-20,25
473,284,43,46,3,21,-22,25
170,226,169,190,21,165,-4,25
85,234,43,64,21,39,-4,25
369,509,34,46,12,21,-13,25
214,327,122,130,8,105,-17,25
362,509,43,46,3,21,-22,25
444,248,186,196,10,171,-15,25
190,283,160,165,5,140,-20,25
338,98,107,110,3,85,-22,25
338,97,105,110,5,85,-20,25
473,62,252,252,0,227,-25,25
141,281,89,99,10,74,-15,25
141,277,92,95,3,70,-22,25
338,190,53,68,15,43,-10,25
400,359,46,46,0,21,-25,25
400,358,28,46,18,21,-7,25
128,371,82,89,7,64,-18,25
400,330,222,230,8,205,-17,25
128,342,123,130,7,105,-18,25
45,324,21,46,25,21,0,25
389,80,39,46,7,21,-18,25
369,238,199,211,12,186,-13,25
234,301,103,114,11,89,-14,25
222,283,156,156,0,131,-25,25
445,248,184,195,11,170,-14,25
444,346,213,224,11,199,-14,25
150,216,156,168,12,143,-13,25
149,383,64,84,20,59,-5,25
189,323,156,163,7,138,-18,25
156,310,93,109,16,84,-9,25
222,290,169,175,6,150,-19,25
134,371,87,95,8,70,-17,25
171,372,87,89,2,64,-23,25
472,285,43,46,3,21,-22,25
472,284,46,46,0,21,-25,25
349,267,207,215,8,190,-17,25
349,313,46,53,7,28,-18,25
189,296,161,174,13,149,-12,25
101,377,39,53,14,28,-11,25
222,322,105,109,4,84,-21,25
81,312,124,137,13,112,-12,25
81,311,124,136,12,111,-13,25
81,336,72,84,12,59,-13,25
160,377,53,68,15,43,-10,25
141,370,101,105,4,80,-21,25
81,297,122,134,12,109,-13,25
160,318,144,157,13,132,-12,25
327,317,237,243,6,218,-19,25
160,346,107,118,11,93,-14,25
160,338,89,105,16,80,-9,25
376,229,28,53,25,28,0,25
230,288,135,144,9,119,-16,25
130,218,50,64,14,39,-11,25
263,276,92,114,22,89,-3,25
263,270,137,149,12,124,-13,25
263,268,147,159,12,135,-12,24
374,319,218,227,9,203,-15,24
39,300,56,70,14,46,-10,24
160,388,252,252,0,228,-24,24
39,295,61,85,24,61,0,24
39,296,74,85,11,61,-13,24
328,269,246,246,0,222,-24,24
262,362,250,251,1,227,-23,24
141,338,76,85,9,61,-15,24
141,339,78,85,7,61,-17,24
39,275,118,131,13,107,-11,24
160,378,61,70,9,46,-15,24
81,337,68,80,12,56,-12,24
160,301,170,177,7,153,-17,24
374,239,201,210,9,186,-15,24
153,215,158,164,6,140,-18,24
345,280,214,230,16,206,-8,24
181,310,114,123,9,99,-15,24
312,360,126,136,10,112,-14,24
344,349,216,221,5,197,-19,24
141,257,144,144,0,120,-24,24
145,344,56,74,18,50,-6,24
58,257,68,70,2,46,-22,24
239,297,172,180,8,156,-16,24
239,296,172,180,8,156,-16,24
229,306,111,120,9,96,-15,24
229,305,112,120,8,96,-16,24
104,229,114,123,9,99,-15,24
328,469,253,253,0,229,-24,24
45,280,82,96,14,72,-10,24
45,279,89,96,7,72,-17,24
156,325,155,165,10,141,-14,24
350,91,50,70,20,46,-4,24
53,260,89,90,1,66,-23,24
349,337,213,221,8,197,-16,24
45,278,95,102,7,78,-17,24
77,326,59,70,11,46,-13,24
77,324,61,74,13,50,-11,24
77,322,66,80,14,56,-10,24
77,321,68,80,12,56,-12,24
134,373,59,70,11,46,-13,24
171,366,103,120,17,96,-7,24
293,222,72,85,13,61,-11,24
222,321,102,106,4,82,-20,24
222,285,158,164,6,140,-18,24
149,371,59,80,21,56,-3,24
349,345,208,227,19,203,-5,24
190,309,66,70,4,46,-20,24
443,346,212,226,14,202,-10,24
73,234,64,70,6,46,-18,24
172,302,164,174,10,150,-14,24
138,281,61,74,13,50,-11,24
108,230,130,139,9,115,-15,24
150,290,151,163,12,139,-12,24
150,287,140,150,10,126,-14,24
89,240,150,159,9,135,-15,24
150,306,66,85,19,61,-5,24
234,288,120,133,13,109,-11,24
473,254,195,205,10,181,-14,24
387,321,187,205,18,181,-6,24
190,312,68,74,6,50,-18,24
369,318,218,227,9,203,-15,24
169,224,192,196,4,172,-20,24
18,281,59,70,11,46,-13,24
188,373,76,80,4,56,-20,24
27,309,56,80,24,56,0,24
136,254,61,80,19,56,-5,24
156,253,122,138,16,114,-8,24
115,224,68,80,12,56,-12,24
115,223,61,70,9,46,-15,24
77,312,80,90,10,66,-14,24
254,266,99,116,17,92,-7,24
156,384,68,70,2,46,-22,24
319,358,136,146,10,122,-14,24
215,275,161,170,9,146,-15,24
141,283,93,102,9,78,-15,24
45,231,199,206,7,182,-17,24
26,271,109,133,24,109,0,24
84,335,102,114,12,90,-12,24
222,286,164,169,5,145,-19,24
188,285,165,173,8,149,-16,24
187,368,61,85,24,61,0,24
144,345,74,80,6,56,-18,24
44,286,66,74,8,50,-16,24
149,286,126,140,14,116,-10,24
149,282,111,123,12,99,-12,24
44,284,76,85,9,61,-15,24
255,275,147,156,9,132,-15,24
111,229,122,134,12,110,-12,24
169,306,98,117,19,93,-5,24
169,220,173,186,13,162,-11,24
168,380,61,74,13,50,-11,24
168,374,53,70,17,46,-7,24
84,334,106,117,11,93,-13,24
84,333,110,120,10,96,-14,24
44,278,84,102,18,78,-6,24
35,246,176,184,8,160,-16,24
35,244,178,190,12,166,-12,24
44,249,82,106,24,82,0,24
149,223,66,90,24,66,0,24
73,222,72,85,13,61,-11,24
132,283,184,189,5,165,-19,24
287,255,246,249,3,225,-21,24
46,244,64,80,16,56,-8,24
237,290,145,156,11,132,-13,24
348,336,214,221,7,197,-17,24
512,265,152,163,11,139,-13,24
320,151,119,123,4,99,-20,24
304,362,117,129,12,105,-12,24
321,208,89,92,3,68,-21,24
253,265,101,117,16,93,-8,24
274,362,143,157,14,133,-10,24
288,218,87,102,15,78,-9,24
141,290,145,154,9,130,-15,24
78,312,90,102,12,78,-12,24
35,242,194,208,14,184,-10,24
167,380,61,74,13,50,-11,24
78,310,89,102,13,78,-11,24
44,231,193,206,13,182,-11,24
385,336,208,219,11,195,-13,24
386,323,214,223,9,199,-15,24
223,295,165,175,10,151,-14,24
168,217,170,184,14,160,-10,24
350,337,203,221,18,197,-6,24
135,253,72,85,13,61,-11,24
139,237,149,158,9,134,-15,24
129,269,190,197,7,173,-17,24
404,329,188,208,20,184,-4,24
151,217,156,164,8,140,-16,24
122,370,68,80,12,56,-12,24
122,227,138,146,8,122,-16,24
237,245,163,168,5,144,-19,24
400,241,197,207,10,183,-14,24
233,309,95,109,14,85,-10,24
233,308,93,109,16,85,-8,24
193,297,111,123,12,99,-12,24
535,535,253,253,0,229,-24,24
351,250,222,227,5,203,-19,24
25,308,66,80,14,56,-10,24
149,215,154,168,14,144,-10,24
44,234,191,201,10,177,-14,24
141,309,98,109,11,85,-13,24
35,297,89,96,7,72,-17,24
269,281,123,131,8,107,-16,24
46,305,56,70,14,46,-10,24
46,296,59,74,15,50,-9,24
150,345,70,74,4,50,-20,24
187,291,163,175,12,151,-12,24
187,289,168,177,9,153,-15,24
52,253,59,74,15,50,-9,24
449,249,191,201,10,177,-14,24
187,317,85,106,21,82,-3,24
449,63,254,254,0,230,-24,24
336,92,253,253,0,229,-24,24
336,91,253,253,0,229,-24,24
157,314,142,162,20,138,-4,24
78,330,59,70,11,46,-13,24
293,383,34,45,11,21,-13,24
144,382,56,70,14,46,-10,24
148,292,167,179,12,155,-12,24
256,310,120,131,11,107,-13,24
513,266,156,167,11,143,-13,24
156,225,84,106,22,82,-2,24
236,303,126,138,12,114,-12,24
78,326,68,80,12,56,-12,24
43,303,80,85,5,61,-19,24
43,302,74,85,11,61,-13,24
43,301,68,85,17,61,-7,24
143,210,253,253,0,229,-24,24
105,230,119,135,16,111,-8,24
385,234,78,96,18,72,-6,24
223,310,130,141,11,117,-13,24
223,309,135,144,9,120,-15,24
269,243,169,184,15,160,-9,24
43,294,84,90,6,66,-18,24
335,274,70,85,15,61,-9,24
43,284,70,85,15,61,-9,24
131,279,184,191,7,167,-17,24
193,365,132,133,1,109,-23,24
155,378,96,98,2,74,-22,24
450,249,189,200,11,176,-13,24
307,361,123,133,10,109,-14,24
469,65,28,50,22,26,-2,24
135,264,50,70,20,46,-4,24
35,290,80,96,16,72,-8,24
157,332,117,139,22,115,-2,24
479,326,210,214,4,190,-20,24
404,327,192,208,16,184,-8,24
278,250,160,181,21,157,-3,24
157,384,70,70,0,46,-24,24
139,282,74,85,11,61,-13,24
390,241,202,211,9,187,-15,24
391,241,201,211,10,187,-14,24
367,327,195,212,17,188,-7,24
450,345,215,219,4,195,-20,24
347,512,253,253,0,229,-24,24
506,262,151,159,8,135,-16,24
256,312,110,123,13,99,-11,24
165,379,56,70,14,46,-10,24
481,59,252,252,0,228,-24,24
148,287,122,135,13,111,-11,24
148,281,99,111,12,87,-12,24
194,299,92,109,17,85,-7,24
335,233,214,223,9,199,-15,24
321,302,138,152,14,128,-10,24
233,298,90,102,12,78,-12,24
19,292,61,74,13,50,-11,24
19,283,56,74,18,50,-6,24
19,282,50,70,20,46,-4,24
308,312,141,141,0,117,-24,24
280,218,252,253,1,229,-23,24
143,372,56,80,24,56,0,24
186,232,192,202,10,178,-14,24
165,335,145,155,10,131,-14,24
165,330,155,160,5,136,-19,24
257,268,96,117,21,93,-3,24
158,221,134,158,24,134,0,24
194,280,195,197,2,173,-22,24
482,256,187,197,10,173,-14,24
43,234,183,202,19,178,-5,24
158,209,252,253,1,229,-23,24
83,337,87,98,11,74,-13,24
47,239,138,144,6,120,-18,24
316,359,130,139,9,115,-15,24
186,294,180,194,14,170,-10,24
186,293,177,190,13,166,-11,24
451,249,189,199,10,175,-14,24
28,280,129,134,5,110,-19,24
28,279,128,134,6,110,-18,24
142,343,82,85,3,61,-21,24
121,381,76,85,9,61,-15,24
280,376,253,254,1,230,-23,24
13,317,253,253,0,229,-24,24
165,275,179,184,5,160,-19,24
79,294,102,116,14,92,-10,24
257,311,107,120,13,96,-11,24
286,220,102,102,0,78,-24,24
158,301,170,177,7,153,-17,24
275,363,157,157,0,133,-24,24
47,290,64,70,6,46,-18,24
76,321,56,70,14,46,-10,24
47,256,82,96,14,72,-10,24
236,287,143,154,11,130,-13,24
271,292,84,96,12,72,-12,24
36,253,159,161,2,137,-22,24
224,310,120,135,15,111,-9,24
302,200,93,109,16,85,-8,24
352,344,213,234,21,210,-3,24
434,247,184,195,11,171,-13,24
83,328,119,130,11,106,-13,24
83,327,123,133,10,109,-14,24
83,326,127,136,9,112,-15,24
148,228,144,147,3,123,-21,24
158,322,134,154,20,130,-4,24
302,196,106,111,5,87,-19,24
24,285,89,102,13,78,-11,24
139,315,56,70,14,46,-10,24
176,219,191,202,11,178,-13,24
76,312,70,80,10,56,-14,24
76,311,72,80,8,56,-16,24
86,247,158,168,10,144,-14,24
76,310,74,80,6,56,-18,24
76,309,72,80,8,56,-16,24
484,257,188,199,11,175,-13,24
79,312,102,114,12,90,-12,24
164,340,132,142,10,118,-14,24
371,330,191,210,19,186,-5,24
406,330,194,210,16,186,-8,24
383,335,207,219,12,195,-12,24
361,236,205,213,8,189,-16,24
47,307,53,70,17,46,-7,24
316,161,111,116,5,92,-19,24
28,309,70,80,10,56,-14,24
251,265,116,127,11,103,-13,24
176,305,139,151,12,127,-12,24
341,265,70,90,20,66,-4,24
432,247,186,197,11,173,-13,24
158,346,87,102,15,78,-9,24
267,311,50,70,20,46,-4,24
267,356,99,102,3,78,-21,24
147,314,70,74,4,50,-20,24
79,332,61,74,13,50,-11,24
79,330,68,80,12,56,-12,24
164,326,149,157,8,133,-16,24
158,325,138,156,18,132,-6,24
353,344,218,234,16,210,-8,24
235,286,137,149,12,125,-12,24
398,241,198,208,10,184,-14,24
216,294,106,116,10,92,-14,24
251,263,103,117,14,93,-10,24
515,267,156,168,12,144,-12,24
271,370,253,254,1,230,-23,24
301,363,118,126,8,102,-16,24
266,365,252,252,0,228,-24,24
267,277,126,133,7,109,-17,24
163,343,130,136,6,112,-18,24
135,356,74,85,11,61,-13,24
142,290,143,154,11,130,-13,24
158,384,66,70,4,46,-20,24
19,280,46,70,24,46,0,24
19,300,61,74,13,50,-11,24
198,312,59,74,15,50,-9,24
198,293,157,168,11,144,-13,24
198,291,157,168,11,144,-13,24
486,248,22,24,2,0,-22,24
80,247,53,70,17,46,-7,24
80,246,53,70,17,46,-7,24
341,358,197,208,11,184,-13,24
185,303,167,179,12,155,-12,24
453,67,34,38,4,14,-20,24
238,290,156,167,11,143,-13,24
258,279,139,148,9,124,-15,24
258,310,102,116,14,92,-10,24
41,302,74,85,11,61,-13,24
41,301,70,85,15,61,-9,24
37,252,137,159,22,135,-2,24
353,360,214,236,22,212,-2,24
199,231,252,253,1,229,-23,24
563,540,254,254,0,230,-24,24
465,252,200,207,7,183,-17,24
342,93,110,114,4,90,-20,24
185,225,156,166,10,142,-14,24
184,373,70,92,22,68,-2,24
525,536,251,253,2,229,-22,24
142,304,132,142,10,118,-14,24
65,228,68,70,2,46,-22,24
381,338,207,219,12,195,-12,24
430,240,95,111,16,87,-8,24
198,321,125,135,10,111,-14,24
324,231,222,227,5,203,-19,24
37,303,78,85,7,61,-17,24
19,302,61,74,13,50,-11,24
72,231,61,70,9,46,-15,24
407,333,222,230,8,206,-16,24
409,277,237,238,1,214,-23,24
129,371,84,90,6,66,-18,24
300,326,114,123,9,99,-15,24
259,280,135,143,8,119,-16,24
65,241,59,70,11,46,-13,24
184,308,125,133,8,109,-16,24
155,225,84,96,12,72,-12,24
453,325,214,218,4,194,-20,24
309,360,129,141,12,117,-12,24
258,360,250,251,1,227,-23,24
41,286,64,80,16,56,-8,24
41,285,70,80,10,56,-14,24
428,340,215,221,6,197,-18,24
429,340,214,220,6,196,-18,24
199,235,152,168,16,144,-8,24
427,339,204,218,14,194,-10,24
107,226,78,90,12,66,-12,24
107,227,89,102,13,78,-11,24
325,140,119,122,3,98,-21,24
51,238,68,85,17,61,-7,24
76,217,150,170,20,146,-4,24
127,385,253,254,1,230,-23,24
184,310,115,123,8,99,-16,24
184,309,120,127,7,103,-17,24
571,537,21,24,3,0,-21,24
571,536,21,24,3,0,-21,24
324,355,161,170,9,146,-15,24
266,286,68,90,22,66,-2,24
82,335,84,96,12,72,-12,24
199,319,114,126,12,102,-12,24
429,65,253,254,1,230,-23,24
428,246,180,190,10,166,-14,24
355,235,213,221,8,197,-16,24
259,306,112,123,11,99,-13,24
259,324,90,92,2,68,-22,24
82,340,68,80,12,56,-12,24
82,337,76,90,14,66,-10,24
16,292,61,70,9,46,-15,24
235,296,112,126,14,102,-10,24
235,295,115,127,12,103,-12,24
235,294,116,129,13,105,-11,24
235,291,122,134,12,110,-12,24
178,216,252,253,1,229,-23,24
177,375,56,74,18,50,-6,24
152,215,149,164,15,140,-9,24
109,213,68,74,6,50,-18,24
19,301,68,74,6,50,-18,24
162,345,125,134,9,110,-15,24
137,305,153,163,10,139,-14,24
250,259,101,120,19,96,-5,24
184,296,200,217,17,193,-7,24
346,361,208,229,21,205,-3,24
346,347,207,220,13,196,-11,24
184,306,138,148,10,124,-14,24
184,305,147,157,10,133,-14,24
80,303,105,116,11,92,-13,24
140,243,130,135,5,111,-19,24
140,238,134,149,15,125,-9,24
426,339,209,220,11,196,-13,24
325,139,122,122,0,98,-24,24
325,138,119,122,3,98,-21,24
259,308,103,116,13,92,-11,24
200,320,126,138,12,114,-12,24
80,315,116,125,9,101,-15,24
201,294,167,175,8,151,-16,24
80,308,110,120,10,96,-14,24
82,321,130,141,11,117,-13,24
154,346,68,80,12,56,-12,24
342,348,188,207,19,183,-5,24
178,310,102,116,14,92,-10,24
343,79,253,254,1,230,-23,24
29,282,117,125,8,101,-16,24
80,300,103,116,13,92,-11,24
162,336,93,111,18,87,-6,24
381,321,214,223,9,199,-15,24
140,245,139,141,2,117,-22,24
426,245,169,180,11,156,-13,24
201,293,173,182,9,158,-15,24
200,367,251,254,3,230,-21,24
159,327,132,146,14,122,-10,24
29,270,139,139,0,115,-24,24
29,266,154,164,10,140,-14,24
29,303,84,96,12,72,-12,24
184,234,165,178,13,154,-11,24
265,363,251,252,1,228,-23,24
21,346,251,254,3,230,-21,24
424,338,206,220,14,196,-10,24
265,243,161,175,14,151,-10,24
325,231,221,226,5,202,-19,24
38,236,217,224,7,200,-17,24
159,301,170,177,7,153,-17,24
129,344,115,120,5,96,-19,24
82,303,129,139,10,115,-14,24
80,317,116,125,9,101,-15,24
80,316,116,125,9,101,-15,24
240,248,138,153,15,129,-9,24
40,296,74,85,11,61,-13,24
249,263,117,127,10,103,-14,24
518,269,159,171,12,147,-12,24
31,306,90,92,2,68,-22,24
48,312,59,70,11,46,-13,24
137,281,61,74,13,50,-11,24
423,522,253,253,0,229,-24,24
202,299,146,156,10,132,-14,24
410,334,221,228,7,204,-17,24
410,332,196,214,18,190,-6,24
489,258,182,192,10,168,-14,24
378,337,213,223,10,199,-14,24
378,336,205,218,13,194,-11,24
572,536,0,24,24,0,0,24
159,328,131,146,15,122,-9,24
239,353,72,92,20,68,-4,24
21,300,56,74,18,50,-6,24
298,328,114,117,3,93,-21,24
421,337,209,221,12,197,-12,24
203,307,117,130,13,106,-11,24
423,338,211,223,12,199,-12,24
66,228,56,70,14,46,-10,24
183,233,175,189,14,165,-10,24
154,249,142,148,6,124,-18,24
313,364,84,98,14,74,-10,24
154,216,147,161,14,137,-10,24
235,301,112,125,13,101,-11,24
154,254,130,142,12,118,-12,24
423,244,167,178,11,154,-13,24
422,337,205,219,14,195,-10,24
130,275,189,194,5,170,-19,24
66,209,252,253,1,229,-23,24
208,307,166,178,12,154,-12,24
562,47,254,254,0,230,-24,24
154,221,153,157,4,133,-20,24
31,264,160,168,8,144,-16,24
31,263,168,168,0,144,-24,24
456,65,21,44,23,20,-1,24
183,363,101,119,18,95,-6,24
183,301,184,197,13,173,-11,24
572,537,24,24,0,0,-24,24
283,371,22,46,24,22,0,24
228,242,127,138,11,114,-13,24
145,382,59,80,21,56,-3,24
40,290,89,96,7,72,-17,24
162,253,175,175,0,151,-24,24
330,123,116,119,3,95,-21,24
573,536,0,24,24,0,0,24
183,218,252,253,1,229,-23,24
87,242,147,153,6,129,-18,24
153,348,84,96,12,72,-12,24
153,346,59,74,15,50,-9,24
61,379,254,254,0,230,-24,24
396,241,199,210,11,186,-13,24
40,245,156,169,13,145,-11,24
38,299,59,80,21,56,-3,24
38,296,85,85,0,61,-24,24
261,268,138,147,9,123,-15,24
57,248,59,74,15,50,-9,24
82,269,182,188,6,164,-18,24
330,125,120,120,0,96,-24,24
329,311,32,42,10,18,-14,24
373,319,220,229,9,205,-15,24
40,238,206,210,4,186,-20,24
261,278,109,119,10,95,-14,24
264,272,129,141,12,117,-12,24
161,319,153,162,9,138,-15,24
365,323,223,228,5,204,-19,24
461,251,199,208,9,184,-15,24
180,231,199,202,3,178,-21,24
344,248,243,248,5,224,-19,24
134,219,56,70,14,46,-10,24
297,364,114,119,5,95,-19,24
71,232,59,70,11,46,-13,24
21,296,68,70,2,46,-22,24
21,293,74,74,0,50,-24,24
264,243,156,175,19,151,-5,24
326,307,23,27,4,3,-20,24
573,537,23,24,1,0,-23,24
81,280,185,191,6,167,-18,24
160,282,178,184,6,160,-18,24
239,295,172,180,8,156,-16,24
239,294,170,180,10,156,-14,24
58,229,46,70,24,46,0,24
396,324,185,206,21,182,-3,24
365,237,200,210,10,186,-14,24
181,217,252,253,1,229,-23,24
180,310,109,120,11,96,-13,24
152,382,56,80,24,56,0,24
497,260,167,177,10,153,-14,24
417,336,216,226,10,202,-14,24
161,305,93,111,18,87,-6,24
161,301,170,177,7,153,-17,24
142,238,138,149,11,125,-13,24
377,320,217,226,9,202,-15,24
263,243,155,175,20,151,-4,24
375,329,217,227,10,203,-14,24
137,238,154,160,6,136,-18,24
312,169,109,127,18,103,-6,24
181,373,66,85,19,61,-5,24
141,238,133,149,16,125,-8,24
219,330,127,133,6,109,-18,24
182,227,180,188,8,164,-16,24
376,334,199,215,16,191,-8,24
296,274,170,189,19,165,-5,24
81,304,116,129,13,105,-11,24
328,318,239,242,3,218,-21,24
239,299,172,180,8,156,-16,24
239,298,172,180,8,156,-16,24
39,287,93,98,5,74,-19,24
81,339,64,74,10,50,-14,24
349,336,203,221,18,197,-6,24
132,377,61,80,19,56,-5,24
444,526,254,254,0,230,-24,24
349,327,210,215,5,191,-19,24
156,314,151,162,11,138,-13,24
45,281,74,96,22,72,-2,24
141,284,101,109,8,85,-16,24
567,141,21,43,22,19,-2,24
34,253,146,170,24,146,0,24
85,254,177,184,7,160,-17,24
171,368,128,130,2,106,-22,24
156,301,171,179,8,155,-16,24
494,536,251,253,2,229,-22,24
230,308,93,109,16,85,-8,24
7,567,61,85,24,61,0,24
81,309,120,134,14,110,-10,24
374,330,203,217,14,194,-9,23
574,536,0,23,23,0,0,23
574,537,20,23,3,0,-20,23
81,308,120,132,12,109,-11,23
81,307,119,130,11,107,-12,23
374,333,202,217,15,194,-8,23
376,330,215,223,8,200,-15,23
81,319,123,134,11,111,-12,23
141,337,74,84,10,61,-13,23
81,313,124,137,13,114,-10,23
81,314,125,137,12,114,-11,23
263,278,90,107,17,84,-6,23
160,335,109,115,6,92,-17,23
494,274,185,208,23,185,0,23
39,294,64,84,20,61,-3,23
153,216,140,160,20,137,-3,23
16,332,249,252,3,229,-20,23
365,359,224,224,0,201,-23,23
262,305,84,99,15,76,-8,23
239,291,167,178,11,155,-12,23
145,316,61,66,5,43,-18,23
376,336,217,226,9,203,-14,23
11,286,252,252,0,229,-23,23
67,213,197,205,8,182,-15,23
20,307,46,66,20,43,-3,23
107,212,68,89,21,66,-2,23
49,288,59,76,17,53,-6,23
49,296,43,66,23,43,0,23
49,297,66,66,0,43,-23,23
134,222,46,66,20,43,-3,23
376,515,253,253,0,230,-23,23
374,231,76,76,0,53,-23,23
413,333,197,214,17,191,-6,23
413,335,221,228,7,205,-16,23
238,354,74,95,21,72,-2,23
140,311,93,105,12,82,-11,23
140,312,84,95,11,72,-12,23
145,345,68,76,8,53,-15,23
205,363,101,119,18,96,-5,23
493,274,185,208,23,185,0,23
161,223,122,134,12,111,-11,23
261,356,87,103,16,80,-7,23
279,244,237,250,13,227,-10,23
235,360,253,253,0,230,-23,23
395,321,217,223,6,200,-17,23
181,311,105,116,11,93,-12,23
344,348,206,219,13,196,-10,23
49,287,53,76,23,53,0,23
262,269,135,147,12,124,-11,23
81,273,180,187,7,164,-16,23
40,244,159,175,16,152,-7,23
492,259,178,188,10,165,-13,23
492,274,186,208,22,185,-1,23
145,287,111,126,15,103,-8,23
412,328,206,218,12,195,-11,23
145,278,76,93,17,70,-6,23
59,242,59,66,7,43,-16,23
59,243,61,66,5,43,-18,23
548,537,252,253,1,230,-22,23
161,322,139,153,14,130,-9,23
261,308,87,99,12,76,-11,23
263,356,87,103,16,80,-7,23
160,265,137,146,9,123,-14,23
264,268,153,163,10,140,-13,23
297,331,103,107,4,84,-19,23
205,302,166,174,8,151,-15,23
57,249,50,66,16,43,-7,23
420,243,170,180,10,157,-13,23
261,267,144,154,10,131,-13,23
38,293,64,87,23,64,0,23
38,298,64,82,18,59,-5,23
204,301,160,170,10,147,-13,23
411,328,202,215,13,192,-10,23
420,336,204,217,13,194,-10,23
420,337,213,223,10,200,-13,23
228,356,92,103,11,80,-12,23
377,233,76,95,19,72,-4,23
229,296,125,130,5,107,-18,23
229,297,124,129,5,106,-18,23
30,317,56,76,20,53,-3,23
30,318,76,76,0,53,-23,23
160,223,128,135,7,112,-16,23
260,356,87,105,18,82,-5,23
57,242,59,66,7,43,-16,23
140,309,103,118,15,95,-8,23
71,225,61,66,5,43,-18,23
71,226,66,66,0,43,-23,23
71,227,61,66,5,43,-18,23
161,379,66,76,10,53,-13,23
264,317,70,76,6,53,-17,23
379,240,201,210,9,187,-14,23
377,336,212,222,10,199,-13,23
298,329,111,116,5,93,-18,23
146,248,122,128,6,105,-17,23
21,309,46,66,20,43,-3,23
264,318,66,76,10,53,-13,23
264,319,64,76,12,53,-11,23
264,356,89,103,14,80,-9,23
161,382,76,82,6,59,-17,23
162,261,139,150,11,127,-12,23
162,267,129,140,11,117,-12,23
202,317,127,137,10,114,-13,23
422,338,215,224,9,201,-14,23
422,350,210,230,20,207,-3,23
265,272,134,148,14,125,-9,23
59,230,56,66,10,43,-13,23
299,189,253,254,1,231,-22,23
299,212,93,105,12,82,-11,23
146,287,114,126,12,103,-11,23
50,296,59,66,7,43,-16,23
50,297,53,66,13,43,-10,23
247,251,154,159,5,136,-18,23
344,253,245,248,3,225,-20,23
180,223,187,192,5,169,-18,23
146,290,151,155,4,132,-19,23
159,338,98,105,7,82,-16,23
373,328,218,227,9,204,-14,23
373,332,200,217,17,194,-6,23
373,334,217,225,8,202,-15,23
260,280,128,135,7,112,-16,23
265,356,95,103,8,80,-15,23
299,279,178,180,2,157,-21,23
82,310,134,143,9,120,-14,23
265,280,84,99,15,76,-8,23
50,306,53,66,13,43,-10,23
31,250,167,176,9,153,-14,23
153,342,74,87,13,64,-10,23
179,370,43,66,23,43,0,23
344,247,231,247,16,224,-7,23
183,302,175,188,13,165,-10,23
523,273,155,167,12,144,-11,23
80,311,112,124,12,101,-11,23
80,335,64,76,12,53,-11,23
380,516,254,254,0,231,-23,23
96,215,50,66,16,43,-7,23
408,331,194,211,17,188,-6,23
210,232,252,253,1,230,-22,23
201,317,120,132,12,109,-11,23
381,77,254,254,0,231,-23,23
232,289,107,124,17,101,-6,23
232,290,101,119,18,96,-5,23
232,291,96,115,19,92,-4,23
379,332,213,222,9,199,-14,23
142,276,92,95,3,72,-20,23
284,257,173,188,15,165,-8,23
80,339,53,66,13,43,-10,23
38,235,224,234,10,211,-13,23
82,323,126,135,9,112,-14,23
217,330,120,130,10,107,-13,23
218,330,124,130,6,107,-17,23
50,305,59,66,7,43,-16,23
82,320,131,142,11,119,-12,23
425,338,203,217,14,194,-9,23
425,339,213,222,9,199,-14,23
356,284,249,250,1,227,-22,23
425,245,170,180,10,157,-13,23
80,313,114,125,11,102,-12,23
183,319,144,151,7,128,-16,23
115,380,53,66,13,43,-10,23
31,260,166,181,15,158,-8,23
48,323,64,66,2,43,-21,23
80,314,115,125,10,102,-13,23
265,312,76,76,0,53,-23,23
265,313,74,76,2,53,-21,23
265,314,72,76,4,53,-19,23
265,315,68,76,8,53,-15,23
355,312,61,66,5,43,-18,23
299,326,117,122,5,99,-18,23
40,364,251,254,3,231,-20,23
381,333,214,223,9,200,-14,23
380,334,200,214,14,191,-9,23
373,239,203,212,9,189,-14,23
380,338,212,222,10,199,-13,23
162,325,129,148,19,125,-4,23
41,233,200,215,15,192,-8,23
343,260,72,82,10,59,-13,23
31,251,160,167,7,144,-16,23
152,287,160,173,13,150,-10,23
162,379,64,76,12,53,-11,23
300,199,105,116,11,93,-12,23
300,200,101,116,15,93,-8,23
426,276,224,225,1,202,-22,23
146,316,59,66,7,43,-16,23
82,338,74,87,13,64,-10,23
259,307,107,119,12,96,-11,23
130,317,170,180,10,157,-13,23
200,318,117,126,9,103,-14,23
200,319,119,132,13,109,-10,23
427,246,180,190,10,167,-13,23
140,252,126,134,8,111,-15,23
300,198,112,116,4,93,-19,23
154,253,127,130,3,107,-20,23
144,227,132,138,6,115,-17,23
235,302,114,126,12,103,-11,23
80,301,103,115,12,92,-11,23
80,302,105,115,10,92,-13,23
276,354,61,66,5,43,-18,23
130,320,167,173,6,150,-17,23
427,340,216,223,7,200,-16,23
199,307,70,84,14,61,-9,23
55,375,251,251,0,228,-23,23
355,93,56,66,10,43,-13,23
41,269,68,84,16,61,-7,23
259,305,116,126,10,103,-13,23
343,276,191,200,9,177,-14,23
179,224,179,187,8,164,-15,23
179,231,194,201,7,178,-16,23
75,314,53,66,13,43,-10,23
127,380,87,87,0,64,-23,23
65,246,76,76,0,53,-23,23
139,376,59,76,17,53,-6,23
360,326,220,225,5,202,-18,23
211,295,184,193,9,170,-14,23
198,305,64,76,12,53,-11,23
429,240,96,112,16,89,-7,23
159,222,135,151,16,128,-7,23
163,278,172,183,11,160,-12,23
142,303,140,150,10,127,-13,23
119,228,139,148,9,125,-14,23
301,184,254,255,1,232,-22,23
354,93,61,66,5,43,-18,23
295,199,253,254,1,231,-22,23
310,360,129,139,10,116,-13,23
88,213,59,66,7,43,-16,23
273,292,101,112,11,89,-12,23
273,293,96,107,11,84,-12,23
273,297,82,93,11,70,-12,23
272,295,80,93,13,70,-10,23
272,296,74,89,15,66,-8,23
48,306,53,66,13,43,-10,23
343,247,238,249,11,226,-12,23
37,297,82,87,5,64,-18,23
266,313,53,76,23,53,0,23
37,286,76,89,13,66,-10,23
37,293,74,87,13,64,-10,23
37,294,87,87,0,64,-23,23
137,289,162,168,6,145,-17,23
346,271,200,209,9,186,-14,23
324,211,61,66,5,43,-18,23
113,224,64,76,12,53,-11,23
80,245,46,66,20,43,-3,23
92,237,149,158,9,135,-14,23
116,380,53,66,13,43,-10,23
406,321,218,219,1,196,-22,23
198,235,152,167,15,144,-8,23
258,308,111,122,11,99,-12,23
258,309,107,119,12,96,-11,23
41,310,59,66,7,43,-16,23
225,295,144,160,16,137,-7,23
142,302,149,160,11,137,-12,23
158,349,107,116,9,93,-14,23
158,372,53,76,23,53,0,23
37,233,243,252,9,229,-14,23
72,225,50,66,16,43,-7,23
154,342,74,87,13,64,-10,23
154,322,173,187,14,164,-9,23
314,219,72,76,4,53,-19,23
272,290,102,112,10,89,-13,23
346,281,230,237,7,214,-16,23
455,250,198,206,8,183,-15,23
133,371,85,93,8,70,-15,23
346,284,239,242,3,219,-20,23
485,257,184,195,11,172,-12,23
163,380,72,82,10,59,-13,23
83,286,184,194,10,171,-13,23
83,287,178,190,12,167,-11,23
323,355,161,170,9,147,-14,23
17,297,64,66,2,43,-21,23
144,275,64,87,23,64,0,23
184,304,156,167,11,144,-12,23
31,317,61,76,15,53,-8,23
31,318,76,76,0,53,-23,23
178,316,122,130,8,107,-15,23
48,296,61,66,5,43,-18,23
48,297,59,66,7,43,-16,23
383,322,216,225,9,202,-14,23
225,289,153,167,14,144,-9,23
36,361,253,253,0,230,-23,23
83,298,144,156,12,133,-11,23
83,265,180,189,9,166,-14,23
267,286,70,89,19,66,-4,23
267,287,66,82,16,59,-7,23
464,252,202,209,7,186,-16,23
178,232,178,194,16,171,-7,23
136,306,156,167,11,144,-12,23
17,290,56,66,10,43,-13,23
17,296,66,66,0,43,-23,23
267,288,59,76,17,53,-6,23
42,235,184,195,11,172,-12,23
42,236,172,195,23,172,0,23
164,305,95,115,20,92,-3,23
164,315,133,152,19,129,-4,23
302,193,115,126,11,103,-12,23
197,235,152,167,15,144,-8,23
433,247,186,196,10,173,-13,23
333,351,181,192,11,169,-12,23
158,319,137,155,18,132,-5,23
158,320,138,155,17,132,-6,23
79,331,66,76,10,53,-13,23
158,328,146,146,0,123,-23,23
237,360,253,253,0,230,-23,23
211,296,170,193,23,170,0,23
246,250,152,159,7,136,-16,23
249,342,61,84,23,61,0,23
235,293,118,130,12,107,-11,23
454,528,255,255,0,232,-23,23
184,303,167,179,12,156,-11,23
60,230,61,66,5,43,-18,23
60,241,56,66,10,43,-13,23
60,242,43,66,23,43,0,23
36,309,50,66,16,43,-7,23
36,310,56,66,10,43,-13,23
142,313,64,82,18,59,-5,23
224,289,164,174,10,151,-13,23
397,322,216,222,6,199,-17,23
177,314,107,119,12,96,-11,23
136,317,50,66,16,43,-7,23
342,247,247,249,2,226,-21,23
484,275,205,205,0,182,-23,23
164,341,135,143,8,120,-15,23
257,327,93,93,0,70,-23,23
36,286,72,89,17,66,-6,23
36,293,78,89,11,66,-12,23
107,383,53,76,23,53,0,23
139,337,78,84,6,61,-17,23
233,295,95,107,12,84,-11,23
233,296,95,105,10,82,-13,23
383,334,215,224,9,201,-14,23
434,241,98,115,17,92,-6,23
196,298,101,112,11,89,-12,23
302,276,244,247,3,224,-20,23
392,326,216,224,8,201,-15,23
155,213,162,170,8,147,-15,23
315,192,95,95,0,72,-23,23
155,215,161,170,9,147,-14,23
155,216,153,161,8,138,-15,23
32,250,160,176,16,153,-7,23
32,251,153,167,14,144,-9,23
128,212,253,253,0,230,-23,23
224,311,117,130,13,107,-10,23
36,252,144,160,16,137,-7,23
158,256,126,135,9,112,-14,23
83,338,84,95,11,72,-12,23
165,259,173,178,5,155,-18,23
135,288,170,178,8,155,-15,23
165,220,141,154,13,131,-10,23
36,251,146,160,14,137,-9,23
195,298,95,112,17,89,-6,23
195,301,80,89,9,66,-14,23
564,138,13,28,15,5,-8,23
24,306,78,87,9,64,-14,23
24,311,70,82,12,59,-11,23
24,313,50,66,16,43,-7,23
148,216,168,177,9,154,-14,23
257,312,102,116,14,93,-9,23
504,329,212,222,10,199,-13,23
165,301,171,179,8,156,-15,23
569,541,251,253,2,230,-21,23
142,338,61,84,23,61,0,23
144,391,253,253,0,230,-23,23
117,380,53,66,13,43,-10,23
60,259,56,66,10,43,-13,23
51,287,59,66,7,43,-16,23
184,375,103,107,4,84,-19,23
151,310,74,87,13,64,-10,23
177,304,151,162,11,139,-12,23
76,241,59,66,7,43,-16,23
76,242,66,66,0,43,-23,23
177,316,125,134,9,111,-14,23
134,309,163,171,8,148,-15,23
286,361,133,141,8,118,-15,23
102,215,59,66,7,43,-16,23
233,291,99,115,16,92,-7,23
233,292,96,112,16,89,-7,23
121,370,64,76,12,53,-11,23
158,248,165,173,8,150,-15,23
165,336,144,153,9,130,-14,23
322,214,64,66,2,43,-21,23
36,249,141,157,16,134,-7,23
139,304,143,154,11,131,-12,23
176,365,101,119,18,96,-5,23
245,342,105,112,7,89,-16,23
165,368,111,122,11,99,-12,23
43,233,194,206,12,183,-11,23
268,355,89,99,10,76,-13,23
334,351,179,192,13,169,-10,23
303,329,227,235,8,212,-15,23
148,286,116,130,14,107,-9,23
148,288,128,139,11,116,-12,23
256,309,124,134,10,111,-13,23
157,347,87,101,14,78,-9,23
157,376,89,93,4,70,-19,23
166,220,144,161,17,138,-6,23
370,329,186,209,23,186,0,23
384,335,212,222,10,199,-13,23
335,194,61,66,5,43,-18,23
351,335,207,220,13,197,-10,23
392,261,215,228,13,205,-10,23
69,231,53,66,13,43,-10,23
367,238,204,214,10,191,-13,23
32,293,118,118,0,95,-23,23
185,295,194,203,9,180,-14,23
303,320,125,128,3,105,-20,23
335,195,66,66,0,43,-23,23
166,301,172,179,7,156,-16,23
43,307,68,87,19,64,-4,23
43,312,61,66,5,43,-18,23
194,300,85,103,18,80,-5,23
405,321,219,221,2,198,-21,23
25,279,139,139,0,116,-23,23
155,301,173,179,6,156,-17,23
74,213,178,192,14,169,-9,23
74,214,192,192,0,169,-23,23
157,331,116,139,23,116,0,23
157,338,92,103,11,80,-12,23
112,224,61,76,15,53,-8,23
269,235,252,253,1,230,-22,23
439,241,92,101,9,78,-14,23
25,288,95,103,8,80,-15,23
54,250,80,82,2,59,-21,23
131,313,178,185,7,162,-16,23
157,328,132,146,14,123,-9,23
105,231,129,142,13,119,-10,23
256,270,110,119,9,96,-14,23
78,328,61,76,15,53,-8,23
84,261,178,187,9,164,-14,23
129,329,150,153,3,130,-20,23
341,247,248,249,1,226,-22,23
309,193,80,87,7,64,-16,23
452,325,214,218,4,195,-19,23
316,160,112,115,3,92,-20,23
84,262,180,189,9,166,-14,23
351,235,213,223,10,200,-13,23
321,187,80,84,4,61,-19,23
68,222,61,76,15,53,-8,23
404,325,215,222,7,199,-16,23
97,213,61,84,23,61,0,23
70,249,53,66,13,43,-10,23
213,366,254,254,0,231,-23,23
237,307,138,149,11,126,-12,23
25,306,72,87,15,64,-8,23
135,269,56,66,10,43,-13,23
477,255,194,203,9,180,-14,23
44,233,201,206,5,183,-18,23
320,453,254,255,1,232,-22,23
351,91,46,66,20,43,-3,23
440,347,225,226,1,203,-22,23
304,279,245,245,0,222,-23,23
236,286,146,156,10,133,-13,23
123,380,72,76,4,53,-19,23
289,296,139,151,12,128,-11,23
289,297,136,147,11,124,-12,23
289,298,132,143,11,120,-12,23
289,299,127,139,12,116,-11,23
289,258,247,249,2,226,-21,23
132,246,175,177,2,154,-21,23
441,242,96,112,16,89,-7,23
441,248,188,198,10,175,-13,23
78,304,80,93,13,70,-10,23
478,60,252,252,0,229,-23,23
167,221,154,165,11,142,-12,23
78,308,85,99,14,76,-9,23
255,311,123,133,10,110,-13,23
255,312,117,128,11,105,-12,23
32,318,59,76,17,53,-6,23
76,315,61,76,15,53,-8,23
76,306,66,76,10,53,-13,23
76,307,68,76,8,53,-15,23
28,307,80,89,9,66,-14,23
167,367,106,119,13,96,-10,23
84,291,180,191,11,168,-12,23
35,240,200,220,20,197,-3,23
138,376,59,76,17,53,-6,23
237,305,138,149,11,126,-12,23
216,330,130,130,0,107,-23,23
467,123,21,23,2,0,-21,23
271,295,74,84,10,61,-13,23
514,267,160,171,11,148,-12,23
341,88,106,112,6,89,-17,23
168,218,181,184,3,161,-20,23
223,294,175,179,4,156,-19,23
386,320,181,197,16,174,-7,23
223,312,118,132,14,109,-9,23
287,230,251,252,1,229,-22,23
116,230,144,154,10,131,-13,23
442,242,96,112,16,89,-7,23
44,279,78,95,17,72,-6,23
336,272,61,82,21,59,-2,23
84,332,114,124,10,101,-13,23
26,248,251,252,1,229,-22,23
402,324,217,223,6,200,-17,23
118,370,53,66,13,43,-10,23
292,303,134,150,16,127,-7,23
144,287,112,126,14,103,-9,23
70,225,43,66,23,43,0,23
70,226,43,66,23,43,0,23
70,227,43,66,23,43,0,23
44,267,114,116,2,93,-21,23
44,268,115,116,1,93,-22,23
44,269,103,116,13,93,-10,23
78,301,80,93,13,70,-10,23
44,296,70,76,6,53,-17,23
255,258,156,166,10,143,-13,23
255,267,98,115,17,92,-6,23
255,268,105,116,11,93,-12,23
73,241,68,76,8,53,-15,23
350,235,214,223,9,200,-14,23
305,196,85,95,10,72,-13,23
149,285,122,137,15,114,-8,23
149,288,135,145,10,122,-13,23
149,289,139,151,12,128,-11,23
442,248,187,197,10,174,-13,23
137,376,59,76,17,53,-6,23
28,281,123,134,11,111,-12,23
468,123,21,23,2,0,-21,23
32,317,53,76,23,53,0,23
157,218,154,162,8,139,-15,23
157,219,151,162,11,139,-12,23
255,239,250,254,4,231,-19,23
254,321,95,105,10,82,-13,23
44,303,61,82,21,59,-2,23
293,336,95,101,6,78,-17,23
61,241,66,66,0,43,-23,23
61,242,56,66,10,43,-13,23
15,327,252,252,0,229,-23,23
280,223,102,105,3,82,-20,23
118,381,64,76,12,53,-11,23
151,287,150,160,10,137,-13,23
443,248,186,196,10,173,-13,23
73,239,66,76,10,53,-13,23
73,240,66,76,10,53,-13,23
44,305,87,87,0,64,-23,23
44,307,78,87,9,64,-14,23
386,234,78,95,17,72,-6,23
135,222,43,66,23,43,0,23
509,264,155,168,13,145,-10,23
509,265,163,174,11,151,-12,23
190,318,66,87,21,64,-2,23
26,295,82,103,21,80,-2,23
391,261,221,231,10,208,-13,23
399,325,189,208,19,185,-4,23
78,253,50,66,16,43,-7,23
349,352,221,223,2,200,-21,23
138,316,50,66,16,43,-7,23
45,229,169,192,23,169,0,23
234,294,107,118,11,95,-12,23
215,273,160,169,9,146,-14,23
215,274,160,169,9,146,-14,23
215,276,165,172,7,149,-16,23
190,314,76,84,8,61,-15,23
254,257,156,166,10,143,-13,23
319,280,247,249,2,226,-21,23
45,276,105,105,0,82,-23,23
254,264,95,116,21,93,-2,23
171,224,184,195,11,172,-12,23
156,380,68,82,14,59,-9,23
156,338,80,103,23,80,0,23
287,361,126,138,12,115,-11,23
155,375,72,84,12,61,-11,23
252,267,123,132,9,109,-14,23
52,232,59,76,17,53,-6,23
186,362,99,116,17,93,-6,23
274,294,102,112,10,89,-13,23
234,293,110,119,9,96,-14,23
141,275,93,95,2,72,-21,23
141,276,95,95,0,72,-23,23
350,82,72,76,4,53,-19,23
156,322,173,175,2,152,-21,23
156,323,170,175,5,152,-18,23
156,324,165,170,5,147,-18,23
45,285,74,84,10,61,-13,23
45,286,61,82,21,59,-2,23
110,230,132,142,10,119,-13,23
34,249,167,174,7,151,-16,23
149,384,64,76,12,53,-11,23
306,186,103,116,13,93,-10,23
306,187,99,115,16,92,-7,23
270,298,56,66,10,43,-13,23
270,299,53,66,13,43,-10,23
156,217,151,159,8,136,-15,23
252,270,141,150,9,127,-14,23
308,193,82,87,5,64,-18,23
307,360,132,143,11,120,-12,23
187,288,170,177,7,154,-16,23
187,293,170,180,10,157,-13,23
52,257,78,82,4,59,-19,23
244,341,89,105,16,82,-7,23
46,285,82,84,2,61,-21,23
46,286,72,82,10,59,-13,23
469,123,21,23,2,0,-21,23
469,124,21,23,2,0,-21,23
271,288,106,115,9,92,-14,23
236,304,126,138,12,115,-11,23
144,290,147,155,8,132,-15,23
222,284,156,158,2,135,-21,23
234,310,109,118,9,95,-14,23
234,300,101,112,11,89,-12,23
222,320,101,105,4,82,-19,23
189,290,136,154,18,131,-5,23
189,291,140,157,17,134,-6,23
53,250,68,82,14,59,-9,23
189,309,66,87,21,64,-2,23
156,229,161,167,6,144,-17,23
390,325,215,224,9,201,-14,23
151,216,148,163,15,140,-8,23
338,269,66,84,18,61,-5,23
34,250,174,174,0,151,-23,23
34,251,173,174,1,151,-22,23
389,241,203,211,8,188,-15,23
27,270,110,132,22,109,-1,23
215,278,168,177,9,154,-14,23
144,336,99,103,4,80,-19,23
144,338,89,95,6,72,-17,23
253,323,93,105,12,82,-11,23
511,265,156,167,11,144,-12,23
306,361,125,134,9,111,-14,23
27,279,110,133,23,110,0,23
306,196,84,93,9,70,-14,23
77,328,53,66,13,43,-10,23
136,260,50,66,16,43,-7,23
85,297,166,175,9,152,-14,23
85,298,161,172,11,149,-12,23
85,299,156,169,13,146,-10,23
77,306,72,84,12,61,-11,23
339,234,213,221,8,198,-15,23
173,303,154,164,10,141,-13,23
236,360,253,253,0,230,-23,23
216,233,252,253,1,230,-22,23
187,362,103,116,13,93,-10,23
252,338,61,82,21,59,-2,23
188,364,128,139,11,116,-12,23
188,295,169,181,12,158,-11,23
189,299,162,174,12,151,-11,23
274,296,93,105,12,82,-11,23
274,297,89,101,12,78,-11,23
27,295,82,93,11,70,-12,23
141,287,115,128,13,105,-10,23
368,331,220,226,6,203,-17,23
52,280,56,66,10,43,-13,23
222,289,171,174,3,151,-20,23
46,243,70,84,14,61,-9,23
237,289,147,157,10,134,-13,23
262,356,87,103,16,80,-7,23
495,274,186,208,22,185,-1,23
359,322,180,198,18,175,-5,23
49,306,59,66,7,43,-16,23
247,356,82,105,23,82,0,23
153,246,137,146,9,123,-14,23
345,247,224,243,19,220,-4,23
459,64,22,41,19,18,-4,23
231,239,253,254,1,231,-22,23
81,338,66,76,10,53,-13,23
495,59,28,43,15,21,-7,22
375,81,39,43,4,21,-18,22
345,294,43,50,7,28,-15,22
74,311,46,56,10,34,-12,22
74,312,46,56,10,34,-12,22
74,313,46,56,10,34,-12,22
74,314,43,56,13,34,-9,22
50,254,70,78,8,56,-14,22
182,300,188,197,9,175,-13,22
182,301,180,193,13,171,-9,22
182,222,161,177,16,155,-6,22
49,328,28,43,15,21,-7,22
290,378,43,56,13,34,-9,22
365,296,39,50,11,28,-11,22
144,249,133,139,6,117,-16,22
394,327,217,225,8,203,-14,22
262,324,56,72,16,50,-6,22
328,196,85,92,7,70,-15,22
328,311,25,36,11,14,-11,22
307,170,254,254,0,232,-22,22
368,290,34,43,9,21,-13,22
172,224,188,195,7,173,-15,22
338,487,39,43,4,21,-18,22
470,286,39,43,4,21,-18,22
52,283,46,61,15,39,-7,22
292,350,152,167,15,145,-7,22
236,305,127,138,11,116,-11,22
61,253,50,61,11,39,-11,22
215,293,115,127,12,105,-10,22
61,261,46,56,10,34,-12,22
61,262,34,50,16,28,-6,22
512,266,159,170,11,148,-11,22
574,139,28,43,15,21,-7,22
160,348,115,124,9,102,-13,22
495,260,174,182,8,160,-14,22
133,310,164,172,8,150,-14,22
274,299,82,92,10,70,-12,22
447,249,192,202,10,180,-12,22
512,308,28,43,15,21,-7,22
63,258,39,50,11,28,-11,22
63,259,34,50,16,28,-6,22
63,264,34,43,9,21,-13,22
63,265,28,43,15,21,-7,22
116,209,254,255,1,233,-21,22
52,278,53,56,3,34,-19,22
27,319,43,50,7,28,-15,22
27,313,66,72,6,50,-16,22
348,318,61,72,11,50,-11,22
63,276,28,43,15,21,-7,22
470,308,43,43,0,21,-22,22
173,231,184,198,14,176,-8,22
339,192,50,56,6,34,-16,22
339,193,50,56,6,34,-16,22
339,194,56,56,0,34,-22,22
172,374,53,68,15,46,-7,22
400,281,34,43,9,21,-13,22
70,208,251,252,1,230,-21,22
400,286,43,43,0,21,-22,22
400,327,188,207,19,185,-3,22
98,214,70,72,2,50,-20,22
469,308,39,43,4,21,-18,22
63,278,39,50,11,28,-11,22
52,306,46,56,10,34,-12,22
52,307,50,56,6,34,-16,22
187,373,74,78,4,56,-18,22
448,249,192,201,9,179,-13,22
188,312,80,90,10,68,-12,22
77,325,59,72,13,50,-9,22
171,385,251,252,1,230,-21,22
53,221,195,208,13,186,-9,22
446,64,253,254,1,232,-21,22
138,273,28,50,22,28,0,22
138,274,34,50,16,28,-6,22
349,227,34,56,22,34,0,22
138,280,50,68,18,46,-4,22
172,218,173,190,17,168,-5,22
172,219,187,190,3,168,-19,22
46,221,243,253,10,231,-12,22
77,329,53,61,8,39,-14,22
338,293,43,50,7,28,-15,22
156,274,123,138,15,116,-7,22
253,273,150,159,9,137,-13,22
115,221,39,50,11,28,-11,22
368,325,220,226,6,204,-16,22
567,140,34,43,9,21,-13,22
388,324,215,224,9,202,-13,22
368,509,28,50,22,28,0,22
253,322,99,107,8,85,-14,22
53,233,53,61,8,39,-14,22
97,367,46,61,15,39,-7,22
97,376,43,50,7,28,-15,22
128,373,56,68,12,46,-10,22
237,288,149,159,10,137,-12,22
53,234,39,56,17,34,-5,22
338,191,56,68,12,46,-10,22
338,195,56,56,0,34,-22,22
471,286,43,43,0,21,-22,22
511,266,163,174,11,152,-11,22
511,309,28,43,15,21,-7,22
307,366,39,56,17,34,-5,22
89,231,43,61,18,39,-4,22
73,280,46,56,10,34,-12,22
73,281,46,56,10,34,-12,22
73,282,43,56,13,34,-9,22
349,288,21,43,22,21,0,22
349,289,39,43,4,21,-18,22
77,339,34,43,9,21,-13,22
472,296,43,43,0,21,-22,22
472,297,39,43,4,21,-18,22
472,306,43,43,0,21,-22,22
318,358,137,146,9,124,-13,22
318,306,248,248,0,226,-22,22
471,297,39,43,4,21,-18,22
471,307,43,43,0,21,-22,22
368,311,39,43,4,21,-18,22
101,224,34,50,16,28,-6,22
349,255,98,109,11,87,-11,22
349,256,102,109,7,87,-15,22
189,363,116,128,12,106,-10,22
73,279,46,56,10,34,-12,22
390,509,39,50,11,28,-11,22
390,511,46,50,4,28,-18,22
389,509,39,50,11,28,-11,22
389,511,46,50,4,28,-18,22
63,250,59,68,9,46,-13,22
63,251,59,68,9,46,-13,22
63,257,46,50,4,28,-18,22
105,377,34,50,16,28,-6,22
46,281,87,96,9,74,-13,22
187,322,153,160,7,138,-15,22
52,251,64,72,8,50,-14,22
307,423,254,254,0,232,-22,22
186,310,95,109,14,87,-8,22
348,227,34,56,22,34,0,22
186,374,78,90,12,68,-10,22
52,256,76,78,2,56,-20,22
339,323,46,56,10,34,-12,22
317,218,53,72,19,50,-3,22
52,261,78,90,12,68,-10,22
363,291,46,50,4,28,-18,22
292,269,182,182,0,160,-22,22
216,270,161,166,5,144,-17,22
274,292,107,118,11,96,-11,22
33,292,110,118,8,96,-14,22
34,247,165,179,14,157,-8,22
234,311,109,118,9,96,-13,22
388,241,204,212,8,190,-14,22
133,219,50,61,11,39,-11,22
53,284,53,61,8,39,-14,22
53,285,56,61,5,39,-17,22
189,364,127,138,11,116,-11,22
305,406,43,43,0,21,-22,22
318,436,43,50,7,28,-15,22
156,321,172,175,3,153,-19,22
156,326,147,155,8,133,-14,22
138,304,149,159,10,137,-12,22
349,318,66,78,12,56,-10,22
89,362,53,61,8,39,-14,22
444,351,39,43,4,21,-18,22
77,217,152,155,3,133,-19,22
46,325,21,43,22,21,0,22
339,489,34,50,16,28,-6,22
513,267,164,174,10,152,-12,22
287,362,118,133,15,111,-7,22
271,287,111,118,7,96,-15,22
513,278,34,43,9,21,-13,22
513,300,28,50,22,28,0,22
33,249,169,182,13,160,-9,22
155,373,53,68,15,46,-7,22
134,356,85,90,5,68,-17,22
252,268,129,138,9,116,-13,22
468,288,39,43,4,21,-18,22
137,352,56,68,12,46,-10,22
51,366,39,43,4,21,-18,22
274,293,105,115,10,93,-12,22
171,223,173,188,15,166,-7,22
306,193,89,96,7,74,-15,22
26,344,46,50,4,28,-18,22
26,345,50,50,0,28,-22,22
53,270,61,61,0,39,-22,22
53,275,21,43,22,21,0,22
78,223,66,78,12,56,-10,22
170,220,178,190,12,168,-10,22
473,295,39,43,4,21,-18,22
473,296,43,43,0,21,-22,22
337,366,28,43,15,21,-7,22
156,349,92,106,14,84,-8,22
85,216,28,50,22,28,0,22
85,217,28,50,22,28,0,22
473,304,39,43,4,21,-18,22
473,305,39,43,4,21,-18,22
337,367,43,43,0,21,-22,22
270,284,118,124,6,102,-16,22
45,291,39,56,17,34,-5,22
510,265,159,170,11,148,-11,22
474,67,33,34,1,12,-21,22
169,380,64,72,8,50,-14,22
234,296,103,115,12,93,-10,22
234,297,102,112,10,90,-12,22
234,298,99,111,12,89,-10,22
369,293,43,50,7,28,-15,22
387,230,28,50,22,28,0,22
387,241,205,213,8,191,-14,22
63,344,34,43,9,21,-13,22
60,362,56,56,0,34,-22,22
60,363,46,56,10,34,-12,22
60,364,34,56,22,34,0,22
363,228,34,56,22,34,0,22
61,235,50,61,11,39,-11,22
190,310,64,68,4,46,-18,22
190,313,70,78,8,56,-14,22
61,282,28,43,15,21,-7,22
363,509,39,43,4,21,-18,22
190,364,127,137,10,115,-12,22
132,342,61,72,11,50,-11,22
337,190,68,68,0,46,-22,22
474,295,39,43,4,21,-18,22
509,304,28,50,22,28,0,22
84,386,254,254,0,232,-22,22
254,274,149,158,9,136,-13,22
254,314,114,124,10,102,-12,22
77,380,50,56,6,34,-16,22
149,347,82,90,8,68,-14,22
26,317,34,50,16,28,-6,22
138,317,43,56,13,34,-9,22
53,289,43,50,7,28,-15,22
53,290,46,50,4,28,-18,22
350,227,34,56,22,34,0,22
350,256,109,120,11,98,-11,22
350,288,21,43,22,21,0,22
350,289,43,43,0,21,-22,22
468,289,43,43,0,21,-22,22
367,363,39,43,4,21,-18,22
367,509,28,50,22,28,0,22
391,294,43,43,0,21,-22,22
390,316,21,43,22,21,0,22
289,218,87,102,15,80,-7,22
85,381,50,50,0,28,-22,22
252,262,93,115,22,93,0,22
51,327,46,50,4,28,-18,22
51,331,34,43,9,21,-13,22
61,275,39,50,11,28,-11,22
61,281,34,50,16,28,-6,22
149,292,171,180,9,158,-13,22
305,187,110,120,10,98,-12,22
443,306,39,56,17,34,-5,22
53,288,34,50,16,28,-6,22
157,229,166,170,4,148,-18,22
370,81,28,43,15,21,-7,22
387,337,209,219,10,197,-12,22
369,311,39,43,4,21,-18,22
102,213,70,72,2,50,-20,22
102,214,59,72,13,50,-9,22
319,437,50,50,0,28,-22,22
476,126,21,22,1,0,-21,22
44,319,66,68,2,46,-20,22
44,323,28,43,15,21,-7,22
111,230,132,144,12,122,-10,22
53,296,43,56,13,34,-9,22
475,281,39,43,4,21,-18,22
475,302,43,43,0,21,-22,22
18,283,61,72,11,50,-11,22
399,281,34,43,9,21,-13,22
137,350,59,72,13,50,-9,22
86,216,28,50,22,28,0,22
86,217,39,50,11,28,-11,22
391,509,39,50,11,28,-11,22
123,372,50,72,22,50,0,22
123,217,39,56,17,34,-5,22
86,219,56,56,0,34,-22,22
340,189,50,56,6,34,-16,22
528,58,21,43,22,21,0,22
151,291,163,173,10,151,-12,22
308,320,235,239,4,217,-18,22
401,281,34,43,9,21,-13,22
308,231,240,242,2,220,-20,22
46,362,34,56,22,34,0,22
467,310,34,43,9,21,-13,22
175,228,186,199,13,177,-9,22
316,307,248,249,1,227,-21,22
340,298,34,43,9,21,-13,22
340,297,28,43,15,21,-7,22
136,270,43,56,13,34,-9,22
367,301,21,43,22,21,0,22
391,511,50,50,0,28,-22,22
392,78,43,43,0,21,-22,22
157,222,146,153,7,131,-15,22
84,336,98,109,11,87,-11,22
84,337,95,106,11,84,-11,22
84,339,87,98,11,76,-11,22
44,290,34,56,22,34,0,22
17,303,59,72,13,50,-9,22
60,368,39,50,11,28,-11,22
90,239,151,160,9,138,-13,22
157,257,120,137,17,115,-5,22
508,305,28,50,22,28,0,22
168,221,162,173,11,151,-11,22
336,320,28,43,15,21,-7,22
78,302,80,92,12,70,-10,22
78,303,80,92,12,70,-10,22
476,302,43,43,0,21,-22,22
255,266,92,114,22,92,0,22
350,250,219,225,6,203,-16,22
305,189,103,117,14,95,-8,22
191,235,151,166,15,144,-7,22
442,314,28,50,22,28,0,22
308,360,130,141,11,119,-11,22
402,292,43,43,0,21,-22,22
402,331,224,230,6,208,-16,22
70,223,61,61,0,39,-22,22
70,224,56,61,5,39,-17,22
124,217,43,56,13,34,-9,22
220,360,99,109,10,87,-12,22
235,285,141,152,11,130,-11,22
118,379,46,56,10,34,-12,22
391,303,39,43,4,21,-18,22
391,323,189,207,18,185,-4,22
292,304,132,148,16,126,-6,22
17,302,59,72,13,50,-9,22
398,358,28,50,22,28,0,22
61,289,28,43,15,21,-7,22
61,290,39,43,4,21,-18,22
364,237,203,212,9,190,-13,22
116,222,46,61,15,39,-7,22
135,254,64,78,14,56,-8,22
119,216,39,56,17,34,-5,22
223,270,151,165,14,143,-8,22
243,250,129,145,16,123,-6,22
243,252,118,129,11,107,-11,22
53,306,34,50,16,28,-6,22
53,321,43,50,7,28,-15,22
350,311,28,43,15,21,-7,22
350,313,50,56,6,34,-16,22
14,274,254,255,1,233,-21,22
35,245,178,186,8,164,-14,22
157,250,153,163,10,141,-12,22
477,126,21,22,1,0,-21,22
135,251,74,96,22,74,0,22
350,309,21,43,22,21,0,22
237,308,137,148,11,126,-11,22
97,226,39,50,11,28,-11,22
237,306,138,149,11,127,-11,22
191,364,127,136,9,114,-13,22
53,351,34,50,16,28,-6,22
17,310,50,56,6,34,-16,22
347,336,221,222,1,200,-21,22
527,532,21,43,22,21,0,22
467,290,39,43,4,21,-18,22
340,349,182,200,18,178,-4,22
76,324,56,61,5,39,-17,22
76,325,50,61,11,39,-11,22
175,305,137,149,12,127,-10,22
467,289,43,43,0,21,-22,22
514,299,28,50,22,28,0,22
76,328,43,56,13,34,-9,22
514,330,39,43,4,21,-18,22
340,489,43,50,7,28,-15,22
76,305,61,72,11,50,-11,22
451,349,43,43,0,21,-22,22
133,343,53,61,8,39,-14,22
73,372,50,56,6,34,-16,22
73,373,34,56,22,34,0,22
74,210,182,194,12,172,-10,22
108,377,34,50,16,28,-6,22
108,378,50,50,0,28,-22,22
84,329,124,134,10,112,-12,22
84,331,117,127,10,105,-12,22
84,292,176,186,10,164,-12,22
84,293,173,181,8,159,-14,22
84,298,152,166,14,144,-8,22
508,264,161,171,10,149,-12,22
363,328,224,226,2,204,-20,22
289,301,124,133,9,111,-13,22
289,302,120,132,12,110,-10,22
62,340,28,43,15,21,-7,22
289,221,102,102,0,80,-22,22
100,233,139,146,7,124,-15,22
367,290,39,43,4,21,-18,22
176,223,162,178,16,156,-6,22
192,235,151,166,15,144,-7,22
131,349,99,107,8,85,-14,22
78,311,90,102,12,80,-10,22
255,313,111,123,12,101,-10,22
157,269,128,140,12,118,-10,22
157,270,127,140,13,118,-9,22
84,290,184,192,8,170,-14,22
136,265,50,56,6,34,-16,22
478,326,211,214,3,192,-19,22
102,231,125,132,7,110,-15,22
370,311,39,43,4,21,-18,22
68,223,59,72,13,50,-9,22
233,310,96,109,13,87,-9,22
54,247,72,78,6,56,-16,22
60,286,21,43,22,21,0,22
60,287,28,43,15,21,-7,22
278,243,237,250,13,228,-9,22
25,307,64,78,14,56,-8,22
507,313,28,43,15,21,-7,22
477,300,43,43,0,21,-22,22
477,301,43,43,0,21,-22,22
321,137,253,253,0,231,-22,22
54,233,56,61,5,39,-17,22
347,312,28,43,15,21,-7,22
78,331,56,68,12,46,-10,22
35,276,46,61,15,39,-7,22
35,277,39,56,17,34,-5,22
336,87,253,255,2,233,-20,22
336,102,110,114,4,92,-18,22
336,103,114,114,0,92,-22,22
336,104,114,114,0,92,-22,22
478,299,39,43,4,21,-18,22
351,265,212,220,8,198,-14,22
90,364,46,61,15,39,-7,22
304,194,99,107,8,85,-14,22
193,235,151,166,15,144,-7,22
54,234,53,56,3,34,-19,22
193,314,64,72,8,50,-14,22
139,221,50,56,6,34,-16,22
478,300,39,43,4,21,-18,22
60,268,34,43,9,21,-13,22
362,292,28,50,22,28,0,22
362,293,28,50,22,28,0,22
129,270,190,197,7,175,-15,22
176,304,147,159,12,137,-10,22
176,309,102,117,15,95,-7,22
466,291,43,43,0,21,-22,22
86,252,174,184,10,162,-12,22
74,224,59,68,9,46,-13,22
51,318,59,61,2,39,-20,22
452,349,43,43,0,21,-22,22
186,292,175,185,10,163,-12,22
451,325,215,218,3,196,-19,22
451,344,203,223,20,201,-2,22
251,266,122,132,10,110,-12,22
47,298,56,68,12,46,-10,22
105,229,111,124,13,102,-9,22
385,232,68,72,4,50,-18,22
64,257,46,56,10,34,-12,22
64,265,34,43,9,21,-13,22
569,140,46,50,4,28,-18,22
335,396,34,43,9,21,-13,22
335,397,34,43,9,21,-13,22
256,259,156,166,10,144,-12,22
256,267,93,114,21,92,-1,22
335,471,43,50,7,28,-15,22
157,310,95,107,12,85,-10,22
78,329,59,72,13,50,-9,22
139,223,56,72,16,50,-6,22
129,327,152,159,7,137,-15,22
361,420,39,43,4,21,-18,22
129,328,151,156,5,134,-17,22
128,218,43,56,13,34,-9,22
86,299,165,173,8,151,-14,22
479,338,216,219,3,197,-19,22
479,342,34,43,9,21,-13,22
479,343,43,43,0,21,-22,22
157,346,80,92,12,70,-10,22
43,286,56,72,16,50,-6,22
108,215,59,61,2,39,-20,22
303,402,43,43,0,21,-22,22
148,311,56,78,22,56,0,22
148,312,61,78,17,56,-5,22
148,313,74,78,4,56,-18,22
25,294,87,102,15,80,-7,22
351,288,21,43,22,21,0,22
351,289,43,43,0,21,-22,22
351,304,21,43,22,21,0,22
78,380,53,56,3,34,-19,22
194,235,151,166,15,144,-7,22
60,261,50,56,6,34,-16,22
60,262,34,50,16,28,-6,22
144,379,34,56,22,34,0,22
47,299,56,68,12,46,-10,22
47,300,61,68,7,46,-15,22
341,246,237,248,11,226,-11,22
110,217,39,50,11,28,-11,22
32,312,59,68,9,46,-13,22
347,248,225,242,17,220,-5,22
347,249,232,246,14,224,-8,22
398,511,39,50,11,28,-11,22
398,516,254,254,0,232,-22,22
216,290,103,114,11,92,-11,22
216,292,105,115,10,93,-12,22
54,293,50,56,6,34,-16,22
54,296,46,56,10,34,-12,22
155,253,125,131,6,109,-16,22
392,360,43,43,0,21,-22,22
125,211,255,255,0,233,-22,22
100,214,70,72,2,50,-20,22
392,282,21,43,22,21,0,22
527,271,135,146,11,124,-11,22
137,329,21,43,22,21,0,22
527,58,21,43,22,21,0,22
185,311,99,115,16,93,-6,22
347,257,90,96,6,74,-16,22
347,227,39,56,17,34,-5,22
25,282,70,90,20,68,-2,22
90,373,34,50,16,28,-6,22
43,276,89,98,9,76,-13,22
481,256,190,200,10,178,-12,22
256,313,105,117,12,95,-10,22
506,131,0,22,22,0,0,22
506,132,20,22,2,0,-20,22
84,207,249,252,3,230,-19,22
370,509,39,43,4,21,-18,22
371,81,28,43,15,21,-7,22
384,315,21,43,22,21,0,22
384,336,204,216,12,194,-10,22
64,278,34,43,9,21,-13,22
506,314,28,43,15,21,-7,22
506,333,39,43,4,21,-18,22
54,270,53,61,8,39,-14,22
351,309,28,43,15,21,-7,22
438,521,28,43,15,21,-7,22
351,422,39,43,4,21,-18,22
51,280,43,56,13,34,-9,22
242,250,126,142,16,120,-6,22
436,352,28,43,15,21,-7,22
36,250,143,160,17,138,-5,22
481,296,39,43,4,21,-18,22
79,250,53,68,15,46,-7,22
334,471,34,50,16,28,-6,22
257,260,157,166,9,144,-13,22
438,352,39,43,4,21,-18,22
194,298,99,111,12,89,-10,22
91,230,43,56,13,34,-9,22
437,519,28,43,15,21,-7,22
437,520,39,43,4,21,-18,22
42,319,50,56,6,34,-16,22
157,348,93,107,14,85,-8,22
166,218,166,173,7,151,-15,22
72,279,39,50,11,28,-11,22
437,352,28,43,15,21,-7,22
148,289,134,144,10,122,-12,22
315,359,130,140,10,118,-12,22
134,325,39,56,17,34,-5,22
134,326,39,56,17,34,-5,22
110,222,46,56,10,34,-12,22
134,337,34,50,16,28,-6,22
134,338,39,50,11,28,-11,22
134,339,39,50,11,28,-11,22
134,340,34,50,16,28,-6,22
341,317,34,43,9,21,-13,22
526,58,21,43,22,21,0,22
273,360,140,141,1,119,-21,22
51,276,56,56,0,34,-22,22
51,279,46,56,10,34,-12,22
142,384,61,78,17,56,-5,22
436,519,28,43,15,21,-7,22
436,520,43,43,0,21,-22,22
54,318,21,43,22,21,0,22
108,217,34,50,16,28,-6,22
108,222,46,56,10,34,-12,22
195,235,151,166,15,144,-7,22
54,332,46,50,4,28,-18,22
108,226,78,90,12,68,-10,22
352,235,213,222,9,200,-13,22
54,336,28,43,15,21,-7,22
158,247,167,173,6,151,-16,22
257,270,99,115,16,93,-6,22
165,337,142,151,9,129,-13,22
36,241,197,202,5,180,-17,22
194,314,68,72,4,50,-18,22
60,280,39,50,11,28,-11,22
554,278,43,43,0,21,-22,22
96,366,50,61,11,39,-11,22
117,379,43,56,13,34,-9,22
60,250,64,72,8,50,-14,22
51,281,43,56,13,34,-9,22
51,284,39,61,22,39,0,22
176,315,119,129,10,107,-12,22
176,316,127,138,11,116,-11,22
155,245,154,165,11,143,-11,22
465,305,34,50,16,28,-6,22
76,260,39,61,22,39,0,22
177,224,164,178,14,156,-8,22
505,132,22,22,0,0,-22,22
36,239,201,214,13,192,-9,22
121,371,56,68,12,46,-10,22
392,322,188,206,18,184,-4,22
54,348,34,50,16,28,-6,22
139,320,34,50,16,28,-6,22
24,289,89,96,7,74,-15,22
83,339,80,90,10,68,-12,22
42,293,89,92,3,70,-19,22
483,257,192,200,8,178,-14,22
257,308,119,129,10,107,-12,22
482,295,43,43,0,21,-22,22
482,296,39,43,4,21,-18,22
102,377,43,50,7,28,-15,22
371,312,21,43,22,21,0,22
322,184,66,78,12,56,-10,22
505,131,0,22,22,0,0,22
96,376,39,50,11,28,-11,22
19,293,59,72,13,50,-9,22
54,343,34,50,16,28,-6,22
54,347,34,50,16,28,-6,22
516,268,160,171,11,149,-11,22
393,78,39,43,4,21,-18,22
366,509,28,50,22,28,0,22
69,221,53,72,19,50,-3,22
125,217,43,56,13,34,-9,22
62,341,28,43,15,21,-7,22
392,283,43,43,0,21,-22,22
392,294,28,43,15,21,-7,22
74,232,43,61,18,39,-4,22
526,294,28,43,15,21,-7,22
453,349,43,43,0,21,-22,22
51,272,34,50,16,28,-6,22
309,367,34,56,22,34,0,22
29,251,160,167,7,145,-15,22
352,288,21,43,22,21,0,22
352,289,43,43,0,21,-22,22
352,309,39,43,4,21,-18,22
352,325,210,214,4,192,-18,22
130,371,85,90,5,68,-17,22
54,354,34,50,16,28,-6,22
24,316,46,56,10,34,-12,22
24,317,46,56,10,34,-12,22
24,318,46,56,10,34,-12,22
483,275,205,205,0,183,-22,22
483,294,43,43,0,21,-22,22
483,295,39,43,4,21,-18,22
158,282,160,175,15,153,-7,22
195,308,46,56,10,34,-12,22
54,341,34,50,16,28,-6,22
54,342,34,50,16,28,-6,22
352,421,21,43,22,21,0,22
352,422,39,43,4,21,-18,22
196,303,53,72,19,50,-3,22
196,281,195,197,2,175,-20,22
315,221,46,68,22,46,0,22
177,225,156,175,19,153,-3,22
342,184,43,50,7,28,-15,22
342,187,56,56,0,34,-22,22
98,376,34,50,16,28,-6,22
398,281,34,43,9,21,-13,22
398,296,43,43,0,21,-22,22
398,326,188,206,18,184,-4,22
36,282,59,78,19,56,-3,22
322,446,39,43,4,21,-18,22
83,324,132,142,10,120,-12,22
83,325,129,139,10,117,-12,22
109,217,39,50,11,28,-11,22
64,358,43,50,7,28,-15,22
323,183,56,68,12,46,-10,22
257,324,74,92,18,70,-4,22
114,230,141,148,7,126,-15,22
107,377,28,50,22,28,0,22
107,378,50,50,0,28,-22,22
72,274,39,50,11,28,-11,22
433,316,34,43,9,21,-13,22
164,368,109,120,11,98,-11,22
504,131,21,22,1,0,-21,22
504,132,22,22,0,0,-22,22
371,300,34,43,9,21,-13,22
384,290,39,43,4,21,-18,22
371,509,43,43,0,21,-22,22
383,339,204,214,10,192,-12,22
224,288,161,173,12,151,-10,22
224,290,167,175,8,153,-14,22
64,347,39,43,4,21,-18,22
64,356,34,50,16,28,-6,22
64,357,39,50,11,28,-11,22
342,282,224,231,7,209,-15,22
134,324,43,61,18,39,-4,22
76,224,59,68,9,46,-13,22
136,321,39,50,11,28,-11,22
342,261,70,78,8,56,-14,22
342,246,226,248,22,226,0,22
342,321,46,61,15,39,-7,22
178,306,141,149,8,127,-14,22
29,265,148,164,16,142,-6,22
184,320,150,156,6,134,-16,22
454,349,43,43,0,21,-22,22
59,363,34,56,22,34,0,22
109,222,46,56,10,34,-12,22
152,217,145,159,14,137,-8,22
152,218,155,159,4,137,-18,22
464,317,39,43,4,21,-18,22
366,301,21,43,22,21,0,22
235,292,119,132,13,110,-9,22
16,286,59,61,2,39,-20,22
346,319,53,68,15,46,-7,22
310,196,106,107,1,85,-21,22
525,270,131,140,9,118,-13,22
75,379,46,50,4,28,-18,22
60,231,53,61,8,39,-14,22
60,233,34,56,22,34,0,22
119,370,56,68,12,46,-10,22
383,489,34,43,9,21,-13,22
484,293,39,43,4,21,-18,22
484,294,39,43,4,21,-18,22
164,301,170,178,8,156,-14,22
323,288,61,61,0,39,-22,22
158,345,85,96,11,74,-11,22
406,242,203,212,9,190,-13,22
139,312,85,96,11,74,-11,22
139,314,66,78,12,56,-10,22
353,227,28,50,22,28,0,22
353,235,213,222,9,200,-13,22
353,263,215,224,9,202,-13,22
433,240,93,102,9,80,-13,22
503,310,28,50,22,28,0,22
323,231,222,228,6,206,-16,22
406,326,210,218,8,196,-14,22
59,362,39,56,17,34,-5,22
333,232,217,222,5,200,-17,22
79,334,56,68,12,46,-10,22
164,256,174,178,4,156,-18,22
36,321,39,50,11,28,-11,22
503,131,21,22,1,0,-21,22
75,380,34,50,16,28,-6,22
517,53,253,253,0,231,-22,22
342,316,28,43,15,21,-7,22
342,279,194,203,9,181,-13,22
75,326,39,50,11,28,-11,22
75,327,39,50,11,28,-11,22
464,284,34,43,9,21,-13,22
136,308,153,160,7,138,-15,22
397,510,34,50,16,28,-6,22
17,286,56,61,5,39,-17,22
17,287,56,61,5,39,-17,22
383,291,43,43,0,21,-22,22
383,302,39,43,4,21,-18,22
382,292,39,43,4,21,-18,22
372,239,205,214,9,192,-13,22
55,287,43,56,13,34,-9,22
55,288,43,50,7,28,-15,22
55,303,28,43,15,21,-7,22
55,308,39,50,11,28,-11,22
55,309,39,56,17,34,-5,22
432,353,34,43,9,21,-13,22
353,288,21,43,22,21,0,22
540,50,255,255,0,233,-22,22
353,289,43,43,0,21,-22,22
353,310,39,43,4,21,-18,22
197,296,125,133,8,111,-14,22
372,292,34,43,9,21,-13,22
323,449,39,50,11,28,-11,22
323,367,39,43,4,21,-18,22
333,270,46,56,10,34,-12,22
258,261,158,167,9,145,-13,22
397,281,34,43,9,21,-13,22
17,301,59,72,13,50,-9,22
314,359,131,141,10,119,-12,22
342,317,39,43,4,21,-18,22
463,317,34,43,9,21,-13,22
134,287,176,180,4,158,-18,22
75,324,39,56,17,34,-5,22
75,325,39,56,17,34,-5,22
333,193,27,46,19,24,-3,22
571,141,21,43,22,21,0,22
285,258,170,192,22,170,0,22
383,290,28,43,15,21,-7,22
55,294,50,56,6,34,-16,22
463,284,39,43,4,21,-18,22
463,285,39,43,4,21,-18,22
154,344,70,78,8,56,-14,22
136,336,21,43,22,21,0,22
463,315,39,43,4,21,-18,22
314,221,59,68,9,46,-13,22
183,375,107,107,0,85,-22,22
525,295,28,43,15,21,-7,22
55,299,28,43,15,21,-7,22
431,247,186,197,11,175,-11,22
55,310,43,56,13,34,-9,22
55,311,43,56,13,34,-9,22
431,353,28,43,15,21,-7,22
431,354,39,43,4,21,-18,22
323,448,50,50,0,28,-22,22
41,313,34,56,22,34,0,22
382,489,34,43,9,21,-13,22
372,81,28,43,15,21,-7,22
372,232,78,98,20,76,-2,22
64,345,34,43,9,21,-13,22
64,346,39,43,4,21,-18,22
65,242,61,68,7,46,-15,22
65,244,56,72,16,50,-6,22
135,351,50,61,11,39,-11,22
502,131,21,22,1,0,-21,22
41,320,34,50,16,28,-6,22
323,412,39,43,4,21,-18,22
323,447,43,50,7,28,-15,22
197,298,101,112,11,90,-11,22
353,314,61,78,17,56,-5,22
301,367,21,43,22,21,0,22
324,141,111,125,14,103,-8,22
258,307,116,125,9,103,-13,22
258,311,99,111,12,89,-10,22
41,309,61,72,11,50,-11,22
72,228,53,61,8,39,-14,22
72,229,59,61,2,39,-20,22
23,338,46,56,10,34,-12,22
553,277,21,43,22,21,0,22
553,278,34,43,9,21,-13,22
106,377,34,50,16,28,-6,22
106,378,50,50,0,28,-22,22
554,277,21,43,22,21,0,22
361,310,28,43,15,21,-7,22
361,318,209,217,8,195,-14,22
406,288,39,56,17,34,-5,22
41,312,43,56,13,34,-9,22
137,274,34,50,16,28,-6,22
332,278,21,43,22,21,0,22
113,222,46,56,10,34,-12,22
258,324,84,92,8,70,-14,22
332,199,39,50,11,28,-11,22
55,336,28,43,15,21,-7,22
92,219,21,43,22,21,0,22
241,243,166,180,14,158,-8,22
72,230,61,61,0,39,-22,22
431,518,28,43,15,21,-7,22
430,518,28,43,15,21,-7,22
353,421,28,43,15,21,-7,22
353,422,43,43,0,21,-22,22
540,535,254,254,0,232,-22,22
147,281,101,109,8,87,-14,22
486,249,0,22,22,0,0,22
486,535,252,253,1,231,-21,22
41,277,103,114,11,92,-11,22
258,312,96,107,11,85,-11,22
310,308,147,153,6,131,-16,22
393,324,189,206,17,184,-5,22
393,359,21,43,22,21,0,22
393,360,43,43,0,21,-22,22
220,268,153,164,11,142,-11,22
235,305,117,128,11,106,-11,22
290,218,87,102,15,80,-7,22
366,326,197,214,17,192,-5,22
366,363,34,43,9,21,-13,22
137,272,34,50,16,28,-6,22
74,285,50,61,11,39,-11,22
346,249,242,247,5,225,-17,22
137,273,34,50,16,28,-6,22
407,232,34,43,9,21,-13,22
310,365,66,72,6,50,-16,22
272,294,84,96,12,74,-10,22
75,306,53,68,15,46,-7,22
75,307,59,68,9,46,-13,22
75,308,59,72,13,50,-9,22
136,322,34,50,16,28,-6,22
136,323,34,50,16,28,-6,22
407,242,200,210,10,188,-12,22
354,227,28,50,22,28,0,22
37,305,56,72,16,50,-6,22
332,200,46,50,4,28,-18,22
163,305,95,112,17,90,-5,22
83,214,70,72,2,50,-20,22
163,314,131,144,13,122,-9,22
163,317,161,163,2,141,-20,22
259,243,158,172,14,150,-8,22
354,235,213,221,8,199,-14,22
430,340,212,218,6,196,-16,22
55,350,50,61,11,39,-11,22
55,357,34,50,16,28,-6,22
429,518,28,43,15,21,-7,22
354,288,21,43,22,21,0,22
354,289,43,43,0,21,-22,22
430,247,188,198,10,176,-12,22
225,302,141,151,10,129,-12,22
225,304,136,147,11,125,-11,22
382,291,34,43,9,21,-13,22
381,489,28,43,15,21,-7,22
103,223,34,50,16,28,-6,22
360,420,39,43,4,21,-18,22
211,308,166,173,7,151,-15,22
372,331,194,213,19,191,-3,22
572,139,39,43,4,21,-18,22
354,421,34,43,9,21,-13,22
59,288,43,50,7,28,-15,22
360,323,179,201,22,179,0,22
354,324,210,218,8,196,-14,22
354,360,216,236,20,214,-2,22
428,339,200,216,16,194,-6,22
331,406,39,43,4,21,-18,22
37,306,50,72,22,50,0,22
83,237,50,61,11,39,-11,22
501,131,21,22,1,0,-21,22
83,224,46,50,4,28,-18,22
487,258,186,195,9,173,-13,22
487,248,22,22,0,0,-22,22
487,249,14,22,8,0,-14,22
83,207,249,252,3,230,-19,22
284,363,128,138,10,116,-12,22
372,319,222,229,7,207,-15,22
136,325,28,43,15,21,-7,22
313,423,46,50,4,28,-18,22
313,424,50,50,0,28,-22,22
87,216,46,50,4,28,-18,22
87,217,50,50,0,28,-22,22
87,218,50,56,6,34,-16,22
87,219,46,56,10,34,-12,22
455,349,43,43,0,21,-22,22
74,277,56,72,16,50,-6,22
87,362,50,56,6,34,-16,22
364,326,192,213,21,191,-1,22
381,284,43,43,0,21,-22,22
65,252,39,61,22,39,0,22
37,321,39,50,11,28,-11,22
331,407,39,43,4,21,-18,22
130,318,167,179,12,157,-10,22
22,314,56,56,0,34,-22,22
146,369,103,106,3,84,-19,22
199,291,163,173,10,151,-12,22
428,518,28,43,15,21,-7,22
56,240,43,56,13,34,-9,22
56,243,50,61,11,39,-11,22
41,266,76,96,20,74,-2,22
487,290,43,43,0,21,-22,22
324,412,34,43,9,21,-13,22
324,449,46,50,4,28,-18,22
259,304,119,128,9,106,-13,22
487,282,34,43,9,21,-13,22
159,251,160,170,10,148,-12,22
396,359,43,43,0,21,-22,22
396,485,34,43,9,21,-13,22
396,510,39,50,11,28,-11,22
61,363,56,56,0,34,-22,22
61,364,46,56,10,34,-12,22
99,217,43,50,7,28,-15,22
87,220,39,56,17,34,-5,22
366,287,28,43,15,21,-7,22
366,288,28,43,15,21,-7,22
366,289,28,43,15,21,-7,22
393,282,21,43,22,21,0,22
393,283,43,43,0,21,-22,22
31,288,107,125,18,103,-4,22
37,354,39,56,17,34,-5,22
37,318,43,56,13,34,-9,22
37,319,50,56,6,34,-16,22
41,242,180,183,3,161,-19,22
135,320,50,61,11,39,-11,22
135,321,50,56,6,34,-16,22
135,323,46,50,4,28,-18,22
140,239,125,139,14,117,-8,22
56,278,28,43,15,21,-7,22
331,286,46,50,4,28,-18,22
500,54,253,254,1,232,-21,22
500,131,21,22,1,0,-21,22
355,288,21,43,22,21,0,22
92,373,43,50,7,28,-15,22
92,374,46,50,4,28,-18,22
92,375,50,50,0,28,-22,22
259,309,99,111,12,89,-10,22
259,310,96,107,11,85,-11,22
82,344,61,72,11,50,-11,22
313,359,133,142,9,120,-13,22
110,213,72,72,0,50,-22,22
272,355,64,72,8,50,-14,22
462,315,34,43,9,21,-13,22
462,316,43,43,0,21,-22,22
462,317,34,43,9,21,-13,22
343,282,228,236,8,214,-14,22
75,293,50,61,11,39,-11,22
75,294,46,61,15,39,-7,22
183,300,193,202,9,180,-13,22
74,272,43,61,18,39,-4,22
74,276,59,72,13,50,-9,22
311,195,102,106,4,84,-18,22
331,200,28,50,22,28,0,22
259,322,76,92,16,70,-6,22
259,323,84,92,8,70,-14,22
488,289,43,43,0,21,-22,22
488,290,39,43,4,21,-18,22
56,292,28,43,15,21,-7,22
56,293,34,50,16,28,-6,22
56,294,46,50,4,28,-18,22
56,299,39,43,4,21,-18,22
93,214,46,68,22,46,0,22
93,229,39,56,17,34,-5,22
65,257,39,56,17,34,-5,22
65,258,34,50,16,28,-6,22
65,259,43,50,7,28,-15,22
120,369,68,78,10,56,-12,22
120,370,61,72,11,50,-11,22
380,321,217,226,9,204,-13,22
373,231,76,78,2,56,-20,22
162,324,135,148,13,126,-9,22
356,288,21,43,22,21,0,22
80,312,114,124,10,102,-12,22
133,344,53,61,8,39,-14,22
456,291,34,43,9,21,-13,22
50,327,43,50,7,28,-15,22
455,348,43,43,0,21,-22,22
462,307,43,43,0,21,-22,22
343,315,28,43,15,21,-7,22
343,316,39,43,4,21,-18,22
462,285,39,43,4,21,-18,22
462,286,39,43,4,21,-18,22
365,509,28,50,22,28,0,22
365,513,255,255,0,233,-22,22
366,238,206,216,10,194,-12,22
488,249,18,22,4,0,-18,22
488,258,184,194,10,172,-12,22
311,306,154,158,4,136,-18,22
118,216,39,56,17,34,-5,22
61,368,43,50,7,28,-15,22
397,230,39,43,4,21,-18,22
218,268,162,169,7,147,-15,22
395,359,39,43,4,21,-18,22
395,485,28,43,15,21,-7,22
396,231,21,43,22,21,0,22
325,296,46,50,4,28,-18,22
82,319,133,144,11,122,-11,22
330,408,39,43,4,21,-18,22
260,243,154,172,18,150,-4,22
425,354,34,43,9,21,-13,22
355,420,21,43,22,21,0,22
355,421,39,43,4,21,-18,22
146,299,167,182,15,160,-7,22
59,263,43,43,0,21,-22,22
59,272,50,56,6,34,-16,22
410,242,196,205,9,183,-13,22
238,289,156,167,11,145,-11,22
408,232,34,43,9,21,-13,22
210,236,144,162,18,140,-4,22
372,509,43,43,0,21,-22,22
373,81,34,43,9,21,-13,22
379,336,199,213,14,191,-8,22
103,377,39,50,11,28,-11,22
80,338,56,68,12,46,-10,22
69,245,61,68,7,46,-15,22
69,249,43,61,18,39,-4,22
62,276,39,50,11,28,-11,22
62,281,43,50,7,28,-15,22
394,234,82,90,8,68,-14,22
356,254,221,227,6,205,-16,22
93,375,34,50,16,28,-6,22
82,309,132,142,10,120,-12,22
136,354,53,68,15,46,-7,22
153,374,61,68,7,46,-15,22
344,176,56,56,0,34,-22,22
344,177,43,56,13,34,-9,22
344,178,39,56,17,34,-5,22
75,256,39,50,11,28,-11,22
75,268,46,61,15,39,-7,22
458,289,39,43,4,21,-18,22
152,338,114,114,0,92,-22,22
260,273,92,109,17,87,-5,22
80,334,66,78,12,56,-10,22
80,336,61,72,11,50,-11,22
238,305,149,160,11,138,-11,22
56,323,28,43,15,21,-7,22
202,313,116,125,9,103,-13,22
202,314,117,127,10,105,-12,22
105,222,34,50,16,28,-6,22
380,284,43,43,0,21,-22,22
65,286,28,43,15,21,-7,22
373,330,195,213,18,191,-4,22
378,331,217,224,7,202,-15,22
40,355,34,50,16,28,-6,22
40,356,34,50,16,28,-6,22
162,305,95,111,16,89,-6,22
82,304,128,137,9,115,-13,22
201,319,126,139,13,117,-9,22
201,320,132,141,9,119,-13,22
56,324,28,43,15,21,-7,22
56,325,34,43,9,21,-13,22
19,327,34,56,22,34,0,22
424,66,251,253,2,231,-20,22
457,291,39,43,4,21,-18,22
50,329,34,43,9,21,-13,22
456,292,43,43,0,21,-22,22
456,348,43,43,0,21,-22,22
50,301,39,61,22,39,0,22
461,286,39,43,4,21,-18,22
461,287,39,43,4,21,-18,22
461,308,43,43,0,21,-22,22
461,317,28,43,15,21,-7,22
344,175,46,56,10,34,-12,22
49,278,39,50,11,28,-11,22
93,366,39,61,22,39,0,22
93,374,28,50,22,28,0,22
424,245,173,182,9,160,-13,22
265,238,252,255,3,233,-19,22
40,309,53,61,8,39,-14,22
240,243,167,180,13,158,-9,22
422,244,170,180,10,158,-12,22
56,370,34,43,9,21,-13,22
356,420,21,43,22,21,0,22
356,421,43,43,0,21,-22,22
162,316,156,163,7,141,-15,22
40,313,39,56,17,34,-5,22
265,274,130,136,6,114,-16,22
260,308,96,107,11,85,-11,22
260,311,85,96,11,74,-11,22
499,131,21,22,1,0,-21,22
59,231,43,61,18,39,-4,22
238,304,149,160,11,138,-11,22
295,346,171,186,15,164,-7,22
394,485,28,43,15,21,-7,22
394,282,28,43,15,21,-7,22
394,283,43,43,0,21,-22,22
394,292,39,50,11,28,-11,22
62,256,43,50,7,28,-15,22
62,258,28,50,22,28,0,22
62,262,43,50,7,28,-15,22
62,264,28,43,15,21,-7,22
152,374,56,68,12,46,-10,22
30,241,252,253,1,231,-21,22
311,308,144,153,9,131,-13,22
345,293,46,50,4,28,-18,22
457,347,28,50,22,28,0,22
345,347,202,218,16,196,-6,22
162,301,170,176,6,154,-16,22
114,215,46,61,15,39,-7,22
40,291,96,96,0,74,-22,22
357,310,21,43,22,21,0,22
421,244,173,183,10,161,-12,22
21,311,34,56,22,34,0,22
21,312,34,56,22,34,0,22
21,313,34,56,22,34,0,22
21,314,34,56,22,34,0,22
94,237,157,166,9,144,-13,22
161,378,59,68,9,46,-13,22
11,304,251,252,1,230,-21,22
140,310,101,112,11,90,-11,22
357,93,46,61,15,39,-7,22
298,212,96,106,10,84,-12,22
93,376,43,50,7,28,-15,22
394,359,28,43,15,21,-7,22
394,360,43,43,0,21,-22,22
38,307,64,72,8,50,-14,22
329,408,28,43,15,21,-7,22
329,409,39,43,4,21,-18,22
498,274,187,208,21,186,-1,22
38,284,87,92,5,70,-17,22
38,290,68,90,22,68,0,22
114,221,34,50,16,28,-6,22
114,223,56,68,12,46,-10,22
161,346,117,125,8,103,-14,22
261,276,98,111,13,89,-9,22
81,222,46,50,4,28,-18,22
329,410,43,43,0,21,-22,22
329,460,50,50,0,28,-22,22
329,461,50,50,0,28,-22,22
326,181,87,90,3,68,-19,22
40,268,84,90,6,68,-16,22
74,286,50,61,11,39,-11,22
74,288,43,56,13,34,-9,22
74,289,43,56,13,34,-9,22
74,290,46,56,10,34,-12,22
30,304,89,92,3,70,-19,22
312,422,46,50,4,28,-18,22
49,265,43,61,18,39,-4,22
180,309,118,128,10,106,-12,22
180,311,99,114,15,92,-7,22
180,314,90,107,17,85,-5,22
344,290,46,50,4,28,-18,22
344,291,50,50,0,28,-22,22
312,423,34,50,16,28,-6,22
344,292,39,50,11,28,-11,22
38,305,72,72,0,50,-22,22
38,306,70,72,2,50,-20,22
329,290,34,43,9,21,-13,22
329,205,56,56,0,34,-22,22
95,377,34,50,16,28,-6,22
95,366,50,61,11,39,-11,22
107,222,46,56,10,34,-12,22
107,225,68,78,10,56,-12,22
360,289,34,43,9,21,-13,22
360,290,39,43,4,21,-18,22
410,328,199,212,13,190,-9,22
491,274,186,208,22,186,0,22
378,240,202,210,8,188,-14,22
232,288,115,129,14,107,-8,22
373,299,46,50,4,28,-18,22
229,295,127,131,4,109,-18,22
261,266,149,160,11,138,-11,22
38,304,70,78,8,56,-14,22
374,81,39,43,4,21,-18,22
282,363,144,147,3,125,-19,22
104,377,34,50,16,28,-6,22
326,309,30,37,7,15,-15,22
57,283,34,50,16,28,-6,22
57,284,43,50,7,28,-15,22
21,297,64,68,4,46,-18,22
419,356,39,50,11,28,-11,22
94,216,46,50,4,28,-18,22
71,224,50,61,11,39,-11,22
57,278,34,50,16,28,-6,22
145,378,46,56,10,34,-12,22
94,366,46,61,15,39,-7,22
261,275,92,109,17,87,-5,22
161,336,92,109,17,87,-5,22
329,289,28,43,15,21,-7,22
418,335,202,216,14,194,-8,22
297,222,66,78,12,56,-10,22
357,420,28,43,15,21,-7,22
357,421,43,43,0,21,-22,22
418,516,21,43,22,21,0,22
419,243,174,184,10,162,-12,22
416,334,197,214,17,192,-5,22
416,336,220,227,7,205,-15,22
57,370,28,43,15,21,-7,22
161,318,154,163,9,141,-13,22
261,309,85,96,11,74,-11,22
82,240,43,61,18,39,-4,22
264,269,149,159,10,137,-12,22
261,280,117,129,12,107,-10,22
281,357,155,167,12,145,-10,22
373,509,39,43,4,21,-18,22
181,300,182,192,10,170,-12,22
345,290,43,50,7,28,-15,22
345,292,50,50,0,28,-22,22
291,218,87,102,15,80,-7,22
99,214,72,72,0,50,-22,22
57,331,39,56,17,34,-5,22
57,332,46,56,10,34,-12,22
38,320,50,50,0,28,-22,22
82,222,28,50,22,28,0,22
327,117,253,254,1,232,-21,22
497,274,186,208,22,186,0,22
329,203,34,56,22,34,0,22
329,204,46,56,10,34,-12,22
57,333,50,56,6,34,-16,22
57,336,50,61,11,39,-11,22
57,337,53,61,8,39,-14,22
58,370,28,43,15,21,-7,22
58,332,34,50,16,28,-6,22
58,333,39,50,11,28,-11,22
360,236,209,216,7,194,-15,22
411,234,21,43,22,21,0,22
180,373,61,78,17,56,-5,22
49,277,28,50,22,28,0,22
75,255,43,50,7,28,-15,22
49,300,39,61,22,39,0,22
153,309,80,92,12,70,-10,22
30,303,78,92,14,70,-8,22
344,293,28,50,22,28,0,22
344,314,28,43,15,21,-7,22
460,309,39,43,4,21,-18,22
460,310,34,43,9,21,-13,22
181,231,202,202,0,180,-22,22
327,208,59,61,2,39,-20,22
38,354,43,56,13,34,-9,22
263,299,92,102,10,80,-12,22
38,321,43,50,7,28,-15,22
264,238,252,255,3,233,-19,22
263,303,84,98,14,76,-8,22
82,207,249,252,3,230,-19,22
39,319,28,50,22,28,0,22
39,320,39,50,11,28,-11,22
39,321,46,50,4,28,-18,22
161,274,126,145,19,123,-3,22
328,459,46,50,4,28,-18,22
328,460,34,50,16,28,-6,22
38,313,53,61,8,39,-14,22
38,319,39,50,11,28,-11,22
57,330,39,50,11,28,-11,22
262,280,111,117,6,95,-16,22
328,411,39,43,4,21,-18,22
262,298,102,114,12,92,-10,22
262,299,102,112,10,90,-12,22
262,300,102,112,10,90,-12,22
365,287,28,43,15,21,-7,22
127,338,133,142,9,120,-13,22
273,290,109,118,9,96,-13,22
273,291,105,115,10,93,-12,22
75,224,50,68,18,46,-4,22
181,312,96,107,11,85,-11,22
312,306,151,158,7,136,-15,22
153,287,170,181,11,159,-11,22
460,287,43,43,0,21,-22,22
460,288,39,43,4,21,-18,22
327,182,90,90,0,68,-22,22
458,348,39,43,4,21,-18,22
376,362,43,43,0,21,-22,22
413,328,210,221,11,199,-11,22
413,329,202,214,12,192,-10,22
238,360,253,253,0,231,-22,22
411,357,43,43,0,21,-22,22
94,377,34,50,16,28,-6,22
20,327,53,56,3,34,-19,22
20,328,56,56,0,34,-22,22
20,329,56,56,0,34,-22,22
20,330,50,56,6,34,-16,22
206,303,170,177,7,155,-15,22
229,309,99,112,13,90,-9,22
229,312,93,107,14,85,-8,22
496,274,186,208,22,186,0,22
161,252,170,175,5,153,-17,22
20,315,39,50,11,28,-11,22
296,343,189,201,12,179,-10,22
296,344,183,194,11,172,-11,22
496,260,170,179,9,157,-13,22
573,542,254,254,0,232,-22,22
344,501,39,50,11,28,-11,22
344,502,43,50,7,28,-15,22
344,500,39,50,11,28,-11,22
248,252,156,158,2,136,-20,22
137,226,128,133,5,111,-17,22
137,248,93,107,14,85,-8,22
521,326,28,50,22,28,0,22
74,322,34,50,16,28,-6,22
459,289,39,43,4,21,-18,22
458,311,39,43,4,21,-18,22
458,347,28,43,15,21,-7,22
81,305,117,128,11,106,-11,22
81,306,117,129,12,107,-10,22
328,290,28,43,15,21,-7,22
140,318,43,56,13,34,-9,22
207,305,170,178,8,156,-14,22
58,283,28,43,15,21,-7,22
207,308,154,166,12,144,-10,22
140,323,56,61,5,39,-17,22
296,222,68,78,10,56,-12,22
231,303,82,98,16,76,-6,22
81,340,59,72,13,50,-9,22
81,341,56,68,12,46,-10,22
262,278,101,112,11,90,-11,22
140,317,46,56,10,34,-12,22
58,262,21,43,22,21,0,22
358,420,34,43,9,21,-13,22
345,177,34,56,22,34,0,22
81,315,125,137,12,115,-10,22
575,139,21,43,22,21,0,22
263,269,140,153,13,131,-9,22
67,225,43,56,13,34,-9,22
376,320,220,228,8,206,-14,22
230,287,138,146,8,124,-14,22
376,81,34,43,9,21,-13,22
160,372,61,78,17,56,-5,22
328,204,34,56,22,34,0,22
328,205,46,56,10,34,-12,22
328,206,56,56,0,34,-22,22
160,317,149,157,8,135,-14,22
160,319,141,154,13,132,-9,22
160,330,118,131,13,109,-9,22
327,277,34,43,9,21,-13,22
263,238,252,255,3,233,-19,22
327,356,139,157,18,135,-4,22
263,267,153,163,10,141,-12,22
359,282,236,248,12,226,-10,22
414,329,204,216,12,194,-10,22
359,420,39,43,4,21,-18,22
58,336,56,61,5,39,-17,22
58,337,61,61,0,39,-22,22
130,219,39,56,17,34,-5,22
374,298,50,50,0,28,-22,22
345,175,46,56,10,34,-12,22
345,176,46,56,10,34,-12,22
49,301,39,61,22,39,0,22
345,274,200,209,9,187,-13,22
134,242,163,170,7,148,-15,22
30,259,160,173,13,151,-9,22
575,524,0,21,21,0,0,21
575,460,21,21,0,0,-21,21
575,509,21,21,0,0,-21,21
575,510,0,21,21,0,0,21
575,459,0,21,21,0,0,21
575,317,21,21,0,0,-21,21
575,318,0,21,21,0,0,21
575,325,0,21,21,0,0,21
575,326,21,21,0,0,-21,21
575,327,21,21,0,0,-21,21
374,328,221,229,8,208,-13,21
374,335,219,225,6,204,-15,21
66,335,0,21,21,0,0,21
66,336,0,21,21,0,0,21
66,339,0,21,21,0,0,21
66,340,0,21,21,0,0,21
66,341,0,21,21,0,0,21
66,342,21,21,0,0,-21,21
574,281,0,21,21,0,0,21
494,428,0,21,21,0,0,21
494,461,0,21,21,0,0,21
494,462,21,21,0,0,-21,21
494,526,0,21,21,0,0,21
494,530,0,21,21,0,0,21
494,531,21,21,0,0,-21,21
81,316,125,137,12,116,-9,21
81,317,125,136,11,115,-10,21
262,357,103,103,0,82,-21,21
575,216,0,21,21,0,0,21
575,220,0,21,21,0,0,21
575,221,0,21,21,0,0,21
575,222,0,21,21,0,0,21
575,223,0,21,21,0,0,21
575,224,21,21,0,0,-21,21
495,116,21,21,0,0,-21,21
495,117,0,21,21,0,0,21
495,118,0,21,21,0,0,21
495,129,0,21,21,0,0,21
495,130,21,21,0,0,-21,21
495,250,21,21,0,0,-21,21
495,251,0,21,21,0,0,21
494,426,21,21,0,0,-21,21
494,427,0,21,21,0,0,21
494,251,0,21,21,0,0,21
494,260,178,185,7,164,-14,21
161,214,167,182,15,161,-6,21
39,277,110,117,7,96,-14,21
494,333,217,230,13,209,-8,21
494,368,0,21,21,0,0,21
494,369,0,21,21,0,0,21
494,370,21,21,0,0,-21,21
494,371,21,21,0,0,-21,21
494,424,21,21,0,0,-21,21
494,425,21,21,0,0,-21,21
160,341,84,99,15,78,-6,21
160,320,138,153,15,132,-6,21
327,270,246,246,0,225,-21,21
327,283,0,21,21,0,0,21
494,116,21,21,0,0,-21,21
494,117,21,21,0,0,-21,21
494,118,0,21,21,0,0,21
494,128,0,21,21,0,0,21
494,129,0,21,21,0,0,21
494,130,21,21,0,0,-21,21
494,250,21,21,0,0,-21,21
574,317,21,21,0,0,-21,21
574,318,0,21,21,0,0,21
574,319,0,21,21,0,0,21
574,325,0,21,21,0,0,21
574,326,0,21,21,0,0,21
574,327,21,21,0,0,-21,21
574,350,21,21,0,0,-21,21
574,351,21,21,0,0,-21,21
574,352,0,21,21,0,0,21
574,353,0,21,21,0,0,21
574,459,0,21,21,0,0,21
574,460,21,21,0,0,-21,21
574,509,21,21,0,0,-21,21
282,256,174,180,6,159,-15,21
574,510,0,21,21,0,0,21
375,331,200,215,15,194,-6,21
327,287,21,21,0,0,-21,21
327,288,21,21,0,0,-21,21
495,368,0,21,21,0,0,21
495,369,0,21,21,0,0,21
495,370,21,21,0,0,-21,21
495,423,21,21,0,0,-21,21
495,424,21,21,0,0,-21,21
495,425,0,21,21,0,0,21
495,426,0,21,21,0,0,21
495,427,0,21,21,0,0,21
495,461,0,21,21,0,0,21
495,462,21,21,0,0,-21,21
495,526,0,21,21,0,0,21
262,306,78,95,17,74,-4,21
262,320,78,85,7,64,-14,21
495,527,0,21,21,0,0,21
495,530,0,21,21,0,0,21
495,531,21,21,0,0,-21,21
496,116,21,21,0,0,-21,21
493,461,0,21,21,0,0,21
493,462,21,21,0,0,-21,21
493,526,0,21,21,0,0,21
493,530,0,21,21,0,0,21
493,531,21,21,0,0,-21,21
39,297,72,85,13,64,-8,21
327,284,0,21,21,0,0,21
327,285,21,21,0,0,-21,21
327,286,21,21,0,0,-21,21
493,368,0,21,21,0,0,21
493,369,0,21,21,0,0,21
493,370,0,21,21,0,0,21
493,426,21,21,0,0,-21,21
493,427,21,21,0,0,-21,21
493,428,0,21,21,0,0,21
328,286,0,21,21,0,0,21
328,287,0,21,21,0,0,21
493,429,0,21,21,0,0,21
263,282,106,111,5,90,-16,21
496,117,0,21,21,0,0,21
496,129,0,21,21,0,0,21
496,130,21,21,0,0,-21,21
496,251,0,21,21,0,0,21
262,296,103,114,11,93,-10,21
493,320,0,21,21,0,0,21
375,415,0,21,21,0,0,21
66,293,0,21,21,0,0,21
66,309,21,21,0,0,-21,21
574,113,21,21,0,0,-21,21
574,114,0,21,21,0,0,21
574,145,21,21,0,0,-21,21
574,214,21,21,0,0,-21,21
574,215,21,21,0,0,-21,21
574,216,0,21,21,0,0,21
496,368,0,21,21,0,0,21
496,369,0,21,21,0,0,21
496,370,21,21,0,0,-21,21
496,422,21,21,0,0,-21,21
262,288,110,119,9,98,-12,21
262,289,109,119,10,98,-11,21
262,290,107,119,12,98,-9,21
574,217,0,21,21,0,0,21
574,220,0,21,21,0,0,21
574,221,21,21,0,0,-21,21
574,222,21,21,0,0,-21,21
574,223,21,21,0,0,-21,21
574,224,21,21,0,0,-21,21
574,276,21,21,0,0,-21,21
574,277,0,21,21,0,0,21
229,310,98,110,12,89,-9,21
376,332,196,212,16,191,-5,21
574,110,0,21,21,0,0,21
574,111,0,21,21,0,0,21
574,112,0,21,21,0,0,21
493,117,21,21,0,0,-21,21
493,118,0,21,21,0,0,21
493,128,0,21,21,0,0,21
262,281,111,117,6,96,-15,21
262,238,251,254,3,233,-18,21
493,129,21,21,0,0,-21,21
493,130,21,21,0,0,-21,21
493,250,17,21,4,0,-17,21
493,251,0,21,21,0,0,21
262,297,102,114,12,93,-9,21
141,318,53,64,11,43,-10,21
141,319,56,64,8,43,-13,21
141,320,59,64,5,43,-16,21
573,524,0,21,21,0,0,21
574,62,21,21,0,0,-21,21
574,63,0,21,21,0,0,21
283,250,241,249,8,228,-13,21
283,256,173,180,7,159,-14,21
376,414,0,21,21,0,0,21
376,415,0,21,21,0,0,21
377,240,203,211,8,190,-13,21
373,415,0,21,21,0,0,21
573,326,0,21,21,0,0,21
573,327,21,21,0,0,-21,21
492,461,0,21,21,0,0,21
492,462,21,21,0,0,-21,21
492,525,21,21,0,0,-21,21
261,321,85,85,0,64,-21,21
492,526,0,21,21,0,0,21
262,267,147,159,12,138,-9,21
161,281,181,184,3,163,-18,21
39,330,21,21,0,0,-21,21
39,331,21,21,0,0,-21,21
39,332,21,21,0,0,-21,21
492,530,0,21,21,0,0,21
492,531,21,21,0,0,-21,21
496,423,21,21,0,0,-21,21
496,424,0,21,21,0,0,21
496,425,0,21,21,0,0,21
496,461,0,21,21,0,0,21
496,462,21,21,0,0,-21,21
496,526,21,21,0,0,-21,21
496,527,0,21,21,0,0,21
496,530,0,21,21,0,0,21
496,531,21,21,0,0,-21,21
497,116,21,21,0,0,-21,21
497,117,0,21,21,0,0,21
497,129,0,21,21,0,0,21
497,130,21,21,0,0,-21,21
492,118,0,21,21,0,0,21
492,128,0,21,21,0,0,21
492,129,21,21,0,0,-21,21
492,250,16,21,5,0,-16,21
40,227,244,252,8,231,-13,21
492,320,0,21,21,0,0,21
492,367,21,21,0,0,-21,21
492,368,21,21,0,0,-21,21
492,369,0,21,21,0,0,21
492,370,0,21,21,0,0,21
492,427,21,21,0,0,-21,21
492,428,21,21,0,0,-21,21
492,429,0,21,21,0,0,21
492,430,0,21,21,0,0,21
497,251,21,21,0,0,-21,21
497,252,0,21,21,0,0,21
497,366,0,21,21,0,0,21
497,367,0,21,21,0,0,21
497,368,0,21,21,0,0,21
497,369,21,21,0,0,-21,21
40,239,207,210,3,189,-18,21
491,525,0,21,21,0,0,21
491,526,0,21,21,0,0,21
491,530,0,21,21,0,0,21
491,531,21,21,0,0,-21,21
492,117,21,21,0,0,-21,21
573,328,21,21,0,0,-21,21
573,351,21,21,0,0,-21,21
573,352,21,21,0,0,-21,21
573,353,0,21,21,0,0,21
573,354,0,21,21,0,0,21
573,459,0,21,21,0,0,21
573,460,21,21,0,0,-21,21
573,509,21,21,0,0,-21,21
573,510,0,21,21,0,0,21
573,517,0,21,21,0,0,21
141,317,53,64,11,43,-10,21
373,416,0,21,21,0,0,21
497,370,21,21,0,0,-21,21
497,422,21,21,0,0,-21,21
160,261,137,150,13,129,-8,21
160,262,145,150,5,129,-16,21
497,423,0,21,21,0,0,21
261,301,111,119,8,98,-13,21
497,424,0,21,21,0,0,21
497,460,0,21,21,0,0,21
497,461,0,21,21,0,0,21
497,462,21,21,0,0,-21,21
497,527,0,21,21,0,0,21
497,530,0,21,21,0,0,21
497,531,21,21,0,0,-21,21
38,297,70,85,15,64,-6,21
491,430,0,21,21,0,0,21
491,431,0,21,21,0,0,21
491,461,0,21,21,0,0,21
491,462,21,21,0,0,-21,21
377,414,0,21,21,0,0,21
573,215,0,21,21,0,0,21
573,216,21,21,0,0,-21,21
573,217,0,21,21,0,0,21
573,218,0,21,21,0,0,21
573,220,0,21,21,0,0,21
573,221,0,21,21,0,0,21
573,222,21,21,0,0,-21,21
573,275,21,21,0,0,-21,21
573,276,21,21,0,0,-21,21
573,277,0,21,21,0,0,21
573,281,0,21,21,0,0,21
573,317,21,21,0,0,-21,21
573,318,21,21,0,0,-21,21
497,532,21,21,0,0,-21,21
498,116,21,21,0,0,-21,21
498,117,0,21,21,0,0,21
160,219,177,179,2,158,-19,21
161,334,105,114,9,93,-12,21
491,320,0,21,21,0,0,21
491,370,0,21,21,0,0,21
491,428,21,21,0,0,-21,21
491,429,21,21,0,0,-21,21
491,129,21,21,0,0,-21,21
491,249,21,21,0,0,-21,21
491,250,15,21,6,0,-15,21
264,285,95,103,8,82,-13,21
326,287,0,21,21,0,0,21
326,288,0,21,21,0,0,21
38,308,59,64,5,43,-16,21
573,319,0,21,21,0,0,21
573,320,0,21,21,0,0,21
377,415,0,21,21,0,0,21
378,333,199,213,14,192,-7,21
378,414,0,21,21,0,0,21
378,415,21,21,0,0,-21,21
284,222,96,101,5,80,-16,21
284,224,68,87,19,66,-2,21
573,62,21,21,0,0,-21,21
573,63,0,21,21,0,0,21
40,266,74,95,21,74,0,21
329,404,0,21,21,0,0,21
329,405,0,21,21,0,0,21
264,278,87,105,18,84,-3,21
498,129,0,21,21,0,0,21
498,130,21,21,0,0,-21,21
498,251,21,21,0,0,-21,21
498,252,0,21,21,0,0,21
498,366,0,21,21,0,0,21
491,61,36,36,0,15,-21,21
491,117,21,21,0,0,-21,21
491,118,0,21,21,0,0,21
491,128,0,21,21,0,0,21
498,369,21,21,0,0,-21,21
498,421,21,21,0,0,-21,21
498,422,21,21,0,0,-21,21
498,423,0,21,21,0,0,21
498,460,0,21,21,0,0,21
498,461,21,21,0,0,-21,21
498,462,21,21,0,0,-21,21
490,429,21,21,0,0,-21,21
490,430,21,21,0,0,-21,21
490,431,0,21,21,0,0,21
490,461,0,21,21,0,0,21
490,462,21,21,0,0,-21,21
490,525,0,21,21,0,0,21
490,530,0,21,21,0,0,21
490,531,21,21,0,0,-21,21
498,499,21,21,0,0,-21,21
498,500,21,21,0,0,-21,21
498,501,21,21,0,0,-21,21
498,502,21,21,0,0,-21,21
498,503,21,21,0,0,-21,21
498,504,21,21,0,0,-21,21
498,505,21,21,0,0,-21,21
264,355,80,95,15,74,-6,21
498,506,21,21,0,0,-21,21
330,108,254,254,0,233,-21,21
490,372,21,21,0,0,-21,21
498,367,0,21,21,0,0,21
498,368,0,21,21,0,0,21
573,64,0,21,21,0,0,21
573,112,0,21,21,0,0,21
573,113,0,21,21,0,0,21
573,114,0,21,21,0,0,21
573,214,21,21,0,0,-21,21
65,334,0,21,21,0,0,21
65,339,0,21,21,0,0,21
65,340,21,21,0,0,-21,21
65,341,0,21,21,0,0,21
65,342,0,21,21,0,0,21
379,338,215,224,9,203,-12,21
379,413,0,21,21,0,0,21
490,129,21,21,0,0,-21,21
490,249,18,21,3,0,-18,21
490,250,0,21,21,0,0,21
162,272,125,144,19,123,-2,21
490,274,186,207,21,186,0,21
162,225,119,128,9,107,-12,21
40,285,80,85,5,64,-16,21
490,370,0,21,21,0,0,21
490,371,0,21,21,0,0,21
498,497,21,21,0,0,-21,21
498,498,21,21,0,0,-21,21
490,117,21,21,0,0,-21,21
498,507,21,21,0,0,-21,21
498,508,21,21,0,0,-21,21
498,509,21,21,0,0,-21,21
498,510,21,21,0,0,-21,21
498,511,21,21,0,0,-21,21
498,512,21,21,0,0,-21,21
498,513,21,21,0,0,-21,21
159,349,114,122,8,101,-13,21
498,514,21,21,0,0,-21,21
498,515,21,21,0,0,-21,21
490,118,0,21,21,0,0,21
490,128,0,21,21,0,0,21
489,426,21,21,0,0,-21,21
489,427,21,21,0,0,-21,21
489,428,21,21,0,0,-21,21
489,429,21,21,0,0,-21,21
489,430,21,21,0,0,-21,21
489,431,0,21,21,0,0,21
489,437,0,21,21,0,0,21
489,438,0,21,21,0,0,21
489,439,0,21,21,0,0,21
489,461,0,21,21,0,0,21
489,462,21,21,0,0,-21,21
489,525,0,21,21,0,0,21
489,530,0,21,21,0,0,21
489,531,21,21,0,0,-21,21
490,61,30,36,6,15,-15,21
498,519,21,21,0,0,-21,21
498,527,0,21,21,0,0,21
498,530,0,21,21,0,0,21
498,531,21,21,0,0,-21,21
498,532,21,21,0,0,-21,21
265,273,132,141,9,120,-12,21
82,282,188,195,7,174,-14,21
499,116,21,21,0,0,-21,21
499,117,0,21,21,0,0,21
260,309,92,103,11,82,-10,21
260,310,89,99,10,78,-11,21
80,340,50,64,14,43,-7,21
379,414,0,21,21,0,0,21
103,365,56,64,8,43,-13,21
572,460,21,21,0,0,-21,21
572,509,21,21,0,0,-21,21
572,510,0,21,21,0,0,21
572,517,0,21,21,0,0,21
572,523,0,21,21,0,0,21
572,535,0,21,21,0,0,21
65,309,21,21,0,0,-21,21
65,310,0,21,21,0,0,21
65,311,0,21,21,0,0,21
120,386,254,255,1,234,-20,21
227,242,131,135,4,114,-17,21
65,317,0,21,21,0,0,21
65,318,21,21,0,0,-21,21
40,332,21,21,0,0,-21,21
40,333,21,21,0,0,-21,21
489,250,0,21,21,0,0,21
489,274,187,207,20,186,-1,21
330,277,0,21,21,0,0,21
489,371,0,21,21,0,0,21
489,372,21,21,0,0,-21,21
489,373,21,21,0,0,-21,21
162,280,179,184,5,163,-16,21
498,516,21,21,0,0,-21,21
498,517,21,21,0,0,-21,21
498,518,21,21,0,0,-21,21
489,118,0,21,21,0,0,21
489,128,0,21,21,0,0,21
499,129,0,21,21,0,0,21
499,130,21,21,0,0,-21,21
159,337,105,110,5,89,-16,21
499,252,0,21,21,0,0,21
489,129,21,21,0,0,-21,21
489,249,21,21,0,0,-21,21
40,328,0,21,21,0,0,21
40,329,0,21,21,0,0,21
40,330,0,21,21,0,0,21
40,331,0,21,21,0,0,21
488,432,0,21,21,0,0,21
488,433,0,21,21,0,0,21
488,434,0,21,21,0,0,21
488,435,0,21,21,0,0,21
488,437,0,21,21,0,0,21
488,438,21,21,0,0,-21,21
488,439,0,21,21,0,0,21
488,461,0,21,21,0,0,21
488,462,21,21,0,0,-21,21
488,524,21,21,0,0,-21,21
488,525,0,21,21,0,0,21
488,526,0,21,21,0,0,21
488,530,0,21,21,0,0,21
488,531,21,21,0,0,-21,21
489,62,29,30,1,9,-20,21
489,117,21,21,0,0,-21,21
38,230,251,253,2,232,-19,21
159,278,129,148,19,127,-2,21
82,305,128,137,9,116,-12,21
82,307,129,138,9,117,-12,21
488,417,21,21,0,0,-21,21
488,418,21,21,0,0,-21,21
488,426,21,21,0,0,-21,21
488,427,0,21,21,0,0,21
488,428,0,21,21,0,0,21
488,429,0,21,21,0,0,21
488,430,0,21,21,0,0,21
488,431,0,21,21,0,0,21
82,308,130,140,10,119,-11,21
82,311,136,144,8,123,-13,21
265,282,76,93,17,72,-4,21
488,371,0,21,21,0,0,21
488,372,0,21,21,0,0,21
488,373,21,21,0,0,-21,21
488,409,21,21,0,0,-21,21
488,410,21,21,0,0,-21,21
488,411,21,21,0,0,-21,21
488,412,21,21,0,0,-21,21
488,413,21,21,0,0,-21,21
65,292,0,21,21,0,0,21
572,275,21,21,0,0,-21,21
572,276,0,21,21,0,0,21
572,277,0,21,21,0,0,21
572,281,0,21,21,0,0,21
572,318,21,21,0,0,-21,21
572,319,21,21,0,0,-21,21
572,320,0,21,21,0,0,21
572,326,0,21,21,0,0,21
572,327,0,21,21,0,0,21
572,328,21,21,0,0,-21,21
572,329,21,21,0,0,-21,21
572,352,21,21,0,0,-21,21
572,353,21,21,0,0,-21,21
572,354,0,21,21,0,0,21
499,499,0,21,21,0,0,21
82,317,134,144,10,123,-11,21
82,318,134,144,10,123,-11,21
265,289,90,93,3,72,-18,21
499,366,0,21,21,0,0,21
499,367,0,21,21,0,0,21
499,368,21,21,0,0,-21,21
499,369,21,21,0,0,-21,21
499,507,0,21,21,0,0,21
266,275,131,136,5,115,-16,21
325,180,82,87,5,66,-16,21
499,508,0,21,21,0,0,21
499,509,0,21,21,0,0,21
499,510,0,21,21,0,0,21
499,511,0,21,21,0,0,21
499,512,0,21,21,0,0,21
260,263,162,167,5,146,-16,21
499,421,21,21,0,0,-21,21
499,422,0,21,21,0,0,21
499,423,0,21,21,0,0,21
499,460,0,21,21,0,0,21
499,461,21,21,0,0,-21,21
499,497,21,21,0,0,-21,21
499,498,0,21,21,0,0,21
41,243,175,180,5,159,-16,21
41,250,117,138,21,117,0,21
41,251,118,138,20,117,-1,21
162,323,143,149,6,128,-15,21
162,328,114,133,19,112,-2,21
499,500,0,21,21,0,0,21
499,501,0,21,21,0,0,21
499,502,0,21,21,0,0,21
499,503,0,21,21,0,0,21
499,504,0,21,21,0,0,21
499,505,0,21,21,0,0,21
499,506,0,21,21,0,0,21
572,355,0,21,21,0,0,21
572,459,0,21,21,0,0,21
380,332,217,225,8,204,-13,21
380,337,203,215,12,194,-9,21
380,413,0,21,21,0,0,21
380,414,0,21,21,0,0,21
226,302,131,144,13,123,-8,21
226,241,129,141,12,120,-9,21
232,292,92,110,18,89,-3,21
572,62,21,21,0,0,-21,21
572,63,21,21,0,0,-21,21
499,532,21,21,0,0,-21,21
487,461,0,21,21,0,0,21
487,462,21,21,0,0,-21,21
487,524,21,21,0,0,-21,21
487,525,21,21,0,0,-21,21
487,526,0,21,21,0,0,21
487,529,0,21,21,0,0,21
162,380,74,82,8,61,-13,21
487,530,0,21,21,0,0,21
488,117,21,21,0,0,-21,21
488,118,0,21,21,0,0,21
488,127,0,21,21,0,0,21
488,128,0,21,21,0,0,21
488,129,21,21,0,0,-21,21
487,441,0,21,21,0,0,21
487,442,0,21,21,0,0,21
499,513,0,21,21,0,0,21
499,514,0,21,21,0,0,21
499,515,0,21,21,0,0,21
499,516,0,21,21,0,0,21
499,517,21,21,0,0,-21,21
499,518,0,21,21,0,0,21
499,519,21,21,0,0,-21,21
499,520,21,21,0,0,-21,21
499,527,0,21,21,0,0,21
499,530,0,21,21,0,0,21
499,531,0,21,21,0,0,21
266,270,155,162,7,141,-14,21
500,117,0,21,21,0,0,21
500,129,0,21,21,0,0,21
500,130,0,21,21,0,0,21
159,260,133,143,10,122,-11,21
82,342,64,74,10,53,-11,21
487,433,21,21,0,0,-21,21
487,434,21,21,0,0,-21,21
487,435,0,21,21,0,0,21
487,436,0,21,21,0,0,21
487,437,0,21,21,0,0,21
487,438,0,21,21,0,0,21
487,439,0,21,21,0,0,21
487,440,0,21,21,0,0,21
487,419,21,21,0,0,-21,21
487,420,21,21,0,0,-21,21
487,421,21,21,0,0,-21,21
331,352,178,184,6,163,-15,21
331,277,21,21,0,0,-21,21
487,422,21,21,0,0,-21,21
487,426,21,21,0,0,-21,21
487,427,21,21,0,0,-21,21
487,428,21,21,0,0,-21,21
487,429,21,21,0,0,-21,21
487,430,21,21,0,0,-21,21
487,431,21,21,0,0,-21,21
487,432,21,21,0,0,-21,21
500,116,21,21,0,0,-21,21
500,252,0,21,21,0,0,21
37,312,59,64,5,43,-16,21
37,313,59,64,5,43,-16,21
487,374,21,21,0,0,-21,21
487,409,21,21,0,0,-21,21
487,410,0,21,21,0,0,21
487,411,0,21,21,0,0,21
487,412,0,21,21,0,0,21
487,413,0,21,21,0,0,21
487,417,0,21,21,0,0,21
487,418,21,21,0,0,-21,21
572,64,0,21,21,0,0,21
572,65,0,21,21,0,0,21
572,142,21,21,0,0,-21,21
572,143,21,21,0,0,-21,21
572,214,21,21,0,0,-21,21
572,215,0,21,21,0,0,21
572,216,21,21,0,0,-21,21
572,217,21,21,0,0,-21,21
572,218,0,21,21,0,0,21
572,219,0,21,21,0,0,21
572,220,0,21,21,0,0,21
572,221,0,21,21,0,0,21
572,222,21,21,0,0,-21,21
372,415,0,21,21,0,0,21
372,416,0,21,21,0,0,21
500,366,0,21,21,0,0,21
500,367,0,21,21,0,0,21
500,368,21,21,0,0,-21,21
500,421,21,21,0,0,-21,21
500,422,0,21,21,0,0,21
500,460,0,21,21,0,0,21
500,461,21,21,0,0,-21,21
487,372,0,21,21,0,0,21
487,373,21,21,0,0,-21,21
500,497,21,21,0,0,-21,21
500,498,0,21,21,0,0,21
500,516,0,21,21,0,0,21
500,517,21,21,0,0,-21,21
500,518,0,21,21,0,0,21
500,519,0,21,21,0,0,21
500,520,21,21,0,0,-21,21
163,225,126,133,7,112,-14,21
500,364,21,21,0,0,-21,21
500,365,0,21,21,0,0,21
381,413,0,21,21,0,0,21
381,414,21,21,0,0,-21,21
281,254,172,174,2,153,-19,21
571,523,6,21,15,0,-6,21
571,535,0,21,21,0,0,21
67,306,21,21,0,0,-21,21
67,307,0,21,21,0,0,21
67,308,0,21,21,0,0,21
67,309,21,21,0,0,-21,21
37,308,50,64,14,43,-7,21
266,284,68,89,21,68,0,21
266,285,68,89,21,68,0,21
500,527,0,21,21,0,0,21
500,531,0,21,21,0,0,21
500,532,21,21,0,0,-21,21
501,115,21,21,0,0,-21,21
501,116,21,21,0,0,-21,21
501,117,0,21,21,0,0,21
501,130,0,21,21,0,0,21
501,252,21,21,0,0,-21,21
501,253,0,21,21,0,0,21
163,301,170,177,7,156,-14,21
486,461,0,21,21,0,0,21
486,462,21,21,0,0,-21,21
486,525,21,21,0,0,-21,21
486,526,0,21,21,0,0,21
487,117,21,21,0,0,-21,21
487,118,0,21,21,0,0,21
487,119,0,21,21,0,0,21
487,127,0,21,21,0,0,21
487,128,21,21,0,0,-21,21
487,129,21,21,0,0,-21,21
259,262,161,167,6,146,-15,21
37,301,72,85,13,64,-8,21
571,354,21,21,0,0,-21,21
571,355,0,21,21,0,0,21
571,356,0,21,21,0,0,21
571,357,0,21,21,0,0,21
571,459,0,21,21,0,0,21
571,460,21,21,0,0,-21,21
571,509,21,21,0,0,-21,21
571,510,0,21,21,0,0,21
571,517,0,21,21,0,0,21
225,303,138,148,10,127,-11,21
486,438,21,21,0,0,-21,21
486,439,21,21,0,0,-21,21
486,440,21,21,0,0,-21,21
266,314,53,74,21,53,0,21
501,364,0,21,21,0,0,21
501,365,0,21,21,0,0,21
501,366,0,21,21,0,0,21
258,318,78,89,11,68,-10,21
486,441,21,21,0,0,-21,21
486,442,0,21,21,0,0,21
486,422,21,21,0,0,-21,21
486,423,21,21,0,0,-21,21
486,424,21,21,0,0,-21,21
486,425,21,21,0,0,-21,21
486,426,21,21,0,0,-21,21
486,427,21,21,0,0,-21,21
486,428,21,21,0,0,-21,21
486,429,21,21,0,0,-21,21
486,430,21,21,0,0,-21,21
486,431,21,21,0,0,-21,21
486,432,21,21,0,0,-21,21
486,433,21,21,0,0,-21,21
486,434,21,21,0,0,-21,21
486,435,21,21,0,0,-21,21
486,436,21,21,0,0,-21,21
486,437,21,21,0,0,-21,21
486,416,0,21,21,0,0,21
486,417,0,21,21,0,0,21
501,367,21,21,0,0,-21,21
266,356,101,103,2,82,-19,21
501,368,21,21,0,0,-21,21
501,421,21,21,0,0,-21,21
501,422,0,21,21,0,0,21
486,418,0,21,21,0,0,21
486,419,21,21,0,0,-21,21
486,420,21,21,0,0,-21,21
486,421,0,21,21,0,0,21
64,381,253,253,0,232,-21,21
382,335,201,215,14,194,-7,21
571,220,21,21,0,0,-21,21
571,221,21,21,0,0,-21,21
571,222,21,21,0,0,-21,21
571,275,21,21,0,0,-21,21
571,276,0,21,21,0,0,21
571,280,0,21,21,0,0,21
571,319,21,21,0,0,-21,21
571,320,0,21,21,0,0,21
571,321,0,21,21,0,0,21
571,327,0,21,21,0,0,21
571,328,0,21,21,0,0,21
571,329,21,21,0,0,-21,21
41,297,76,89,13,68,-8,21
258,306,119,128,9,107,-12,21
486,372,0,21,21,0,0,21
486,373,0,21,21,0,0,21
486,374,21,21,0,0,-21,21
486,375,21,21,0,0,-21,21
486,409,21,21,0,0,-21,21
486,410,21,21,0,0,-21,21
486,411,0,21,21,0,0,21
486,412,0,21,21,0,0,21
486,413,0,21,21,0,0,21
486,414,0,21,21,0,0,21
486,415,0,21,21,0,0,21
163,323,147,156,9,135,-12,21
486,128,21,21,0,0,-21,21
501,460,0,21,21,0,0,21
501,461,21,21,0,0,-21,21
501,497,21,21,0,0,-21,21
501,498,0,21,21,0,0,21
501,516,0,21,21,0,0,21
501,517,21,21,0,0,-21,21
501,518,0,21,21,0,0,21
501,519,0,21,21,0,0,21
501,520,21,21,0,0,-21,21
501,527,0,21,21,0,0,21
501,531,0,21,21,0,0,21
501,532,21,21,0,0,-21,21
502,115,21,21,0,0,-21,21
502,116,0,21,21,0,0,21
502,117,0,21,21,0,0,21
502,130,0,21,21,0,0,21
502,252,21,21,0,0,-21,21
502,253,0,21,21,0,0,21
332,351,183,192,9,171,-12,21
486,117,21,21,0,0,-21,21
486,118,21,21,0,0,-21,21
486,119,0,21,21,0,0,21
486,127,0,21,21,0,0,21
485,436,21,21,0,0,-21,21
485,437,21,21,0,0,-21,21
485,438,21,21,0,0,-21,21
485,439,21,21,0,0,-21,21
485,440,21,21,0,0,-21,21
485,441,0,21,21,0,0,21
485,442,0,21,21,0,0,21
485,461,0,21,21,0,0,21
332,352,174,184,10,163,-11,21
332,399,0,21,21,0,0,21
485,462,21,21,0,0,-21,21
485,525,21,21,0,0,-21,21
485,526,0,21,21,0,0,21
571,330,21,21,0,0,-21,21
571,353,21,21,0,0,-21,21
382,339,209,217,8,196,-13,21
382,412,0,21,21,0,0,21
382,413,0,21,21,0,0,21
67,335,21,21,0,0,-21,21
67,336,0,21,21,0,0,21
67,337,0,21,21,0,0,21
67,338,0,21,21,0,0,21
67,341,0,21,21,0,0,21
67,342,0,21,21,0,0,21
372,231,76,80,4,59,-17,21
570,535,0,21,21,0,0,21
570,536,21,21,0,0,-21,21
485,427,0,21,21,0,0,21
158,375,85,89,4,68,-17,21
485,428,0,21,21,0,0,21
485,429,0,21,21,0,0,21
485,430,0,21,21,0,0,21
485,431,0,21,21,0,0,21
485,432,0,21,21,0,0,21
485,433,21,21,0,0,-21,21
485,434,21,21,0,0,-21,21
485,435,21,21,0,0,-21,21
485,411,21,21,0,0,-21,21
485,412,21,21,0,0,-21,21
485,413,21,21,0,0,-21,21
485,414,21,21,0,0,-21,21
485,415,21,21,0,0,-21,21
485,416,21,21,0,0,-21,21
485,417,21,21,0,0,-21,21
485,418,21,21,0,0,-21,21
485,419,21,21,0,0,-21,21
485,420,0,21,21,0,0,21
485,421,0,21,21,0,0,21
485,422,0,21,21,0,0,21
485,423,0,21,21,0,0,21
485,424,0,21,21,0,0,21
485,425,0,21,21,0,0,21
485,426,0,21,21,0,0,21
267,271,152,162,10,141,-11,21
83,285,191,196,5,175,-16,21
502,364,0,21,21,0,0,21
502,365,0,21,21,0,0,21
502,366,0,21,21,0,0,21
502,367,21,21,0,0,-21,21
502,420,21,21,0,0,-21,21
502,421,21,21,0,0,-21,21
41,332,0,21,21,0,0,21
41,333,21,21,0,0,-21,21
41,334,21,21,0,0,-21,21
485,373,0,21,21,0,0,21
485,374,0,21,21,0,0,21
485,375,21,21,0,0,-21,21
485,410,21,21,0,0,-21,21
484,526,0,21,21,0,0,21
484,528,0,21,21,0,0,21
485,118,21,21,0,0,-21,21
485,119,0,21,21,0,0,21
485,126,0,21,21,0,0,21
485,127,0,21,21,0,0,21
485,128,21,21,0,0,-21,21
79,336,53,64,11,43,-10,21
41,329,0,21,21,0,0,21
41,330,0,21,21,0,0,21
41,331,0,21,21,0,0,21
158,344,80,93,13,72,-8,21
484,431,0,21,21,0,0,21
484,432,0,21,21,0,0,21
484,433,0,21,21,0,0,21
484,434,0,21,21,0,0,21
484,435,0,21,21,0,0,21
484,436,0,21,21,0,0,21
484,437,0,21,21,0,0,21
484,438,0,21,21,0,0,21
484,439,0,21,21,0,0,21
484,440,0,21,21,0,0,21
484,441,0,21,21,0,0,21
484,461,0,21,21,0,0,21
484,462,21,21,0,0,-21,21
484,525,21,21,0,0,-21,21
484,429,0,21,21,0,0,21
484,430,0,21,21,0,0,21
333,273,56,64,8,43,-13,21
502,422,0,21,21,0,0,21
502,460,0,21,21,0,0,21
502,461,21,21,0,0,-21,21
502,497,21,21,0,0,-21,21
502,498,0,21,21,0,0,21
502,516,0,21,21,0,0,21
502,517,0,21,21,0,0,21
502,518,0,21,21,0,0,21
502,519,0,21,21,0,0,21
502,520,21,21,0,0,-21,21
502,521,21,21,0,0,-21,21
571,63,21,21,0,0,-21,21
571,64,21,21,0,0,-21,21
571,65,0,21,21,0,0,21
571,214,21,21,0,0,-21,21
571,215,21,21,0,0,-21,21
571,216,21,21,0,0,-21,21
571,217,21,21,0,0,-21,21
571,218,21,21,0,0,-21,21
571,219,21,21,0,0,-21,21
102,365,53,64,11,43,-10,21
570,329,0,21,21,0,0,21
570,330,21,21,0,0,-21,21
570,354,21,21,0,0,-21,21
570,355,21,21,0,0,-21,21
503,130,0,21,21,0,0,21
503,253,0,21,21,0,0,21
484,375,21,21,0,0,-21,21
484,419,21,21,0,0,-21,21
484,420,21,21,0,0,-21,21
484,421,21,21,0,0,-21,21
484,422,21,21,0,0,-21,21
484,423,21,21,0,0,-21,21
484,424,21,21,0,0,-21,21
484,425,21,21,0,0,-21,21
484,426,21,21,0,0,-21,21
484,427,0,21,21,0,0,21
484,428,0,21,21,0,0,21
42,253,111,126,15,105,-6,21
36,308,53,64,11,43,-10,21
158,326,140,153,13,132,-8,21
333,353,163,180,17,159,-4,21
484,374,0,21,21,0,0,21
502,527,0,21,21,0,0,21
502,531,0,21,21,0,0,21
502,532,21,21,0,0,-21,21
503,115,21,21,0,0,-21,21
503,116,0,21,21,0,0,21
484,128,21,21,0,0,-21,21
503,364,0,21,21,0,0,21
503,365,0,21,21,0,0,21
503,366,21,21,0,0,-21,21
503,367,21,21,0,0,-21,21
503,420,21,21,0,0,-21,21
503,421,0,21,21,0,0,21
503,422,0,21,21,0,0,21
503,460,0,21,21,0,0,21
503,461,21,21,0,0,-21,21
257,318,87,95,8,74,-13,21
570,356,21,21,0,0,-21,21
570,357,0,21,21,0,0,21
570,459,0,21,21,0,0,21
570,460,21,21,0,0,-21,21
570,508,21,21,0,0,-21,21
570,509,21,21,0,0,-21,21
570,510,0,21,21,0,0,21
570,516,0,21,21,0,0,21
570,517,0,21,21,0,0,21
570,522,0,21,21,0,0,21
371,416,0,21,21,0,0,21
119,369,66,74,8,53,-13,21
383,412,0,21,21,0,0,21
383,413,0,21,21,0,0,21
64,316,0,21,21,0,0,21
503,519,0,21,21,0,0,21
503,520,0,21,21,0,0,21
503,521,21,21,0,0,-21,21
503,527,0,21,21,0,0,21
503,531,0,21,21,0,0,21
503,532,21,21,0,0,-21,21
504,115,21,21,0,0,-21,21
504,116,0,21,21,0,0,21
36,283,64,80,16,59,-5,21
36,291,78,87,9,66,-12,21
36,292,72,87,15,66,-6,21
484,118,21,21,0,0,-21,21
484,119,0,21,21,0,0,21
484,126,0,21,21,0,0,21
484,127,21,21,0,0,-21,21
483,526,0,21,21,0,0,21
83,320,141,151,10,130,-11,21
83,321,139,149,10,128,-11,21
504,130,0,21,21,0,0,21
504,253,21,21,0,0,-21,21
504,262,156,163,7,142,-14,21
483,527,0,21,21,0,0,21
483,528,0,21,21,0,0,21
333,398,0,21,21,0,0,21
503,497,21,21,0,0,-21,21
503,498,0,21,21,0,0,21
322,355,161,170,9,149,-12,21
83,323,134,144,10,123,-11,21
483,427,21,21,0,0,-21,21
483,428,21,21,0,0,-21,21
483,429,21,21,0,0,-21,21
483,430,21,21,0,0,-21,21
483,431,21,21,0,0,-21,21
483,432,21,21,0,0,-21,21
483,433,0,21,21,0,0,21
483,461,0,21,21,0,0,21
483,462,21,21,0,0,-21,21
135,275,53,64,11,43,-10,21
483,463,21,21,0,0,-21,21
483,525,21,21,0,0,-21,21
482,528,0,21,21,0,0,21
483,118,21,21,0,0,-21,21
483,119,0,21,21,0,0,21
483,126,0,21,21,0,0,21
483,127,21,21,0,0,-21,21
483,374,0,21,21,0,0,21
483,375,21,21,0,0,-21,21
483,376,21,21,0,0,-21,21
483,425,21,21,0,0,-21,21
483,426,21,21,0,0,-21,21
158,279,135,150,15,129,-6,21
504,363,0,21,21,0,0,21
504,364,0,21,21,0,0,21
504,365,0,21,21,0,0,21
504,366,21,21,0,0,-21,21
504,367,21,21,0,0,-21,21
504,419,21,21,0,0,-21,21
504,420,21,21,0,0,-21,21
504,421,0,21,21,0,0,21
504,460,0,21,21,0,0,21
83,340,76,87,11,66,-10,21
482,527,0,21,21,0,0,21
64,317,21,21,0,0,-21,21
64,318,21,21,0,0,-21,21
64,331,0,21,21,0,0,21
64,332,0,21,21,0,0,21
64,338,0,21,21,0,0,21
64,339,0,21,21,0,0,21
64,340,21,21,0,0,-21,21
224,296,151,165,14,144,-7,21
482,426,0,21,21,0,0,21
482,427,0,21,21,0,0,21
482,428,0,21,21,0,0,21
482,429,0,21,21,0,0,21
482,430,0,21,21,0,0,21
482,431,0,21,21,0,0,21
482,432,0,21,21,0,0,21
482,433,0,21,21,0,0,21
482,461,0,21,21,0,0,21
482,462,0,21,21,0,0,21
482,463,21,21,0,0,-21,21
482,525,21,21,0,0,-21,21
482,526,21,21,0,0,-21,21
83,342,72,82,10,61,-11,21
504,461,21,21,0,0,-21,21
504,497,21,21,0,0,-21,21
504,498,0,21,21,0,0,21
504,520,0,21,21,0,0,21
504,521,21,21,0,0,-21,21
504,528,0,21,21,0,0,21
504,531,0,21,21,0,0,21
504,532,21,21,0,0,-21,21
505,115,21,21,0,0,-21,21
505,116,0,21,21,0,0,21
505,130,0,21,21,0,0,21
570,64,21,21,0,0,-21,21
570,65,0,21,21,0,0,21
570,137,0,21,21,0,0,21
570,275,21,21,0,0,-21,21
570,276,0,21,21,0,0,21
570,280,0,21,21,0,0,21
570,322,0,21,21,0,0,21
570,328,0,21,21,0,0,21
64,309,21,21,0,0,-21,21
64,310,21,21,0,0,-21,21
64,311,21,21,0,0,-21,21
268,291,56,74,18,53,-3,21
505,253,21,21,0,0,-21,21
505,254,0,21,21,0,0,21
158,249,163,171,8,150,-13,21
482,275,205,205,0,184,-21,21
165,317,147,159,12,138,-9,21
482,374,0,21,21,0,0,21
482,375,0,21,21,0,0,21
334,274,64,74,10,53,-11,21
482,376,21,21,0,0,-21,21
482,425,21,21,0,0,-21,21
482,119,0,21,21,0,0,21
482,126,0,21,21,0,0,21
482,127,21,21,0,0,-21,21
257,278,144,151,7,130,-14,21
334,324,229,235,6,214,-15,21
165,329,155,160,5,139,-16,21
165,338,140,150,10,129,-11,21
42,330,21,21,0,0,-21,21
322,213,59,64,5,43,-16,21
505,262,152,160,8,139,-13,21
64,315,0,21,21,0,0,21
142,376,61,64,3,43,-18,21
569,522,7,21,14,0,-7,21
569,535,0,21,21,0,0,21
569,536,21,21,0,0,-21,21
371,239,207,215,8,194,-13,21
384,412,0,21,21,0,0,21
384,413,21,21,0,0,-21,21
569,357,0,21,21,0,0,21
569,358,0,21,21,0,0,21
481,432,0,21,21,0,0,21
481,433,0,21,21,0,0,21
481,434,0,21,21,0,0,21
481,435,0,21,21,0,0,21
481,436,0,21,21,0,0,21
481,437,0,21,21,0,0,21
481,462,0,21,21,0,0,21
481,463,21,21,0,0,-21,21
481,526,21,21,0,0,-21,21
256,321,82,95,13,74,-8,21
481,527,0,21,21,0,0,21
481,528,0,21,21,0,0,21
482,118,21,21,0,0,-21,21
42,334,21,21,0,0,-21,21
42,335,21,21,0,0,-21,21
42,336,21,21,0,0,-21,21
42,337,21,21,0,0,-21,21
481,375,0,21,21,0,0,21
481,376,21,21,0,0,-21,21
481,377,21,21,0,0,-21,21
481,425,21,21,0,0,-21,21
481,426,21,21,0,0,-21,21
481,427,21,21,0,0,-21,21
481,428,21,21,0,0,-21,21
481,429,0,21,21,0,0,21
481,430,0,21,21,0,0,21
481,431,0,21,21,0,0,21
505,363,0,21,21,0,0,21
505,364,0,21,21,0,0,21
505,365,21,21,0,0,-21,21
505,366,0,21,21,0,0,21
505,367,21,21,0,0,-21,21
505,419,21,21,0,0,-21,21
505,420,0,21,21,0,0,21
505,421,0,21,21,0,0,21
505,460,0,21,21,0,0,21
505,461,21,21,0,0,-21,21
505,497,21,21,0,0,-21,21
505,498,0,21,21,0,0,21
505,520,0,21,21,0,0,21
505,521,21,21,0,0,-21,21
569,359,0,21,21,0,0,21
569,459,0,21,21,0,0,21
569,460,21,21,0,0,-21,21
569,508,21,21,0,0,-21,21
569,509,0,21,21,0,0,21
569,510,0,21,21,0,0,21
569,515,0,21,21,0,0,21
569,516,0,21,21,0,0,21
569,517,21,21,0,0,-21,21
233,290,102,117,15,96,-6,21
121,369,72,82,10,61,-11,21
385,279,230,240,10,219,-11,21
480,526,21,21,0,0,-21,21
480,527,0,21,21,0,0,21
480,528,0,21,21,0,0,21
480,529,21,21,0,0,-21,21
166,228,193,195,2,174,-19,21
481,118,21,21,0,0,-21,21
481,119,0,21,21,0,0,21
481,126,0,21,21,0,0,21
481,127,21,21,0,0,-21,21
42,331,0,21,21,0,0,21
42,332,0,21,21,0,0,21
42,333,0,21,21,0,0,21
480,436,21,21,0,0,-21,21
480,437,0,21,21,0,0,21
480,438,0,21,21,0,0,21
505,528,0,21,21,0,0,21
505,531,0,21,21,0,0,21
157,349,101,110,9,89,-12,21
157,369,95,101,6,80,-15,21
157,375,82,89,7,68,-14,21
505,532,21,21,0,0,-21,21
506,114,21,21,0,0,-21,21
506,115,21,21,0,0,-21,21
506,116,0,21,21,0,0,21
480,462,0,21,21,0,0,21
480,463,21,21,0,0,-21,21
480,375,0,21,21,0,0,21
480,376,0,21,21,0,0,21
480,377,21,21,0,0,-21,21
480,428,21,21,0,0,-21,21
480,429,21,21,0,0,-21,21
480,430,21,21,0,0,-21,21
480,431,21,21,0,0,-21,21
480,432,21,21,0,0,-21,21
480,433,21,21,0,0,-21,21
480,434,21,21,0,0,-21,21
480,435,21,21,0,0,-21,21
480,127,21,21,0,0,-21,21
480,256,194,202,8,181,-13,21
506,254,0,21,21,0,0,21
506,362,0,21,21,0,0,21
506,364,0,21,21,0,0,21
43,253,119,126,7,105,-14,21
480,319,0,21,21,0,0,21
105,232,137,145,8,124,-13,21
569,137,0,21,21,0,0,21
569,274,21,21,0,0,-21,21
569,275,21,21,0,0,-21,21
569,276,0,21,21,0,0,21
569,322,0,21,21,0,0,21
569,323,0,21,21,0,0,21
569,329,0,21,21,0,0,21
569,330,21,21,0,0,-21,21
569,356,21,21,0,0,-21,21
370,416,0,21,21,0,0,21
370,326,220,228,8,207,-13,21
506,365,21,21,0,0,-21,21
506,366,21,21,0,0,-21,21
506,367,21,21,0,0,-21,21
506,418,21,21,0,0,-21,21
506,419,21,21,0,0,-21,21
506,420,0,21,21,0,0,21
506,460,0,21,21,0,0,21
506,461,21,21,0,0,-21,21
480,118,21,21,0,0,-21,21
480,119,0,21,21,0,0,21
480,125,0,21,21,0,0,21
79,211,139,147,8,126,-13,21
480,126,0,21,21,0,0,21
506,514,0,21,21,0,0,21
506,515,0,21,21,0,0,21
506,516,0,21,21,0,0,21
506,520,0,21,21,0,0,21
506,521,21,21,0,0,-21,21
506,528,0,21,21,0,0,21
256,277,147,156,9,135,-12,21
166,367,103,116,13,95,-8,21
479,462,0,21,21,0,0,21
479,463,21,21,0,0,-21,21
479,526,21,21,0,0,-21,21
479,527,0,21,21,0,0,21
569,64,21,21,0,0,-21,21
569,65,0,21,21,0,0,21
569,66,14,21,7,0,-14,21
280,357,155,167,12,146,-9,21
223,313,111,127,16,106,-5,21
223,314,106,123,17,102,-4,21
385,323,217,226,9,205,-12,21
385,335,216,225,9,204,-12,21
385,412,0,21,21,0,0,21
479,127,21,21,0,0,-21,21
43,305,80,87,7,66,-14,21
43,306,74,87,13,66,-8,21
479,319,0,21,21,0,0,21
479,376,0,21,21,0,0,21
479,377,21,21,0,0,-21,21
479,436,21,21,0,0,-21,21
479,437,21,21,0,0,-21,21
479,438,0,21,21,0,0,21
506,497,21,21,0,0,-21,21
506,498,0,21,21,0,0,21
478,526,21,21,0,0,-21,21
478,527,21,21,0,0,-21,21
479,118,21,21,0,0,-21,21
269,280,127,133,6,112,-15,21
35,301,85,85,0,64,-21,21
35,302,76,85,9,64,-12,21
506,531,0,21,21,0,0,21
506,532,21,21,0,0,-21,21
507,114,21,21,0,0,-21,21
507,115,0,21,21,0,0,21
479,119,0,21,21,0,0,21
479,120,0,21,21,0,0,21
479,125,0,21,21,0,0,21
479,126,21,21,0,0,-21,21
385,413,21,21,0,0,-21,21
568,508,21,21,0,0,-21,21
568,509,0,21,21,0,0,21
568,515,0,21,21,0,0,21
568,516,21,21,0,0,-21,21
568,517,21,21,0,0,-21,21
568,522,8,21,13,0,-8,21
68,224,53,64,11,43,-10,21
507,132,18,21,3,0,-18,21
507,254,0,21,21,0,0,21
507,255,0,21,21,0,0,21
507,263,156,165,9,144,-12,21
43,330,21,21,0,0,-21,21
43,331,21,21,0,0,-21,21
43,332,21,21,0,0,-21,21
43,333,0,21,21,0,0,21
43,334,0,21,21,0,0,21
43,335,0,21,21,0,0,21
478,438,0,21,21,0,0,21
478,462,0,21,21,0,0,21
478,463,21,21,0,0,-21,21
35,284,72,85,13,64,-8,21
136,220,64,64,0,43,-21,21
136,221,43,64,21,43,0,21
136,222,43,64,21,43,0,21
256,269,105,114,9,93,-12,21
507,116,0,21,21,0,0,21
568,330,21,21,0,0,-21,21
568,331,21,21,0,0,-21,21
568,332,21,21,0,0,-21,21
568,356,21,21,0,0,-21,21
568,357,21,21,0,0,-21,21
568,358,21,21,0,0,-21,21
568,359,0,21,21,0,0,21
568,360,0,21,21,0,0,21
568,459,0,21,21,0,0,21
568,460,21,21,0,0,-21,21
568,506,21,21,0,0,-21,21
568,507,21,21,0,0,-21,21
507,360,21,21,0,0,-21,21
507,361,0,21,21,0,0,21
507,362,0,21,21,0,0,21
507,363,0,21,21,0,0,21
507,364,0,21,21,0,0,21
507,365,21,21,0,0,-21,21
507,417,21,21,0,0,-21,21
135,271,50,64,14,43,-7,21
135,272,50,64,14,43,-7,21
167,217,169,181,12,160,-9,21
478,376,0,21,21,0,0,21
478,377,21,21,0,0,-21,21
478,378,21,21,0,0,-21,21
478,437,21,21,0,0,-21,21
477,462,0,21,21,0,0,21
477,463,21,21,0,0,-21,21
477,526,21,21,0,0,-21,21
477,527,0,21,21,0,0,21
478,118,21,21,0,0,-21,21
478,119,21,21,0,0,-21,21
478,120,0,21,21,0,0,21
478,125,0,21,21,0,0,21
478,126,21,21,0,0,-21,21
43,336,0,21,21,0,0,21
43,337,21,21,0,0,-21,21
43,341,21,21,0,0,-21,21
43,342,21,21,0,0,-21,21
478,319,0,21,21,0,0,21
269,296,46,64,18,43,-3,21
507,420,0,21,21,0,0,21
507,460,0,21,21,0,0,21
507,461,21,21,0,0,-21,21
507,497,21,21,0,0,-21,21
507,498,0,21,21,0,0,21
507,513,0,21,21,0,0,21
507,514,0,21,21,0,0,21
507,515,21,21,0,0,-21,21
507,516,0,21,21,0,0,21
507,517,0,21,21,0,0,21
167,301,173,179,6,158,-15,21
477,378,21,21,0,0,-21,21
477,437,21,21,0,0,-21,21
477,438,0,21,21,0,0,21
477,439,0,21,21,0,0,21
507,532,21,21,0,0,-21,21
167,374,46,64,18,43,-3,21
477,319,0,21,21,0,0,21
477,377,0,21,21,0,0,21
507,418,21,21,0,0,-21,21
507,419,0,21,21,0,0,21
386,336,212,221,9,200,-12,21
386,337,204,215,11,194,-10,21
386,356,228,228,0,207,-21,21
386,411,0,21,21,0,0,21
386,412,0,21,21,0,0,21
370,280,196,217,21,196,0,21
387,234,78,93,15,72,-6,21
14,323,252,252,0,231,-21,21
14,562,61,82,21,61,0,21
568,64,21,21,0,0,-21,21
568,65,21,21,0,0,-21,21
568,66,14,21,7,0,-14,21
568,137,0,21,21,0,0,21
568,274,21,21,0,0,-21,21
568,275,0,21,21,0,0,21
568,276,0,21,21,0,0,21
568,279,0,21,21,0,0,21
568,322,21,21,0,0,-21,21
568,323,0,21,21,0,0,21
568,324,0,21,21,0,0,21
568,329,0,21,21,0,0,21
84,330,120,130,10,109,-11,21
508,114,21,21,0,0,-21,21
508,115,0,21,21,0,0,21
508,132,17,21,4,0,-17,21
508,254,21,21,0,0,-21,21
508,255,0,21,21,0,0,21
508,265,168,176,8,155,-13,21
507,520,0,21,21,0,0,21
507,521,21,21,0,0,-21,21
507,522,21,21,0,0,-21,21
507,528,0,21,21,0,0,21
507,531,0,21,21,0,0,21
508,359,21,21,0,0,-21,21
508,360,21,21,0,0,-21,21
508,361,0,21,21,0,0,21
167,386,252,252,0,231,-21,21
255,320,95,103,8,82,-13,21
84,326,133,144,11,123,-10,21
84,327,130,140,10,119,-11,21
222,323,103,110,7,89,-14,21
222,359,92,106,14,85,-7,21
387,338,202,213,11,192,-10,21
369,416,0,21,21,0,0,21
387,411,0,21,21,0,0,21
387,412,0,21,21,0,0,21
63,314,0,21,21,0,0,21
63,315,0,21,21,0,0,21
63,316,21,21,0,0,-21,21
63,317,21,21,0,0,-21,21
63,329,0,21,21,0,0,21
508,362,0,21,21,0,0,21
508,363,0,21,21,0,0,21
508,364,21,21,0,0,-21,21
508,365,21,21,0,0,-21,21
508,413,21,21,0,0,-21,21
508,414,21,21,0,0,-21,21
508,415,21,21,0,0,-21,21
508,416,21,21,0,0,-21,21
44,277,90,105,15,84,-6,21
477,119,21,21,0,0,-21,21
477,120,0,21,21,0,0,21
477,124,0,21,21,0,0,21
477,125,0,21,21,0,0,21
476,439,0,21,21,0,0,21
476,462,0,21,21,0,0,21
476,463,0,21,21,0,0,21
476,526,21,21,0,0,-21,21
476,527,0,21,21,0,0,21
320,209,82,89,7,68,-14,21
63,330,0,21,21,0,0,21
63,331,0,21,21,0,0,21
63,334,0,21,21,0,0,21
63,335,0,21,21,0,0,21
63,336,0,21,21,0,0,21
63,337,0,21,21,0,0,21
63,338,0,21,21,0,0,21
222,312,127,132,5,111,-16,21
222,313,123,127,4,106,-17,21
222,314,117,123,6,102,-15,21
222,316,110,114,4,93,-17,21
508,460,0,21,21,0,0,21
508,461,21,21,0,0,-21,21
508,496,21,21,0,0,-21,21
508,497,21,21,0,0,-21,21
508,498,0,21,21,0,0,21
508,511,0,21,21,0,0,21
508,512,0,21,21,0,0,21
476,326,211,215,4,194,-17,21
476,377,0,21,21,0,0,21
476,378,21,21,0,0,-21,21
476,379,21,21,0,0,-21,21
476,437,21,21,0,0,-21,21
476,438,21,21,0,0,-21,21
508,513,0,21,21,0,0,21
508,514,21,21,0,0,-21,21
508,515,21,21,0,0,-21,21
508,516,21,21,0,0,-21,21
84,338,90,101,11,80,-10,21
114,380,53,64,11,43,-10,21
476,319,0,21,21,0,0,21
508,417,21,21,0,0,-21,21
508,418,0,21,21,0,0,21
508,419,0,21,21,0,0,21
222,318,103,106,3,85,-18,21
222,319,102,103,1,82,-20,21
567,506,21,21,0,0,-21,21
567,507,0,21,21,0,0,21
567,508,0,21,21,0,0,21
567,509,0,21,21,0,0,21
567,515,0,21,21,0,0,21
567,516,21,21,0,0,-21,21
567,521,0,21,21,0,0,21
234,295,105,116,11,95,-10,21
68,322,21,21,0,0,-21,21
63,307,21,21,0,0,-21,21
63,308,21,21,0,0,-21,21
63,309,21,21,0,0,-21,21
475,438,21,21,0,0,-21,21
475,439,0,21,21,0,0,21
475,440,0,21,21,0,0,21
475,463,0,21,21,0,0,21
475,464,21,21,0,0,-21,21
475,526,21,21,0,0,-21,21
475,527,21,21,0,0,-21,21
476,119,21,21,0,0,-21,21
476,120,0,21,21,0,0,21
476,124,0,21,21,0,0,21
476,125,21,21,0,0,-21,21
169,219,180,186,6,165,-15,21
476,255,197,205,8,184,-13,21
508,520,0,21,21,0,0,21
508,521,0,21,21,0,0,21
508,522,21,21,0,0,-21,21
508,528,0,21,21,0,0,21
508,531,0,21,21,0,0,21
508,532,21,21,0,0,-21,21
509,53,253,253,0,232,-21,21
509,114,21,21,0,0,-21,21
509,115,0,21,21,0,0,21
111,224,59,74,15,53,-6,21
475,326,212,215,3,194,-18,21
475,378,0,21,21,0,0,21
475,379,21,21,0,0,-21,21
509,132,16,21,5,0,-16,21
509,255,0,21,21,0,0,21
136,226,130,136,6,115,-15,21
44,332,0,21,21,0,0,21
44,333,0,21,21,0,0,21
44,302,61,80,19,59,-2,21
475,319,0,21,21,0,0,21
508,517,0,21,21,0,0,21
63,310,21,21,0,0,-21,21
567,360,0,21,21,0,0,21
567,361,0,21,21,0,0,21
101,232,132,139,7,118,-14,21
101,365,53,64,11,43,-10,21
287,360,132,140,8,119,-13,21
567,459,0,21,21,0,0,21
567,460,21,21,0,0,-21,21
63,311,21,21,0,0,-21,21
63,312,0,21,21,0,0,21
234,287,125,137,12,116,-9,21
63,313,0,21,21,0,0,21
388,320,190,205,15,184,-6,21
474,442,0,21,21,0,0,21
474,463,0,21,21,0,0,21
474,464,21,21,0,0,-21,21
475,119,21,21,0,0,-21,21
475,120,0,21,21,0,0,21
475,124,0,21,21,0,0,21
475,125,21,21,0,0,-21,21
254,312,123,132,9,111,-12,21
135,220,59,64,5,43,-16,21
135,221,43,64,21,43,0,21
44,336,21,21,0,0,-21,21
44,337,21,21,0,0,-21,21
44,341,21,21,0,0,-21,21
44,342,0,21,21,0,0,21
44,343,0,21,21,0,0,21
44,344,0,21,21,0,0,21
44,345,0,21,21,0,0,21
254,313,117,127,10,106,-11,21
474,378,0,21,21,0,0,21
474,379,21,21,0,0,-21,21
474,438,21,21,0,0,-21,21
474,439,21,21,0,0,-21,21
474,440,0,21,21,0,0,21
474,441,0,21,21,0,0,21
509,358,21,21,0,0,-21,21
509,359,21,21,0,0,-21,21
509,360,0,21,21,0,0,21
509,361,0,21,21,0,0,21
85,207,249,252,3,231,-18,21
509,362,0,21,21,0,0,21
509,363,21,21,0,0,-21,21
509,364,21,21,0,0,-21,21
474,319,0,21,21,0,0,21
474,326,212,215,3,194,-18,21
44,334,21,21,0,0,-21,21
44,335,21,21,0,0,-21,21
509,416,0,21,21,0,0,21
509,417,0,21,21,0,0,21
509,418,0,21,21,0,0,21
509,460,0,21,21,0,0,21
509,461,21,21,0,0,-21,21
509,496,21,21,0,0,-21,21
509,497,0,21,21,0,0,21
509,498,0,21,21,0,0,21
509,511,0,21,21,0,0,21
509,512,21,21,0,0,-21,21
474,123,0,21,21,0,0,21
474,124,0,21,21,0,0,21
474,125,21,21,0,0,-21,21
222,301,156,159,3,138,-18,21
280,252,165,177,12,156,-9,21
567,209,21,21,0,0,-21,21
567,210,21,21,0,0,-21,21
567,273,21,21,0,0,-21,21
567,274,21,21,0,0,-21,21
567,275,0,21,21,0,0,21
567,329,0,21,21,0,0,21
567,330,0,21,21,0,0,21
567,331,0,21,21,0,0,21
567,332,21,21,0,0,-21,21
567,358,21,21,0,0,-21,21
567,359,21,21,0,0,-21,21
473,379,21,21,0,0,-21,21
473,439,21,21,0,0,-21,21
473,440,21,21,0,0,-21,21
473,441,21,21,0,0,-21,21
473,442,0,21,21,0,0,21
473,463,0,21,21,0,0,21
473,464,21,21,0,0,-21,21
474,119,21,21,0,0,-21,21
474,120,0,21,21,0,0,21
509,413,21,21,0,0,-21,21
509,414,0,21,21,0,0,21
509,415,0,21,21,0,0,21
509,513,21,21,0,0,-21,21
509,514,21,21,0,0,-21,21
509,516,21,21,0,0,-21,21
509,517,0,21,21,0,0,21
509,521,0,21,21,0,0,21
34,301,78,85,7,64,-14,21
156,348,89,101,12,80,-9,21
156,369,93,99,6,78,-15,21
170,372,89,89,0,68,-21,21
45,277,102,105,3,84,-18,21
473,319,0,21,21,0,0,21
170,230,190,199,9,178,-12,21
473,124,21,21,0,0,-21,21
473,125,21,21,0,0,-21,21
156,376,84,93,9,72,-12,21
34,302,64,85,21,64,0,21
509,522,21,21,0,0,-21,21
509,523,21,21,0,0,-21,21
509,528,0,21,21,0,0,21
509,531,0,21,21,0,0,21
509,532,21,21,0,0,-21,21
510,113,21,21,0,0,-21,21
170,366,102,117,15,96,-6,21
388,338,206,216,10,195,-11,21
388,411,0,21,21,0,0,21
388,412,21,21,0,0,-21,21
234,312,107,117,10,96,-11,21
68,338,0,21,21,0,0,21
68,339,0,21,21,0,0,21
68,343,0,21,21,0,0,21
68,344,0,21,21,0,0,21
68,345,21,21,0,0,-21,21
68,326,21,21,0,0,-21,21
510,114,21,21,0,0,-21,21
510,115,0,21,21,0,0,21
510,132,14,21,7,0,-14,21
510,255,21,21,0,0,-21,21
510,256,0,21,21,0,0,21
156,346,78,87,9,66,-12,21
472,464,21,21,0,0,-21,21
473,67,33,33,0,12,-21,21
473,119,21,21,0,0,-21,21
473,120,0,21,21,0,0,21
473,123,0,21,21,0,0,21
472,319,0,21,21,0,0,21
510,358,21,21,0,0,-21,21
510,359,0,21,21,0,0,21
510,360,0,21,21,0,0,21
510,362,0,21,21,0,0,21
472,379,21,21,0,0,-21,21
472,380,21,21,0,0,-21,21
472,441,21,21,0,0,-21,21
472,442,0,21,21,0,0,21
472,443,0,21,21,0,0,21
472,463,0,21,21,0,0,21
68,327,21,21,0,0,-21,21
68,328,21,21,0,0,-21,21
68,335,21,21,0,0,-21,21
68,336,21,21,0,0,-21,21
68,337,21,21,0,0,-21,21
234,299,99,110,11,89,-10,21
566,520,0,21,21,0,0,21
566,521,0,21,21,0,0,21
567,137,0,21,21,0,0,21
567,208,21,21,0,0,-21,21
270,355,78,85,7,64,-14,21
510,363,21,21,0,0,-21,21
510,413,21,21,0,0,-21,21
510,414,0,21,21,0,0,21
510,460,0,21,21,0,0,21
510,461,21,21,0,0,-21,21
510,496,21,21,0,0,-21,21
510,497,0,21,21,0,0,21
510,511,0,21,21,0,0,21
510,512,21,21,0,0,-21,21
510,516,21,21,0,0,-21,21
171,230,193,199,6,178,-15,21
171,307,99,117,18,96,-3,21
471,463,0,21,21,0,0,21
471,464,21,21,0,0,-21,21
45,332,21,21,0,0,-21,21
472,67,31,33,2,12,-19,21
472,119,21,21,0,0,-21,21
472,120,0,21,21,0,0,21
472,123,0,21,21,0,0,21
472,124,21,21,0,0,-21,21
472,254,199,206,7,185,-14,21
566,278,0,21,21,0,0,21
566,325,0,21,21,0,0,21
566,331,0,21,21,0,0,21
566,332,21,21,0,0,-21,21
566,333,21,21,0,0,-21,21
566,359,21,21,0,0,-21,21
566,360,21,21,0,0,-21,21
566,361,0,21,21,0,0,21
566,459,0,21,21,0,0,21
566,460,21,21,0,0,-21,21
566,506,21,21,0,0,-21,21
566,507,0,21,21,0,0,21
566,514,0,21,21,0,0,21
566,515,0,21,21,0,0,21
566,516,21,21,0,0,-21,21
471,441,21,21,0,0,-21,21
510,517,0,21,21,0,0,21
510,518,0,21,21,0,0,21
510,521,0,21,21,0,0,21
510,522,0,21,21,0,0,21
510,523,21,21,0,0,-21,21
510,529,0,21,21,0,0,21
510,531,0,21,21,0,0,21
510,532,21,21,0,0,-21,21
471,442,21,21,0,0,-21,21
471,443,0,21,21,0,0,21
471,444,0,21,21,0,0,21
511,115,0,21,21,0,0,21
511,255,21,21,0,0,-21,21
511,256,0,21,21,0,0,21
511,321,0,21,21,0,0,21
511,357,21,21,0,0,-21,21
511,358,21,21,0,0,-21,21
511,359,0,21,21,0,0,21
136,257,64,74,10,53,-11,21
471,319,0,21,21,0,0,21
471,380,21,21,0,0,-21,21
338,234,214,222,8,201,-13,21
511,363,21,21,0,0,-21,21
511,413,21,21,0,0,-21,21
511,414,0,21,21,0,0,21
511,460,0,21,21,0,0,21
511,461,21,21,0,0,-21,21
511,496,21,21,0,0,-21,21
45,341,21,21,0,0,-21,21
45,342,21,21,0,0,-21,21
45,343,21,21,0,0,-21,21
45,344,21,21,0,0,-21,21
45,345,21,21,0,0,-21,21
45,346,21,21,0,0,-21,21
45,347,21,21,0,0,-21,21
511,113,21,21,0,0,-21,21
511,114,0,21,21,0,0,21
77,309,78,89,11,68,-10,21
172,231,182,197,15,176,-6,21
45,333,0,21,21,0,0,21
45,334,0,21,21,0,0,21
45,335,0,21,21,0,0,21
45,336,21,21,0,0,-21,21
45,337,21,21,0,0,-21,21
45,338,21,21,0,0,-21,21
511,361,0,21,21,0,0,21
511,362,0,21,21,0,0,21
68,323,0,21,21,0,0,21
68,324,21,21,0,0,-21,21
68,325,21,21,0,0,-21,21
222,269,148,156,8,135,-13,21
389,322,188,206,18,185,-3,21
389,338,210,220,10,199,-11,21
389,410,0,21,21,0,0,21
389,411,0,21,21,0,0,21
318,189,87,89,2,68,-19,21
85,296,170,177,7,156,-14,21
511,497,0,21,21,0,0,21
511,511,0,21,21,0,0,21
511,512,21,21,0,0,-21,21
511,513,21,21,0,0,-21,21
511,516,21,21,0,0,-21,21
511,517,21,21,0,0,-21,21
511,518,0,21,21,0,0,21
511,522,0,21,21,0,0,21
338,350,176,195,19,174,-2,21
288,360,127,137,10,116,-11,21
566,208,21,21,0,0,-21,21
566,209,0,21,21,0,0,21
566,210,21,21,0,0,-21,21
566,273,21,21,0,0,-21,21
566,274,0,21,21,0,0,21
566,275,0,21,21,0,0,21
221,329,135,137,2,116,-19,21
511,523,21,21,0,0,-21,21
511,529,0,21,21,0,0,21
511,531,0,21,21,0,0,21
511,532,21,21,0,0,-21,21
512,113,21,21,0,0,-21,21
512,114,0,21,21,0,0,21
512,256,0,21,21,0,0,21
156,254,115,133,18,112,-3,21
471,119,21,21,0,0,-21,21
471,120,0,21,21,0,0,21
471,123,0,21,21,0,0,21
471,124,21,21,0,0,-21,21
172,223,175,188,13,167,-8,21
46,253,80,89,9,68,-12,21
46,254,68,89,21,68,0,21
470,319,0,21,21,0,0,21
470,380,21,21,0,0,-21,21
470,381,21,21,0,0,-21,21
470,442,21,21,0,0,-21,21
470,443,21,21,0,0,-21,21
470,444,0,21,21,0,0,21
470,463,0,21,21,0,0,21
470,464,21,21,0,0,-21,21
252,334,90,95,5,74,-16,21
565,363,0,21,21,0,0,21
565,459,0,21,21,0,0,21
565,460,21,21,0,0,-21,21
565,506,21,21,0,0,-21,21
565,507,0,21,21,0,0,21
565,508,0,21,21,0,0,21
565,513,0,21,21,0,0,21
565,514,0,21,21,0,0,21
565,515,21,21,0,0,-21,21
565,516,21,21,0,0,-21,21
565,520,0,21,21,0,0,21
566,137,7,21,14,0,-7,21
172,380,64,74,10,53,-11,21
512,321,0,21,21,0,0,21
512,357,21,21,0,0,-21,21
512,358,0,21,21,0,0,21
512,359,0,21,21,0,0,21
512,361,0,21,21,0,0,21
512,362,21,21,0,0,-21,21
85,334,114,123,9,102,-12,21
317,305,248,249,1,228,-20,21
317,358,138,146,8,125,-13,21
512,363,21,21,0,0,-21,21
512,413,21,21,0,0,-21,21
512,414,0,21,21,0,0,21
512,460,0,21,21,0,0,21
470,120,0,21,21,0,0,21
470,121,0,21,21,0,0,21
470,122,0,21,21,0,0,21
470,123,0,21,21,0,0,21
470,124,21,21,0,0,-21,21
390,339,207,217,10,196,-11,21
390,410,0,21,21,0,0,21
123,370,72,82,10,61,-11,21
565,274,0,21,21,0,0,21
565,278,0,21,21,0,0,21
565,325,0,21,21,0,0,21
565,331,0,21,21,0,0,21
565,332,0,21,21,0,0,21
565,333,21,21,0,0,-21,21
565,360,21,21,0,0,-21,21
565,361,0,21,21,0,0,21
565,362,0,21,21,0,0,21
367,417,0,21,21,0,0,21
391,233,74,80,6,59,-15,21
469,442,21,21,0,0,-21,21
469,443,21,21,0,0,-21,21
469,444,0,21,21,0,0,21
469,463,0,21,21,0,0,21
469,464,0,21,21,0,0,21
469,465,21,21,0,0,-21,21
46,287,70,80,10,59,-11,21
470,119,21,21,0,0,-21,21
173,302,164,173,9,152,-12,21
469,440,21,21,0,0,-21,21
512,461,21,21,0,0,-21,21
512,496,21,21,0,0,-21,21
512,497,0,21,21,0,0,21
512,511,0,21,21,0,0,21
512,512,0,21,21,0,0,21
512,513,21,21,0,0,-21,21
512,517,21,21,0,0,-21,21
512,518,0,21,21,0,0,21
512,522,0,21,21,0,0,21
512,523,21,21,0,0,-21,21
512,524,21,21,0,0,-21,21
512,529,0,21,21,0,0,21
512,531,0,21,21,0,0,21
512,532,21,21,0,0,-21,21
469,441,21,21,0,0,-21,21
85,335,109,119,10,98,-11,21
85,337,101,111,10,90,-11,21
173,316,130,140,10,119,-11,21
469,319,0,21,21,0,0,21
469,380,0,21,21,0,0,21
469,381,21,21,0,0,-21,21
469,437,21,21,0,0,-21,21
469,438,21,21,0,0,-21,21
469,439,21,21,0,0,-21,21
221,269,142,153,11,132,-10,21
391,262,211,224,13,203,-8,21
367,324,220,228,8,207,-13,21
391,339,209,219,10,198,-11,21
289,295,143,154,11,133,-10,21
565,208,21,21,0,0,-21,21
469,119,21,21,0,0,-21,21
469,120,21,21,0,0,-21,21
469,121,0,21,21,0,0,21
469,122,0,21,21,0,0,21
565,209,21,21,0,0,-21,21
565,210,21,21,0,0,-21,21
565,273,21,21,0,0,-21,21
564,364,0,21,21,0,0,21
564,459,0,21,21,0,0,21
564,460,21,21,0,0,-21,21
564,506,21,21,0,0,-21,21
564,507,21,21,0,0,-21,21
564,508,0,21,21,0,0,21
564,513,0,21,21,0,0,21
564,514,21,21,0,0,-21,21
564,515,21,21,0,0,-21,21
564,518,21,21,0,0,-21,21
564,519,21,21,0,0,-21,21
564,520,0,21,21,0,0,21
564,534,0,21,21,0,0,21
468,464,0,21,21,0,0,21
469,61,253,254,1,233,-20,21
513,112,21,21,0,0,-21,21
513,113,21,21,0,0,-21,21
513,114,0,21,21,0,0,21
513,256,21,21,0,0,-21,21
252,269,134,144,10,123,-11,21
252,271,145,154,9,133,-12,21
46,332,21,21,0,0,-21,21
46,333,21,21,0,0,-21,21
468,391,21,21,0,0,-21,21
468,392,21,21,0,0,-21,21
468,393,21,21,0,0,-21,21
317,185,82,87,5,66,-16,21
317,186,82,87,5,66,-16,21
33,250,162,174,12,153,-9,21
155,369,92,99,7,78,-14,21
468,437,21,21,0,0,-21,21
468,438,0,21,21,0,0,21
468,439,0,21,21,0,0,21
468,440,0,21,21,0,0,21
468,441,0,21,21,0,0,21
468,442,0,21,21,0,0,21
468,443,0,21,21,0,0,21
468,444,0,21,21,0,0,21
513,362,21,21,0,0,-21,21
513,413,21,21,0,0,-21,21
513,414,0,21,21,0,0,21
513,460,0,21,21,0,0,21
513,461,21,21,0,0,-21,21
513,496,21,21,0,0,-21,21
513,497,0,21,21,0,0,21
340,94,112,114,2,93,-19,21
468,389,21,21,0,0,-21,21
468,390,21,21,0,0,-21,21
564,535,0,21,21,0,0,21
143,345,78,87,9,66,-12,21
220,330,133,137,4,116,-17,21
367,231,78,93,15,72,-6,21
289,300,125,136,11,115,-10,21
564,325,0,21,21,0,0,21
564,326,0,21,21,0,0,21
46,336,0,21,21,0,0,21
46,337,0,21,21,0,0,21
46,338,21,21,0,0,-21,21
46,339,21,21,0,0,-21,21
46,340,21,21,0,0,-21,21
468,319,0,21,21,0,0,21
468,381,0,21,21,0,0,21
468,388,21,21,0,0,-21,21
513,356,21,21,0,0,-21,21
513,357,21,21,0,0,-21,21
513,358,0,21,21,0,0,21
513,360,0,21,21,0,0,21
513,361,0,21,21,0,0,21
564,332,0,21,21,0,0,21
564,333,21,21,0,0,-21,21
564,360,21,21,0,0,-21,21
564,361,21,21,0,0,-21,21
564,362,21,21,0,0,-21,21
564,363,0,21,21,0,0,21
62,329,0,21,21,0,0,21
62,332,0,21,21,0,0,21
62,333,0,21,21,0,0,21
392,409,0,21,21,0,0,21
564,324,21,21,0,0,-21,21
290,215,90,101,11,80,-10,21
468,253,200,207,7,186,-14,21
46,334,0,21,21,0,0,21
513,512,0,21,21,0,0,21
513,513,21,21,0,0,-21,21
513,517,21,21,0,0,-21,21
513,518,0,21,21,0,0,21
513,519,0,21,21,0,0,21
513,522,0,21,21,0,0,21
155,340,85,101,16,80,-5,21
155,346,74,85,11,64,-10,21
155,347,80,89,9,68,-12,21
46,335,0,21,21,0,0,21
467,441,0,21,21,0,0,21
467,442,0,21,21,0,0,21
467,464,0,21,21,0,0,21
467,531,252,253,1,232,-20,21
468,65,27,43,16,22,-5,21
468,119,21,21,0,0,-21,21
468,120,21,21,0,0,-21,21
468,121,0,21,21,0,0,21
468,122,0,21,21,0,0,21
467,403,21,21,0,0,-21,21
467,404,21,21,0,0,-21,21
467,405,21,21,0,0,-21,21
467,406,21,21,0,0,-21,21
467,407,21,21,0,0,-21,21
467,408,21,21,0,0,-21,21
467,409,21,21,0,0,-21,21
467,410,21,21,0,0,-21,21
467,411,21,21,0,0,-21,21
467,437,21,21,0,0,-21,21
467,438,0,21,21,0,0,21
467,439,0,21,21,0,0,21
467,440,0,21,21,0,0,21
563,513,0,21,21,0,0,21
563,514,21,21,0,0,-21,21
563,518,21,21,0,0,-21,21
563,519,0,21,21,0,0,21
563,520,0,21,21,0,0,21
564,272,21,21,0,0,-21,21
564,273,21,21,0,0,-21,21
564,274,0,21,21,0,0,21
564,278,0,21,21,0,0,21
366,417,0,21,21,0,0,21
235,303,115,126,11,105,-10,21
513,523,0,21,21,0,0,21
513,524,21,21,0,0,-21,21
513,529,0,21,21,0,0,21
513,531,0,21,21,0,0,21
513,532,21,21,0,0,-21,21
514,112,21,21,0,0,-21,21
514,113,0,21,21,0,0,21
514,114,0,21,21,0,0,21
467,401,21,21,0,0,-21,21
467,402,21,21,0,0,-21,21
514,257,0,21,21,0,0,21
47,254,76,89,13,68,-8,21
47,255,74,89,15,68,-6,21
175,227,183,190,7,169,-14,21
467,381,0,21,21,0,0,21
467,393,21,21,0,0,-21,21
235,304,116,127,11,106,-10,21
235,306,118,128,10,107,-11,21
143,376,64,64,0,43,-21,21
563,334,21,21,0,0,-21,21
563,362,21,21,0,0,-21,21
563,363,21,21,0,0,-21,21
563,364,0,21,21,0,0,21
563,365,0,21,21,0,0,21
563,459,0,21,21,0,0,21
563,460,21,21,0,0,-21,21
563,507,21,21,0,0,-21,21
563,508,0,21,21,0,0,21
467,65,29,43,14,22,-7,21
76,316,61,74,13,53,-8,21
467,119,21,21,0,0,-21,21
467,120,0,21,21,0,0,21
467,121,0,21,21,0,0,21
467,122,21,21,0,0,-21,21
271,296,70,80,10,59,-11,21
514,256,21,21,0,0,-21,21
290,295,151,160,9,139,-12,21
290,298,139,148,9,127,-12,21
563,272,21,21,0,0,-21,21
563,273,0,21,21,0,0,21
563,274,0,21,21,0,0,21
563,324,21,21,0,0,-21,21
563,325,21,21,0,0,-21,21
563,326,0,21,21,0,0,21
563,327,0,21,21,0,0,21
563,332,0,21,21,0,0,21
514,355,21,21,0,0,-21,21
514,356,21,21,0,0,-21,21
514,357,0,21,21,0,0,21
514,358,0,21,21,0,0,21
514,359,0,21,21,0,0,21
466,449,0,21,21,0,0,21
466,450,0,21,21,0,0,21
466,464,0,21,21,0,0,21
563,333,21,21,0,0,-21,21
62,309,21,21,0,0,-21,21
62,310,21,21,0,0,-21,21
62,311,0,21,21,0,0,21
62,312,0,21,21,0,0,21
393,320,219,221,2,200,-19,21
366,278,216,226,10,205,-11,21
562,364,21,21,0,0,-21,21
562,365,0,21,21,0,0,21
562,459,0,21,21,0,0,21
466,424,21,21,0,0,-21,21
466,425,21,21,0,0,-21,21
466,426,21,21,0,0,-21,21
466,427,21,21,0,0,-21,21
466,428,21,21,0,0,-21,21
466,437,21,21,0,0,-21,21
466,438,21,21,0,0,-21,21
466,439,21,21,0,0,-21,21
466,440,21,21,0,0,-21,21
466,441,21,21,0,0,-21,21
466,442,0,21,21,0,0,21
466,447,0,21,21,0,0,21
466,448,0,21,21,0,0,21
466,403,0,21,21,0,0,21
466,404,0,21,21,0,0,21
466,405,0,21,21,0,0,21
466,406,0,21,21,0,0,21
466,407,0,21,21,0,0,21
466,408,0,21,21,0,0,21
466,409,0,21,21,0,0,21
466,410,0,21,21,0,0,21
466,411,21,21,0,0,-21,21
466,417,21,21,0,0,-21,21
466,418,21,21,0,0,-21,21
466,419,21,21,0,0,-21,21
466,420,21,21,0,0,-21,21
466,421,21,21,0,0,-21,21
466,422,21,21,0,0,-21,21
466,423,21,21,0,0,-21,21
514,362,21,21,0,0,-21,21
514,413,21,21,0,0,-21,21
514,414,0,21,21,0,0,21
514,460,0,21,21,0,0,21
514,461,21,21,0,0,-21,21
514,496,21,21,0,0,-21,21
514,497,0,21,21,0,0,21
514,512,0,21,21,0,0,21
514,513,21,21,0,0,-21,21
514,514,21,21,0,0,-21,21
86,248,161,170,9,149,-12,21
86,249,164,173,9,152,-12,21
466,381,0,21,21,0,0,21
466,393,21,21,0,0,-21,21
466,401,21,21,0,0,-21,21
466,402,0,21,21,0,0,21
514,523,0,21,21,0,0,21
514,524,21,21,0,0,-21,21
514,531,0,21,21,0,0,21
514,532,21,21,0,0,-21,21
515,111,21,21,0,0,-21,21
515,112,21,21,0,0,-21,21
515,113,0,21,21,0,0,21
251,267,127,138,11,117,-10,21
514,360,0,21,21,0,0,21
514,361,21,21,0,0,-21,21
562,460,21,21,0,0,-21,21
562,507,21,21,0,0,-21,21
562,508,0,21,21,0,0,21
562,513,0,21,21,0,0,21
562,514,21,21,0,0,-21,21
562,518,21,21,0,0,-21,21
562,519,0,21,21,0,0,21
141,272,85,89,4,68,-17,21
561,519,0,21,21,0,0,21
515,268,164,174,10,153,-11,21
86,251,170,180,10,159,-11,21
514,517,21,21,0,0,-21,21
514,518,21,21,0,0,-21,21
514,519,0,21,21,0,0,21
562,272,21,21,0,0,-21,21
562,273,0,21,21,0,0,21
562,275,0,21,21,0,0,21
562,325,21,21,0,0,-21,21
562,326,21,21,0,0,-21,21
562,327,0,21,21,0,0,21
562,332,0,21,21,0,0,21
562,333,0,21,21,0,0,21
562,334,21,21,0,0,-21,21
562,335,21,21,0,0,-21,21
562,363,21,21,0,0,-21,21
365,417,0,21,21,0,0,21
86,300,161,172,11,151,-10,21
515,355,21,21,0,0,-21,21
515,356,0,21,21,0,0,21
515,357,0,21,21,0,0,21
466,120,0,21,21,0,0,21
466,121,0,21,21,0,0,21
466,122,21,21,0,0,-21,21
515,256,21,21,0,0,-21,21
515,257,21,21,0,0,-21,21
465,445,0,21,21,0,0,21
465,446,0,21,21,0,0,21
465,447,0,21,21,0,0,21
465,448,21,21,0,0,-21,21
465,449,21,21,0,0,-21,21
465,450,0,21,21,0,0,21
465,464,0,21,21,0,0,21
466,119,21,21,0,0,-21,21
561,364,21,21,0,0,-21,21
561,365,0,21,21,0,0,21
561,366,0,21,21,0,0,21
561,367,0,21,21,0,0,21
561,459,0,21,21,0,0,21
561,460,21,21,0,0,-21,21
561,507,21,21,0,0,-21,21
561,508,0,21,21,0,0,21
561,513,0,21,21,0,0,21
561,514,21,21,0,0,-21,21
561,517,21,21,0,0,-21,21
561,518,21,21,0,0,-21,21
16,300,66,80,14,59,-7,21
465,427,0,21,21,0,0,21
465,428,21,21,0,0,-21,21
465,429,21,21,0,0,-21,21
465,430,21,21,0,0,-21,21
465,431,21,21,0,0,-21,21
465,432,21,21,0,0,-21,21
465,433,21,21,0,0,-21,21
465,434,21,21,0,0,-21,21
465,435,21,21,0,0,-21,21
465,436,21,21,0,0,-21,21
465,437,21,21,0,0,-21,21
465,438,0,21,21,0,0,21
465,439,0,21,21,0,0,21
465,440,0,21,21,0,0,21
465,441,0,21,21,0,0,21
465,442,0,21,21,0,0,21
465,424,0,21,21,0,0,21
465,425,0,21,21,0,0,21
465,426,0,21,21,0,0,21
515,359,0,21,21,0,0,21
515,360,21,21,0,0,-21,21
515,361,21,21,0,0,-21,21
515,412,21,21,0,0,-21,21
515,413,21,21,0,0,-21,21
515,414,0,21,21,0,0,21
515,460,0,21,21,0,0,21
515,461,21,21,0,0,-21,21
515,496,21,21,0,0,-21,21
515,497,0,21,21,0,0,21
515,498,0,21,21,0,0,21
515,512,0,21,21,0,0,21
515,513,0,21,21,0,0,21
465,405,21,21,0,0,-21,21
465,406,21,21,0,0,-21,21
465,407,21,21,0,0,-21,21
465,408,21,21,0,0,-21,21
465,409,21,21,0,0,-21,21
465,410,21,21,0,0,-21,21
465,411,21,21,0,0,-21,21
465,417,21,21,0,0,-21,21
465,418,0,21,21,0,0,21
465,419,0,21,21,0,0,21
465,420,0,21,21,0,0,21
465,421,0,21,21,0,0,21
465,422,0,21,21,0,0,21
465,423,0,21,21,0,0,21
515,515,21,21,0,0,-21,21
515,516,21,21,0,0,-21,21
515,517,21,21,0,0,-21,21
515,518,21,21,0,0,-21,21
515,519,0,21,21,0,0,21
515,523,0,21,21,0,0,21
515,524,0,21,21,0,0,21
515,531,0,21,21,0,0,21
515,532,21,21,0,0,-21,21
155,229,158,163,5,142,-16,21
47,340,21,21,0,0,-21,21
465,401,21,21,0,0,-21,21
465,402,21,21,0,0,-21,21
465,403,21,21,0,0,-21,21
465,404,21,21,0,0,-21,21
516,111,21,21,0,0,-21,21
516,112,0,21,21,0,0,21
516,113,0,21,21,0,0,21
516,257,21,21,0,0,-21,21
315,186,82,89,7,68,-14,21
315,217,82,82,0,61,-21,21
177,232,176,192,16,171,-5,21
48,220,241,251,10,230,-11,21
47,336,0,21,21,0,0,21
47,337,0,21,21,0,0,21
47,338,0,21,21,0,0,21
47,339,0,21,21,0,0,21
515,514,21,21,0,0,-21,21
32,239,251,252,1,231,-20,21
516,354,21,21,0,0,-21,21
516,355,21,21,0,0,-21,21
516,356,0,21,21,0,0,21
516,358,0,21,21,0,0,21
516,359,0,21,21,0,0,21
516,360,21,21,0,0,-21,21
516,410,21,21,0,0,-21,21
177,313,102,114,12,93,-9,21
465,119,21,21,0,0,-21,21
465,120,0,21,21,0,0,21
465,121,0,21,21,0,0,21
465,122,21,21,0,0,-21,21
155,247,151,159,8,138,-13,21
69,318,21,21,0,0,-21,21
69,322,21,21,0,0,-21,21
69,323,0,21,21,0,0,21
69,324,0,21,21,0,0,21
69,325,0,21,21,0,0,21
561,272,21,21,0,0,-21,21
250,269,143,153,10,132,-11,21
250,270,148,159,11,138,-10,21
464,436,0,21,21,0,0,21
464,437,0,21,21,0,0,21
464,438,0,21,21,0,0,21
464,445,0,21,21,0,0,21
464,446,21,21,0,0,-21,21
464,447,0,21,21,0,0,21
464,448,0,21,21,0,0,21
464,449,0,21,21,0,0,21
464,450,0,21,21,0,0,21
464,464,0,21,21,0,0,21
516,411,21,21,0,0,-21,21
516,412,21,21,0,0,-21,21
516,413,0,21,21,0,0,21
516,414,0,21,21,0,0,21
516,460,0,21,21,0,0,21
516,461,21,21,0,0,-21,21
516,496,21,21,0,0,-21,21
516,497,21,21,0,0,-21,21
516,498,0,21,21,0,0,21
516,513,0,21,21,0,0,21
342,263,72,87,15,66,-6,21
250,265,123,131,8,110,-13,21
561,273,0,21,21,0,0,21
561,326,21,21,0,0,-21,21
561,327,0,21,21,0,0,21
561,328,0,21,21,0,0,21
561,333,0,21,21,0,0,21
561,334,0,21,21,0,0,21
99,362,72,80,8,59,-13,21
561,335,21,21,0,0,-21,21
395,408,0,21,21,0,0,21
560,460,21,21,0,0,-21,21
560,507,21,21,0,0,-21,21
560,508,0,21,21,0,0,21
464,423,0,21,21,0,0,21
464,424,0,21,21,0,0,21
464,425,0,21,21,0,0,21
464,426,0,21,21,0,0,21
464,427,0,21,21,0,0,21
464,428,0,21,21,0,0,21
464,429,0,21,21,0,0,21
250,262,103,117,14,96,-7,21
464,430,0,21,21,0,0,21
464,431,0,21,21,0,0,21
464,432,0,21,21,0,0,21
464,433,0,21,21,0,0,21
464,434,0,21,21,0,0,21
464,435,0,21,21,0,0,21
516,518,21,21,0,0,-21,21
516,519,0,21,21,0,0,21
516,524,0,21,21,0,0,21
516,531,0,21,21,0,0,21
516,532,21,21,0,0,-21,21
464,382,0,21,21,0,0,21
464,417,21,21,0,0,-21,21
464,418,21,21,0,0,-21,21
464,419,21,21,0,0,-21,21
464,420,21,21,0,0,-21,21
464,421,21,21,0,0,-21,21
464,422,21,21,0,0,-21,21
517,111,21,21,0,0,-21,21
517,112,0,21,21,0,0,21
517,257,21,21,0,0,-21,21
517,258,0,21,21,0,0,21
177,372,43,64,21,43,0,21
516,514,0,21,21,0,0,21
516,515,0,21,21,0,0,21
516,516,0,21,21,0,0,21
516,517,21,21,0,0,-21,21
560,513,0,21,21,0,0,21
560,514,21,21,0,0,-21,21
560,517,21,21,0,0,-21,21
560,518,0,21,21,0,0,21
560,519,0,21,21,0,0,21
396,325,186,203,17,182,-4,21
463,447,0,21,21,0,0,21
463,464,0,21,21,0,0,21
464,118,21,21,0,0,-21,21
464,119,21,21,0,0,-21,21
464,120,0,21,21,0,0,21
464,121,21,21,0,0,-21,21
464,122,21,21,0,0,-21,21
342,357,208,213,5,192,-16,21
48,255,74,82,8,61,-13,21
178,226,153,172,19,151,-2,21
154,369,92,99,7,78,-14,21
127,337,136,144,8,123,-13,21
69,340,0,21,21,0,0,21
69,341,0,21,21,0,0,21
69,344,0,21,21,0,0,21
69,345,21,21,0,0,-21,21
69,346,0,21,21,0,0,21
69,347,0,21,21,0,0,21
69,348,21,21,0,0,-21,21
69,326,0,21,21,0,0,21
69,327,0,21,21,0,0,21
69,328,0,21,21,0,0,21
69,329,21,21,0,0,-21,21
69,330,21,21,0,0,-21,21
560,326,21,21,0,0,-21,21
517,461,21,21,0,0,-21,21
517,497,21,21,0,0,-21,21
463,430,0,21,21,0,0,21
463,431,0,21,21,0,0,21
463,432,0,21,21,0,0,21
463,433,0,21,21,0,0,21
463,434,0,21,21,0,0,21
463,435,0,21,21,0,0,21
463,436,0,21,21,0,0,21
463,437,0,21,21,0,0,21
463,438,0,21,21,0,0,21
463,439,0,21,21,0,0,21
463,440,0,21,21,0,0,21
48,268,50,64,14,43,-7,21
463,445,0,21,21,0,0,21
463,446,0,21,21,0,0,21
463,428,21,21,0,0,-21,21
463,429,21,21,0,0,-21,21
517,354,21,21,0,0,-21,21
517,355,0,21,21,0,0,21
517,356,0,21,21,0,0,21
517,357,0,21,21,0,0,21
517,358,0,21,21,0,0,21
517,359,21,21,0,0,-21,21
517,360,21,21,0,0,-21,21
517,410,21,21,0,0,-21,21
517,411,0,21,21,0,0,21
517,412,0,21,21,0,0,21
517,413,0,21,21,0,0,21
517,460,0,21,21,0,0,21
517,516,0,21,21,0,0,21
517,517,0,21,21,0,0,21
517,518,0,21,21,0,0,21
154,343,70,80,10,59,-11,21
154,309,84,95,11,74,-10,21
517,519,0,21,21,0,0,21
463,383,0,21,21,0,0,21
343,93,105,110,5,89,-16,21
463,422,21,21,0,0,-21,21
463,423,21,21,0,0,-21,21
463,424,21,21,0,0,-21,21
463,425,21,21,0,0,-21,21
463,426,21,21,0,0,-21,21
463,427,21,21,0,0,-21,21
154,306,72,89,17,68,-4,21
314,186,85,89,4,68,-17,21
517,524,0,21,21,0,0,21
517,530,0,21,21,0,0,21
517,531,0,21,21,0,0,21
272,289,107,116,9,95,-12,21
463,121,21,21,0,0,-21,21
463,252,202,209,7,188,-14,21
48,285,66,80,14,59,-7,21
517,498,0,21,21,0,0,21
518,112,0,21,21,0,0,21
518,257,21,21,0,0,-21,21
518,258,21,21,0,0,-21,21
463,119,0,21,21,0,0,21
463,120,0,21,21,0,0,21
343,246,226,247,21,226,0,21
272,298,70,82,12,61,-9,21
517,532,21,21,0,0,-21,21
518,110,21,21,0,0,-21,21
518,111,21,21,0,0,-21,21
560,327,21,21,0,0,-21,21
560,328,0,21,21,0,0,21
560,329,0,21,21,0,0,21
560,334,0,21,21,0,0,21
560,335,21,21,0,0,-21,21
560,364,21,21,0,0,-21,21
279,251,164,181,17,160,-4,21
560,365,21,21,0,0,-21,21
560,366,21,21,0,0,-21,21
560,367,0,21,21,0,0,21
560,459,0,21,21,0,0,21
69,331,21,21,0,0,-21,21
69,337,21,21,0,0,-21,21
69,338,21,21,0,0,-21,21
462,447,0,21,21,0,0,21
462,448,0,21,21,0,0,21
343,277,194,203,9,182,-12,21
462,449,0,21,21,0,0,21
462,450,0,21,21,0,0,21
462,451,0,21,21,0,0,21
462,452,0,21,21,0,0,21
462,453,0,21,21,0,0,21
462,454,0,21,21,0,0,21
462,465,0,21,21,0,0,21
75,315,53,64,11,43,-10,21
463,118,21,21,0,0,-21,21
462,439,21,21,0,0,-21,21
518,353,21,21,0,0,-21,21
518,354,21,21,0,0,-21,21
518,355,0,21,21,0,0,21
518,356,0,21,21,0,0,21
518,357,0,21,21,0,0,21
518,358,21,21,0,0,-21,21
272,361,131,151,20,130,-1,21
462,440,0,21,21,0,0,21
462,441,0,21,21,0,0,21
462,442,0,21,21,0,0,21
462,443,0,21,21,0,0,21
462,444,0,21,21,0,0,21
462,445,0,21,21,0,0,21
462,446,0,21,21,0,0,21
462,430,21,21,0,0,-21,21
462,431,21,21,0,0,-21,21
462,432,21,21,0,0,-21,21
249,258,99,120,21,99,0,21
249,261,109,117,8,96,-13,21
462,433,21,21,0,0,-21,21
462,434,21,21,0,0,-21,21
462,435,21,21,0,0,-21,21
462,436,21,21,0,0,-21,21
462,437,21,21,0,0,-21,21
462,438,21,21,0,0,-21,21
69,339,0,21,21,0,0,21
17,298,59,64,5,43,-16,21
560,272,21,21,0,0,-21,21
560,273,0,21,21,0,0,21
364,325,192,212,20,191,-1,21
559,514,21,21,0,0,-21,21
559,516,21,21,0,0,-21,21
559,517,21,21,0,0,-21,21
559,518,0,21,21,0,0,21
519,258,21,21,0,0,-21,21
518,359,21,21,0,0,-21,21
518,410,21,21,0,0,-21,21
518,411,0,21,21,0,0,21
518,460,0,21,21,0,0,21
518,461,21,21,0,0,-21,21
518,497,21,21,0,0,-21,21
518,498,0,21,21,0,0,21
518,524,0,21,21,0,0,21
518,525,0,21,21,0,0,21
462,383,0,21,21,0,0,21
462,429,21,21,0,0,-21,21
154,220,147,157,10,136,-11,21
48,338,0,21,21,0,0,21
154,252,109,128,19,107,-2,21
518,530,0,21,21,0,0,21
518,531,0,21,21,0,0,21
518,532,21,21,0,0,-21,21
519,110,21,21,0,0,-21,21
519,111,0,21,21,0,0,21
519,112,0,21,21,0,0,21
98,362,72,80,8,59,-13,21
364,322,223,227,4,206,-17,21
128,260,180,188,8,167,-13,21
128,263,186,194,8,173,-13,21
217,269,160,167,7,146,-14,21
61,328,21,21,0,0,-21,21
61,329,0,21,21,0,0,21
61,330,0,21,21,0,0,21
559,328,21,21,0,0,-21,21
559,329,0,21,21,0,0,21
559,330,0,21,21,0,0,21
461,455,0,21,21,0,0,21
461,465,0,21,21,0,0,21
48,339,0,21,21,0,0,21
48,340,21,21,0,0,-21,21
179,364,102,119,17,98,-4,21
462,118,21,21,0,0,-21,21
462,119,0,21,21,0,0,21
462,120,0,21,21,0,0,21
462,121,21,21,0,0,-21,21
48,337,21,21,0,0,-21,21
461,440,21,21,0,0,-21,21
461,441,21,21,0,0,-21,21
461,442,21,21,0,0,-21,21
461,443,21,21,0,0,-21,21
461,444,21,21,0,0,-21,21
461,445,21,21,0,0,-21,21
461,446,21,21,0,0,-21,21
461,447,21,21,0,0,-21,21
461,448,21,21,0,0,-21,21
461,449,21,21,0,0,-21,21
461,450,21,21,0,0,-21,21
461,451,21,21,0,0,-21,21
461,452,21,21,0,0,-21,21
461,453,21,21,0,0,-21,21
461,454,0,21,21,0,0,21
520,110,21,21,0,0,-21,21
519,353,21,21,0,0,-21,21
519,354,0,21,21,0,0,21
519,355,0,21,21,0,0,21
519,356,0,21,21,0,0,21
519,357,21,21,0,0,-21,21
519,358,21,21,0,0,-21,21
519,410,21,21,0,0,-21,21
519,411,0,21,21,0,0,21
519,460,0,21,21,0,0,21
461,439,21,21,0,0,-21,21
559,334,0,21,21,0,0,21
559,335,21,21,0,0,-21,21
559,336,21,21,0,0,-21,21
559,366,21,21,0,0,-21,21
559,367,0,21,21,0,0,21
559,368,0,21,21,0,0,21
559,459,0,21,21,0,0,21
559,460,21,21,0,0,-21,21
559,507,21,21,0,0,-21,21
559,508,0,21,21,0,0,21
559,513,0,21,21,0,0,21
398,329,219,228,9,207,-12,21
398,407,0,21,21,0,0,21
180,308,128,137,9,116,-12,21
519,461,21,21,0,0,-21,21
519,497,21,21,0,0,-21,21
519,498,0,21,21,0,0,21
519,525,0,21,21,0,0,21
313,190,70,82,12,61,-9,21
31,240,251,252,1,231,-20,21
519,531,0,21,21,0,0,21
519,532,21,21,0,0,-21,21
520,258,21,21,0,0,-21,21
520,259,0,21,21,0,0,21
136,376,61,74,13,53,-8,21
49,255,64,82,18,61,-3,21
248,327,96,106,10,85,-11,21
144,301,159,164,5,143,-16,21
558,516,21,21,0,0,-21,21
558,517,0,21,21,0,0,21
558,518,0,21,21,0,0,21
558,533,0,21,21,0,0,21
559,271,21,21,0,0,-21,21
559,272,21,21,0,0,-21,21
559,273,0,21,21,0,0,21
559,327,21,21,0,0,-21,21
460,454,21,21,0,0,-21,21
460,455,0,21,21,0,0,21
344,259,78,87,9,66,-12,21
344,261,82,93,11,72,-10,21
344,276,199,207,8,186,-13,21
460,465,0,21,21,0,0,21
461,118,21,21,0,0,-21,21
461,119,0,21,21,0,0,21
461,120,0,21,21,0,0,21
461,121,21,21,0,0,-21,21
520,111,0,21,21,0,0,21
61,309,21,21,0,0,-21,21
61,310,0,21,21,0,0,21
61,311,21,21,0,0,-21,21
216,293,106,116,10,95,-11,21
69,349,21,21,0,0,-21,21
128,334,139,146,7,125,-14,21
363,325,191,209,18,188,-3,21
558,507,21,21,0,0,-21,21
558,508,0,21,21,0,0,21
558,513,0,21,21,0,0,21
558,514,21,21,0,0,-21,21
292,218,89,101,12,80,-9,21
181,225,182,188,6,167,-15,21
460,437,21,21,0,0,-21,21
460,438,21,21,0,0,-21,21
460,439,21,21,0,0,-21,21
180,371,59,64,5,43,-16,21
460,440,21,21,0,0,-21,21
460,441,21,21,0,0,-21,21
460,442,21,21,0,0,-21,21
460,443,21,21,0,0,-21,21
460,447,21,21,0,0,-21,21
460,448,21,21,0,0,-21,21
460,449,21,21,0,0,-21,21
460,453,21,21,0,0,-21,21
344,320,50,64,14,43,-7,21
313,167,114,126,12,105,-9,21
153,332,76,89,13,68,-8,21
520,349,21,21,0,0,-21,21
520,350,21,21,0,0,-21,21
520,351,21,21,0,0,-21,21
520,352,21,21,0,0,-21,21
520,353,21,21,0,0,-21,21
520,354,0,21,21,0,0,21
520,355,0,21,21,0,0,21
520,356,0,21,21,0,0,21
181,224,181,187,6,166,-15,21
49,289,64,74,10,53,-11,21
520,357,21,21,0,0,-21,21
520,409,21,21,0,0,-21,21
520,410,21,21,0,0,-21,21
520,411,0,21,21,0,0,21
520,460,0,21,21,0,0,21
520,461,21,21,0,0,-21,21
520,497,21,21,0,0,-21,21
520,498,0,21,21,0,0,21
520,525,0,21,21,0,0,21
30,288,106,117,11,96,-10,21
153,306,70,87,17,66,-4,21
136,355,61,74,13,53,-8,21
136,356,70,82,12,61,-9,21
292,222,72,85,13,64,-8,21
558,271,21,21,0,0,-21,21
558,272,0,21,21,0,0,21
558,328,21,21,0,0,-21,21
558,329,21,21,0,0,-21,21
558,330,0,21,21,0,0,21
558,334,0,21,21,0,0,21
558,335,0,21,21,0,0,21
558,336,21,21,0,0,-21,21
558,366,21,21,0,0,-21,21
558,367,21,21,0,0,-21,21
558,368,0,21,21,0,0,21
558,369,0,21,21,0,0,21
558,459,0,21,21,0,0,21
520,526,21,21,0,0,-21,21
520,531,0,21,21,0,0,21
520,532,21,21,0,0,-21,21
521,109,21,21,0,0,-21,21
521,110,21,21,0,0,-21,21
521,111,0,21,21,0,0,21
521,258,21,21,0,0,-21,21
521,259,0,21,21,0,0,21
137,220,59,64,5,43,-16,21
74,348,21,21,0,0,-21,21
74,349,0,21,21,0,0,21
74,350,0,21,21,0,0,21
74,351,21,21,0,0,-21,21
30,284,118,123,5,102,-16,21
521,321,0,21,21,0,0,21
248,257,99,120,21,99,0,21
460,118,21,21,0,0,-21,21
460,119,0,21,21,0,0,21
460,120,21,21,0,0,-21,21
460,121,21,21,0,0,-21,21
460,251,201,209,8,188,-13,21
74,344,21,21,0,0,-21,21
74,345,21,21,0,0,-21,21
74,346,21,21,0,0,-21,21
459,446,21,21,0,0,-21,21
459,447,21,21,0,0,-21,21
459,448,0,21,21,0,0,21
459,449,21,21,0,0,-21,21
459,450,21,21,0,0,-21,21
459,451,21,21,0,0,-21,21
459,452,21,21,0,0,-21,21
459,453,21,21,0,0,-21,21
459,454,21,21,0,0,-21,21
459,455,0,21,21,0,0,21
137,221,53,64,11,43,-10,21
558,460,21,21,0,0,-21,21
400,70,254,254,0,233,-21,21
557,507,21,21,0,0,-21,21
557,508,0,21,21,0,0,21
557,513,0,21,21,0,0,21
557,514,21,21,0,0,-21,21
557,515,21,21,0,0,-21,21
557,516,21,21,0,0,-21,21
557,517,0,21,21,0,0,21
557,532,0,21,21,0,0,21
557,539,254,254,0,233,-21,21
521,355,0,21,21,0,0,21
521,356,21,21,0,0,-21,21
521,357,21,21,0,0,-21,21
521,409,21,21,0,0,-21,21
521,410,0,21,21,0,0,21
521,411,0,21,21,0,0,21
521,460,0,21,21,0,0,21
521,461,21,21,0,0,-21,21
459,437,21,21,0,0,-21,21
459,438,0,21,21,0,0,21
459,439,0,21,21,0,0,21
459,440,0,21,21,0,0,21
459,441,0,21,21,0,0,21
459,442,0,21,21,0,0,21
459,443,21,21,0,0,-21,21
49,371,250,252,2,231,-19,21
459,117,21,21,0,0,-21,21
459,118,21,21,0,0,-21,21
459,119,0,21,21,0,0,21
459,120,21,21,0,0,-21,21
459,251,202,211,9,190,-12,21
521,349,21,21,0,0,-21,21
521,350,0,21,21,0,0,21
521,351,21,21,0,0,-21,21
521,352,21,21,0,0,-21,21
521,353,0,21,21,0,0,21
521,354,0,21,21,0,0,21
458,446,21,21,0,0,-21,21
458,447,0,21,21,0,0,21
458,448,0,21,21,0,0,21
458,449,0,21,21,0,0,21
458,450,0,21,21,0,0,21
458,451,0,21,21,0,0,21
458,452,0,21,21,0,0,21
458,453,0,21,21,0,0,21
458,454,0,21,21,0,0,21
458,455,0,21,21,0,0,21
458,466,0,21,21,0,0,21
49,338,21,21,0,0,-21,21
49,339,0,21,21,0,0,21
49,340,21,21,0,0,-21,21
521,497,21,21,0,0,-21,21
521,498,0,21,21,0,0,21
521,525,0,21,21,0,0,21
521,526,21,21,0,0,-21,21
521,531,21,21,0,0,-21,21
521,532,21,21,0,0,-21,21
458,439,21,21,0,0,-21,21
458,440,21,21,0,0,-21,21
458,441,21,21,0,0,-21,21
458,442,21,21,0,0,-21,21
458,443,21,21,0,0,-21,21
236,308,126,138,12,117,-9,21
236,306,128,138,10,117,-11,21
400,264,206,220,14,199,-7,21
557,336,21,21,0,0,-21,21
557,337,21,21,0,0,-21,21
522,109,21,21,0,0,-21,21
522,110,0,21,21,0,0,21
522,111,0,21,21,0,0,21
522,258,21,21,0,0,-21,21
522,259,21,21,0,0,-21,21
522,260,0,21,21,0,0,21
345,261,90,103,13,82,-8,21
458,437,21,21,0,0,-21,21
458,438,21,21,0,0,-21,21
557,367,21,21,0,0,-21,21
557,368,21,21,0,0,-21,21
557,369,0,21,21,0,0,21
557,370,0,21,21,0,0,21
557,459,0,21,21,0,0,21
557,460,21,21,0,0,-21,21
278,297,110,120,10,99,-11,21
278,299,101,111,10,90,-11,21
400,323,219,223,4,202,-17,21
557,271,21,21,0,0,-21,21
522,321,0,21,21,0,0,21
522,349,21,21,0,0,-21,21
522,350,21,21,0,0,-21,21
522,351,21,21,0,0,-21,21
557,272,0,21,21,0,0,21
557,329,21,21,0,0,-21,21
557,330,0,21,21,0,0,21
557,331,0,21,21,0,0,21
557,335,0,21,21,0,0,21
215,272,163,170,7,149,-14,21
144,337,95,99,4,78,-17,21
458,117,21,21,0,0,-21,21
458,118,0,21,21,0,0,21
458,119,21,21,0,0,-21,21
458,120,21,21,0,0,-21,21
182,233,173,186,13,165,-8,21
522,273,156,169,13,148,-8,21
311,360,128,137,9,116,-12,21
557,270,21,21,0,0,-21,21
556,371,0,21,21,0,0,21
556,372,0,21,21,0,0,21
556,373,0,21,21,0,0,21
556,459,0,21,21,0,0,21
556,460,21,21,0,0,-21,21
556,507,21,21,0,0,-21,21
556,508,0,21,21,0,0,21
556,513,0,21,21,0,0,21
556,514,21,21,0,0,-21,21
556,515,21,21,0,0,-21,21
556,516,0,21,21,0,0,21
556,517,0,21,21,0,0,21
556,532,0,21,21,0,0,21
522,532,21,21,0,0,-21,21
457,446,21,21,0,0,-21,21
457,447,0,21,21,0,0,21
457,451,0,21,21,0,0,21
457,452,0,21,21,0,0,21
457,453,0,21,21,0,0,21
457,454,0,21,21,0,0,21
457,466,0,21,21,0,0,21
401,326,189,206,17,185,-4,21
556,272,0,21,21,0,0,21
556,329,21,21,0,0,-21,21
556,330,21,21,0,0,-21,21
556,331,0,21,21,0,0,21
556,332,0,21,21,0,0,21
556,335,0,21,21,0,0,21
556,336,0,21,21,0,0,21
556,337,21,21,0,0,-21,21
457,385,0,21,21,0,0,21
522,352,0,21,21,0,0,21
522,353,0,21,21,0,0,21
522,354,0,21,21,0,0,21
522,355,21,21,0,0,-21,21
522,356,21,21,0,0,-21,21
522,409,21,21,0,0,-21,21
522,410,0,21,21,0,0,21
522,460,0,21,21,0,0,21
522,461,21,21,0,0,-21,21
522,497,21,21,0,0,-21,21
522,498,0,21,21,0,0,21
522,499,0,21,21,0,0,21
522,525,0,21,21,0,0,21
522,526,0,21,21,0,0,21
522,531,21,21,0,0,-21,21
457,118,0,21,21,0,0,21
457,119,21,21,0,0,-21,21
523,109,21,21,0,0,-21,21
523,110,0,21,21,0,0,21
152,309,76,87,11,66,-10,21
523,259,21,21,0,0,-21,21
523,260,0,21,21,0,0,21
311,288,242,244,2,223,-19,21
556,368,21,21,0,0,-21,21
556,369,21,21,0,0,-21,21
556,370,0,21,21,0,0,21
555,508,0,21,21,0,0,21
555,513,0,21,21,0,0,21
97,236,156,163,7,142,-14,21
555,514,21,21,0,0,-21,21
555,515,21,21,0,0,-21,21
555,516,0,21,21,0,0,21
555,532,0,21,21,0,0,21
556,270,21,21,0,0,-21,21
556,271,0,21,21,0,0,21
523,321,0,21,21,0,0,21
523,350,21,21,0,0,-21,21
523,351,21,21,0,0,-21,21
523,352,0,21,21,0,0,21
523,353,0,21,21,0,0,21
523,354,0,21,21,0,0,21
523,355,21,21,0,0,-21,21
183,234,166,177,11,156,-10,21
183,303,167,177,10,156,-11,21
50,313,53,64,11,43,-10,21
457,117,21,21,0,0,-21,21
456,119,21,21,0,0,-21,21
456,446,21,21,0,0,-21,21
456,447,0,21,21,0,0,21
456,451,0,21,21,0,0,21
456,452,21,21,0,0,-21,21
456,453,21,21,0,0,-21,21
456,454,0,21,21,0,0,21
456,466,0,21,21,0,0,21
60,327,21,21,0,0,-21,21
60,328,21,21,0,0,-21,21
213,323,119,126,7,105,-14,21
362,298,0,21,21,0,0,21
523,409,21,21,0,0,-21,21
523,410,0,21,21,0,0,21
523,460,0,21,21,0,0,21
523,461,21,21,0,0,-21,21
523,497,21,21,0,0,-21,21
523,498,21,21,0,0,-21,21
523,499,0,21,21,0,0,21
523,526,0,21,21,0,0,21
523,532,0,21,21,0,0,21
456,117,21,21,0,0,-21,21
456,118,0,21,21,0,0,21
555,332,0,21,21,0,0,21
555,336,0,21,21,0,0,21
555,337,21,21,0,0,-21,21
555,338,21,21,0,0,-21,21
555,369,21,21,0,0,-21,21
555,370,21,21,0,0,-21,21
555,371,21,21,0,0,-21,21
555,372,21,21,0,0,-21,21
555,373,0,21,21,0,0,21
555,374,0,21,21,0,0,21
555,459,0,21,21,0,0,21
555,460,21,21,0,0,-21,21
555,506,21,21,0,0,-21,21
555,507,21,21,0,0,-21,21
362,299,0,21,21,0,0,21
524,108,21,21,0,0,-21,21
524,109,21,21,0,0,-21,21
524,110,0,21,21,0,0,21
524,259,20,21,1,0,-20,21
524,260,0,21,21,0,0,21
524,270,134,144,10,123,-11,21
29,293,74,89,15,68,-6,21
455,452,21,21,0,0,-21,21
455,453,21,21,0,0,-21,21
455,454,0,21,21,0,0,21
455,455,0,21,21,0,0,21
455,466,0,21,21,0,0,21
346,258,87,93,6,72,-15,21
273,298,78,89,11,68,-10,21
455,446,21,21,0,0,-21,21
455,447,0,21,21,0,0,21
455,448,0,21,21,0,0,21
455,449,0,21,21,0,0,21
455,450,0,21,21,0,0,21
455,451,0,21,21,0,0,21
524,350,21,21,0,0,-21,21
524,351,0,21,21,0,0,21
524,352,0,21,21,0,0,21
524,353,0,21,21,0,0,21
524,354,21,21,0,0,-21,21
524,355,21,21,0,0,-21,21
524,409,21,21,0,0,-21,21
524,410,0,21,21,0,0,21
524,460,0,21,21,0,0,21
524,461,21,21,0,0,-21,21
524,498,21,21,0,0,-21,21
50,333,21,21,0,0,-21,21
50,338,0,21,21,0,0,21
50,339,0,21,21,0,0,21
50,340,21,21,0,0,-21,21
129,271,192,197,5,176,-16,21
404,321,221,223,2,202,-19,21
96,387,254,254,0,233,-21,21
19,264,252,253,1,232,-20,21
555,270,21,21,0,0,-21,21
555,271,0,21,21,0,0,21
555,272,0,21,21,0,0,21
555,330,21,21,0,0,-21,21
525,261,0,21,21,0,0,21
524,499,0,21,21,0,0,21
524,526,0,21,21,0,0,21
524,527,21,21,0,0,-21,21
525,108,21,21,0,0,-21,21
109,225,68,80,12,59,-9,21
455,117,21,21,0,0,-21,21
455,118,21,21,0,0,-21,21
455,119,21,21,0,0,-21,21
29,301,87,93,6,72,-15,21
524,321,0,21,21,0,0,21
525,350,21,21,0,0,-21,21
152,216,140,158,18,137,-3,21
310,178,102,117,15,96,-6,21
454,452,21,21,0,0,-21,21
454,453,21,21,0,0,-21,21
454,454,21,21,0,0,-21,21
454,455,0,21,21,0,0,21
454,466,0,21,21,0,0,21
454,467,0,21,21,0,0,21
525,109,0,21,21,0,0,21
525,110,0,21,21,0,0,21
525,259,21,21,0,0,-21,21
525,260,17,21,4,0,-17,21
555,331,21,21,0,0,-21,21
554,506,21,21,0,0,-21,21
554,507,0,21,21,0,0,21
554,508,0,21,21,0,0,21
554,513,0,21,21,0,0,21
294,222,70,82,12,61,-9,21
554,514,0,21,21,0,0,21
554,515,0,21,21,0,0,21
554,516,0,21,21,0,0,21
554,532,0,21,21,0,0,21
140,376,61,74,13,53,-8,21
278,244,245,250,5,229,-16,21
525,461,21,21,0,0,-21,21
525,498,21,21,0,0,-21,21
525,499,0,21,21,0,0,21
525,526,0,21,21,0,0,21
525,527,0,21,21,0,0,21
74,236,56,64,8,43,-13,21
454,446,21,21,0,0,-21,21
454,447,21,21,0,0,-21,21
454,448,0,21,21,0,0,21
454,449,21,21,0,0,-21,21
51,237,70,85,15,64,-6,21
454,450,21,21,0,0,-21,21
454,451,21,21,0,0,-21,21
525,321,0,21,21,0,0,21
525,349,21,21,0,0,-21,21
152,213,157,164,7,143,-14,21
152,214,160,164,4,143,-17,21
526,108,21,21,0,0,-21,21
526,109,0,21,21,0,0,21
454,250,199,206,7,185,-14,21
246,255,105,122,17,101,-4,21
525,351,0,21,21,0,0,21
525,352,0,21,21,0,0,21
525,353,21,21,0,0,-21,21
525,354,21,21,0,0,-21,21
525,409,21,21,0,0,-21,21
525,410,0,21,21,0,0,21
525,460,0,21,21,0,0,21
309,293,167,170,3,149,-18,21
526,349,21,21,0,0,-21,21
526,350,0,21,21,0,0,21
526,351,0,21,21,0,0,21
453,447,21,21,0,0,-21,21
453,448,0,21,21,0,0,21
453,449,21,21,0,0,-21,21
453,454,21,21,0,0,-21,21
453,455,0,21,21,0,0,21
453,467,0,21,21,0,0,21
88,241,145,155,10,134,-11,21
452,456,0,21,21,0,0,21
452,467,0,21,21,0,0,21
526,260,21,21,0,0,-21,21
526,261,0,21,21,0,0,21
526,321,0,21,21,0,0,21
129,326,156,162,6,141,-15,21
554,331,21,21,0,0,-21,21
554,332,0,21,21,0,0,21
554,333,0,21,21,0,0,21
554,336,0,21,21,0,0,21
554,337,0,21,21,0,0,21
554,338,21,21,0,0,-21,21
554,372,21,21,0,0,-21,21
554,373,21,21,0,0,-21,21
554,374,0,21,21,0,0,21
554,375,0,21,21,0,0,21
554,376,0,21,21,0,0,21
554,459,0,21,21,0,0,21
526,353,21,21,0,0,-21,21
526,409,21,21,0,0,-21,21
526,410,0,21,21,0,0,21
526,460,0,21,21,0,0,21
526,461,21,21,0,0,-21,21
526,498,21,21,0,0,-21,21
526,499,0,21,21,0,0,21
526,527,0,21,21,0,0,21
527,108,21,21,0,0,-21,21
527,109,0,21,21,0,0,21
527,260,21,21,0,0,-21,21
452,447,21,21,0,0,-21,21
452,448,0,21,21,0,0,21
452,449,21,21,0,0,-21,21
452,454,21,21,0,0,-21,21
452,455,0,21,21,0,0,21
185,362,98,114,16,93,-5,21
347,235,215,225,10,204,-11,21
527,261,0,21,21,0,0,21
151,306,66,82,16,61,-5,21
309,176,118,123,5,102,-16,21
526,352,0,21,21,0,0,21
554,460,21,21,0,0,-21,21
405,242,205,213,8,192,-13,21
237,355,78,93,15,72,-6,21
405,479,21,21,0,0,-21,21
405,480,21,21,0,0,-21,21
361,305,21,21,0,0,-21,21
554,269,21,21,0,0,-21,21
554,270,21,21,0,0,-21,21
554,271,0,21,21,0,0,21
527,321,0,21,21,0,0,21
527,347,21,21,0,0,-21,21
527,348,21,21,0,0,-21,21
527,349,21,21,0,0,-21,21
527,350,0,21,21,0,0,21
527,351,0,21,21,0,0,21
527,352,21,21,0,0,-21,21
527,353,21,21,0,0,-21,21
527,407,21,21,0,0,-21,21
527,408,21,21,0,0,-21,21
527,409,21,21,0,0,-21,21
553,339,21,21,0,0,-21,21
553,373,21,21,0,0,-21,21
553,374,21,21,0,0,-21,21
553,375,21,21,0,0,-21,21
553,376,0,21,21,0,0,21
553,377,0,21,21,0,0,21
553,378,0,21,21,0,0,21
553,459,0,21,21,0,0,21
553,460,21,21,0,0,-21,21
553,504,21,21,0,0,-21,21
553,505,21,21,0,0,-21,21
553,506,21,21,0,0,-21,21
553,507,0,21,21,0,0,21
553,531,0,21,21,0,0,21
553,532,0,21,21,0,0,21
527,499,0,21,21,0,0,21
527,500,0,21,21,0,0,21
527,527,0,21,21,0,0,21
451,448,21,21,0,0,-21,21
451,449,21,21,0,0,-21,21
451,454,21,21,0,0,-21,21
451,455,21,21,0,0,-21,21
451,456,0,21,21,0,0,21
527,528,0,21,21,0,0,21
528,108,21,21,0,0,-21,21
528,109,0,21,21,0,0,21
186,225,161,175,14,154,-7,21
451,447,21,21,0,0,-21,21
527,410,0,21,21,0,0,21
527,460,0,21,21,0,0,21
527,461,21,21,0,0,-21,21
527,498,21,21,0,0,-21,21
361,306,0,21,21,0,0,21
361,307,21,21,0,0,-21,21
361,308,21,21,0,0,-21,21
361,320,214,219,5,198,-16,21
406,479,21,21,0,0,-21,21
406,480,0,21,21,0,0,21
553,268,21,21,0,0,-21,21
553,269,21,21,0,0,-21,21
528,260,21,21,0,0,-21,21
528,261,21,21,0,0,-21,21
528,262,0,21,21,0,0,21
73,344,21,21,0,0,-21,21
73,345,0,21,21,0,0,21
73,346,21,21,0,0,-21,21
347,307,21,21,0,0,-21,21
347,308,21,21,0,0,-21,21
553,270,0,21,21,0,0,21
553,271,0,21,21,0,0,21
553,331,21,21,0,0,-21,21
106,383,53,74,21,53,0,21
553,332,21,21,0,0,-21,21
553,333,0,21,21,0,0,21
553,334,0,21,21,0,0,21
553,337,0,21,21,0,0,21
553,338,21,21,0,0,-21,21
407,317,21,21,0,0,-21,21
552,506,0,21,21,0,0,21
308,183,99,116,17,95,-4,21
308,194,64,85,21,64,0,21
528,351,21,21,0,0,-21,21
528,352,21,21,0,0,-21,21
528,406,21,21,0,0,-21,21
528,407,21,21,0,0,-21,21
528,408,0,21,21,0,0,21
73,348,21,21,0,0,-21,21
73,349,0,21,21,0,0,21
73,350,21,21,0,0,-21,21
73,351,21,21,0,0,-21,21
528,321,21,21,0,0,-21,21
187,220,253,253,0,232,-21,21
347,361,210,229,19,208,-2,21
450,388,0,21,21,0,0,21
450,454,21,21,0,0,-21,21
450,455,21,21,0,0,-21,21
450,456,0,21,21,0,0,21
450,468,0,21,21,0,0,21
528,347,21,21,0,0,-21,21
528,348,0,21,21,0,0,21
528,349,0,21,21,0,0,21
528,350,0,21,21,0,0,21
348,235,215,224,9,203,-12,21
187,287,170,177,7,156,-14,21
449,451,21,21,0,0,-21,21
449,452,21,21,0,0,-21,21
449,453,21,21,0,0,-21,21
449,454,21,21,0,0,-21,21
449,455,0,21,21,0,0,21
449,456,0,21,21,0,0,21
449,468,0,21,21,0,0,21
295,222,70,80,10,59,-11,21
552,507,0,21,21,0,0,21
552,531,0,21,21,0,0,21
552,532,21,21,0,0,-21,21
407,479,21,21,0,0,-21,21
408,277,238,238,0,217,-21,21
408,317,21,21,0,0,-21,21
408,327,206,215,9,194,-12,21
552,334,0,21,21,0,0,21
552,337,0,21,21,0,0,21
528,409,0,21,21,0,0,21
528,410,0,21,21,0,0,21
528,460,0,21,21,0,0,21
528,461,21,21,0,0,-21,21
528,498,21,21,0,0,-21,21
528,499,21,21,0,0,-21,21
528,500,0,21,21,0,0,21
528,501,0,21,21,0,0,21
528,528,0,21,21,0,0,21
529,108,21,21,0,0,-21,21
529,109,0,21,21,0,0,21
529,261,21,21,0,0,-21,21
529,262,21,21,0,0,-21,21
151,246,129,139,10,118,-11,21
529,351,21,21,0,0,-21,21
529,406,21,21,0,0,-21,21
529,407,0,21,21,0,0,21
529,408,0,21,21,0,0,21
529,459,0,21,21,0,0,21
529,460,0,21,21,0,0,21
529,461,21,21,0,0,-21,21
73,341,21,21,0,0,-21,21
73,342,21,21,0,0,-21,21
73,343,21,21,0,0,-21,21
187,294,173,184,11,163,-10,21
552,338,0,21,21,0,0,21
552,339,21,21,0,0,-21,21
552,340,21,21,0,0,-21,21
552,375,21,21,0,0,-21,21
552,376,21,21,0,0,-21,21
552,377,21,21,0,0,-21,21
552,378,0,21,21,0,0,21
552,379,0,21,21,0,0,21
552,459,0,21,21,0,0,21
552,460,21,21,0,0,-21,21
552,503,21,21,0,0,-21,21
552,504,21,21,0,0,-21,21
552,505,0,21,21,0,0,21
408,479,21,21,0,0,-21,21
409,242,197,206,9,185,-12,21
360,305,21,21,0,0,-21,21
448,453,0,21,21,0,0,21
448,454,0,21,21,0,0,21
448,455,0,21,21,0,0,21
448,468,0,21,21,0,0,21
133,285,180,186,6,165,-15,21
52,279,56,64,8,43,-13,21
529,346,21,21,0,0,-21,21
529,347,21,21,0,0,-21,21
529,348,0,21,21,0,0,21
529,349,0,21,21,0,0,21
529,350,0,21,21,0,0,21
529,499,21,21,0,0,-21,21
529,500,21,21,0,0,-21,21
529,501,0,21,21,0,0,21
530,107,21,21,0,0,-21,21
530,108,21,21,0,0,-21,21
530,109,0,21,21,0,0,21
530,262,21,21,0,0,-21,21
448,389,0,21,21,0,0,21
448,451,21,21,0,0,-21,21
448,452,0,21,21,0,0,21
447,453,0,21,21,0,0,21
447,468,0,21,21,0,0,21
348,328,207,213,6,192,-15,21
348,331,205,213,8,192,-13,21
274,298,85,95,10,74,-11,21
307,195,70,85,15,64,-6,21
530,346,21,21,0,0,-21,21
360,306,21,21,0,0,-21,21
360,307,21,21,0,0,-21,21
145,279,89,93,4,72,-17,21
295,333,101,103,2,82,-19,21
295,334,103,103,0,82,-21,21
552,332,21,21,0,0,-21,21
552,333,21,21,0,0,-21,21
95,387,254,254,0,233,-21,21
409,317,21,21,0,0,-21,21
530,347,0,21,21,0,0,21
530,348,0,21,21,0,0,21
530,349,0,21,21,0,0,21
530,350,21,21,0,0,-21,21
530,351,21,21,0,0,-21,21
530,406,21,21,0,0,-21,21
89,242,155,166,11,145,-10,21
89,243,160,170,10,149,-11,21
188,220,253,253,0,232,-21,21
409,327,208,216,8,195,-13,21
410,317,21,21,0,0,-21,21
551,380,0,21,21,0,0,21
551,459,0,21,21,0,0,21
551,460,21,21,0,0,-21,21
551,503,21,21,0,0,-21,21
551,504,0,21,21,0,0,21
551,505,0,21,21,0,0,21
551,531,0,21,21,0,0,21
551,532,21,21,0,0,-21,21
446,452,21,21,0,0,-21,21
446,453,0,21,21,0,0,21
446,454,0,21,21,0,0,21
446,455,0,21,21,0,0,21
446,456,0,21,21,0,0,21
446,457,0,21,21,0,0,21
188,311,78,87,9,66,-12,21
188,317,82,93,11,72,-10,21
188,294,167,175,8,154,-13,21
188,280,189,193,4,172,-17,21
447,451,21,21,0,0,-21,21
447,452,0,21,21,0,0,21
530,407,0,21,21,0,0,21
530,459,0,21,21,0,0,21
530,460,21,21,0,0,-21,21
530,461,21,21,0,0,-21,21
530,500,21,21,0,0,-21,21
530,501,0,21,21,0,0,21
530,529,0,21,21,0,0,21
531,107,21,21,0,0,-21,21
531,108,0,21,21,0,0,21
531,109,0,21,21,0,0,21
531,262,21,21,0,0,-21,21
531,263,0,21,21,0,0,21
446,390,0,21,21,0,0,21
446,451,21,21,0,0,-21,21
551,533,21,21,0,0,-21,21
552,268,21,21,0,0,-21,21
552,269,0,21,21,0,0,21
552,270,0,21,21,0,0,21
239,243,167,180,13,159,-8,21
411,317,21,21,0,0,-21,21
411,327,212,220,8,199,-13,21
551,333,21,21,0,0,-21,21
551,334,0,21,21,0,0,21
551,335,0,21,21,0,0,21
551,338,0,21,21,0,0,21
150,299,185,194,9,173,-12,21
150,310,68,80,12,59,-9,21
150,288,142,151,9,130,-12,21
189,220,253,253,0,232,-21,21
446,249,194,203,9,182,-12,21
188,362,106,116,10,95,-11,21
551,339,0,21,21,0,0,21
551,340,21,21,0,0,-21,21
19,342,253,253,0,232,-21,21
551,377,21,21,0,0,-21,21
551,378,21,21,0,0,-21,21
551,379,0,21,21,0,0,21
411,477,21,21,0,0,-21,21
411,478,21,21,0,0,-21,21
70,324,21,21,0,0,-21,21
70,325,0,21,21,0,0,21
70,326,0,21,21,0,0,21
70,327,0,21,21,0,0,21
445,390,0,21,21,0,0,21
445,452,21,21,0,0,-21,21
445,453,21,21,0,0,-21,21
445,454,21,21,0,0,-21,21
445,455,21,21,0,0,-21,21
445,456,21,21,0,0,-21,21
445,457,0,21,21,0,0,21
445,458,0,21,21,0,0,21
445,469,0,21,21,0,0,21
27,288,64,82,18,61,-3,21
531,345,21,21,0,0,-21,21
531,346,21,21,0,0,-21,21
531,347,0,21,21,0,0,21
531,348,0,21,21,0,0,21
531,349,0,21,21,0,0,21
531,350,21,21,0,0,-21,21
531,405,21,21,0,0,-21,21
531,406,21,21,0,0,-21,21
531,407,0,21,21,0,0,21
531,459,0,21,21,0,0,21
550,503,21,21,0,0,-21,21
550,504,0,21,21,0,0,21
550,531,0,21,21,0,0,21
550,532,21,21,0,0,-21,21
145,301,159,164,5,143,-16,21
140,313,74,85,11,64,-10,21
550,533,21,21,0,0,-21,21
551,268,21,21,0,0,-21,21
551,269,0,21,21,0,0,21
70,328,0,21,21,0,0,21
70,329,0,21,21,0,0,21
70,330,0,21,21,0,0,21
70,331,21,21,0,0,-21,21
444,459,0,21,21,0,0,21
444,469,0,21,21,0,0,21
243,349,64,85,21,64,0,21
189,317,78,87,9,66,-12,21
531,460,21,21,0,0,-21,21
531,500,21,21,0,0,-21,21
531,501,0,21,21,0,0,21
531,529,0,21,21,0,0,21
532,106,21,21,0,0,-21,21
532,107,21,21,0,0,-21,21
532,108,0,21,21,0,0,21
190,235,150,166,16,145,-5,21
189,369,74,82,8,61,-13,21
138,290,158,167,9,146,-12,21
532,262,21,21,0,0,-21,21
532,263,21,21,0,0,-21,21
150,217,163,169,6,148,-15,21
306,185,109,116,7,95,-14,21
444,390,0,21,21,0,0,21
444,391,0,21,21,0,0,21
444,456,21,21,0,0,-21,21
444,457,21,21,0,0,-21,21
444,458,0,21,21,0,0,21
443,459,0,21,21,0,0,21
443,526,254,254,0,233,-21,21
532,345,21,21,0,0,-21,21
532,346,0,21,21,0,0,21
532,347,0,21,21,0,0,21
532,348,0,21,21,0,0,21
532,349,21,21,0,0,-21,21
532,350,21,21,0,0,-21,21
532,404,21,21,0,0,-21,21
532,405,21,21,0,0,-21,21
532,406,0,21,21,0,0,21
532,407,0,21,21,0,0,21
532,459,0,21,21,0,0,21
533,263,21,21,0,0,-21,21
532,460,21,21,0,0,-21,21
532,500,21,21,0,0,-21,21
532,501,0,21,21,0,0,21
532,529,0,21,21,0,0,21
533,106,21,21,0,0,-21,21
533,107,0,21,21,0,0,21
533,108,0,21,21,0,0,21
26,311,70,82,12,61,-9,21
149,344,74,74,0,53,-21,21
149,346,72,85,13,64,-8,21
70,332,21,21,0,0,-21,21
70,341,0,21,21,0,0,21
412,317,21,21,0,0,-21,21
359,360,223,234,11,213,-10,21
412,477,21,21,0,0,-21,21
412,478,0,21,21,0,0,21
550,335,0,21,21,0,0,21
550,339,0,21,21,0,0,21
533,347,0,21,21,0,0,21
533,348,0,21,21,0,0,21
533,349,21,21,0,0,-21,21
533,402,21,21,0,0,-21,21
533,403,21,21,0,0,-21,21
533,404,21,21,0,0,-21,21
533,405,0,21,21,0,0,21
533,406,0,21,21,0,0,21
443,391,0,21,21,0,0,21
443,457,21,21,0,0,-21,21
443,458,21,21,0,0,-21,21
305,361,127,135,8,114,-13,21
550,340,21,21,0,0,-21,21
550,341,21,21,0,0,-21,21
550,378,21,21,0,0,-21,21
550,379,21,21,0,0,-21,21
550,380,0,21,21,0,0,21
550,381,0,21,21,0,0,21
550,459,0,21,21,0,0,21
550,460,21,21,0,0,-21,21
550,502,21,21,0,0,-21,21
413,317,21,21,0,0,-21,21
413,476,21,21,0,0,-21,21
413,477,21,21,0,0,-21,21
149,298,191,199,8,178,-13,21
533,500,21,21,0,0,-21,21
533,501,0,21,21,0,0,21
533,529,0,21,21,0,0,21
534,106,21,21,0,0,-21,21
305,186,115,120,5,99,-16,21
190,317,76,85,9,64,-12,21
533,344,21,21,0,0,-21,21
533,345,21,21,0,0,-21,21
533,346,0,21,21,0,0,21
149,284,119,133,14,112,-7,21
534,107,0,21,21,0,0,21
534,263,21,21,0,0,-21,21
534,264,0,21,21,0,0,21
350,266,209,215,6,194,-15,21
442,391,0,21,21,0,0,21
442,458,21,21,0,0,-21,21
442,459,0,21,21,0,0,21
442,460,0,21,21,0,0,21
442,470,0,21,21,0,0,21
533,459,0,21,21,0,0,21
533,460,21,21,0,0,-21,21
149,293,179,188,9,167,-12,21
534,343,21,21,0,0,-21,21
534,344,21,21,0,0,-21,21
534,345,0,21,21,0,0,21
442,346,211,226,15,205,-6,21
73,238,64,74,10,53,-11,21
413,478,0,21,21,0,0,21
140,325,61,64,3,43,-18,21
145,309,68,80,12,59,-9,21
296,268,246,246,0,225,-21,21
145,317,50,64,14,43,-7,21
550,334,21,21,0,0,-21,21
414,317,21,21,0,0,-21,21
359,236,212,219,7,198,-14,21
414,328,214,223,9,202,-12,21
441,458,21,21,0,0,-21,21
441,459,21,21,0,0,-21,21
441,460,0,21,21,0,0,21
441,461,0,21,21,0,0,21
441,470,0,21,21,0,0,21
191,315,78,85,7,64,-14,21
116,367,66,74,8,53,-13,21
296,364,115,119,4,98,-17,21
296,333,93,103,10,82,-11,21
296,345,174,188,14,167,-7,21
550,333,21,21,0,0,-21,21
70,346,0,21,21,0,0,21
70,347,0,21,21,0,0,21
70,348,21,21,0,0,-21,21
414,476,21,21,0,0,-21,21
414,477,0,21,21,0,0,21
350,338,213,221,8,200,-13,21
534,346,0,21,21,0,0,21
534,347,0,21,21,0,0,21
534,348,21,21,0,0,-21,21
534,349,21,21,0,0,-21,21
534,401,21,21,0,0,-21,21
534,402,21,21,0,0,-21,21
534,403,0,21,21,0,0,21
534,404,0,21,21,0,0,21
534,405,0,21,21,0,0,21
534,459,0,21,21,0,0,21
534,460,21,21,0,0,-21,21
534,500,21,21,0,0,-21,21
534,501,0,21,21,0,0,21
534,529,0,21,21,0,0,21
415,243,191,200,9,179,-12,21
70,343,0,21,21,0,0,21
70,344,0,21,21,0,0,21
70,345,21,21,0,0,-21,21
239,290,167,176,9,155,-12,21
549,381,0,21,21,0,0,21
549,382,0,21,21,0,0,21
549,383,0,21,21,0,0,21
549,459,0,21,21,0,0,21
549,460,21,21,0,0,-21,21
549,502,21,21,0,0,-21,21
549,503,0,21,21,0,0,21
549,504,0,21,21,0,0,21
20,308,43,64,21,43,0,21
535,106,21,21,0,0,-21,21
535,107,0,21,21,0,0,21
535,263,21,21,0,0,-21,21
535,264,0,21,21,0,0,21
304,318,128,131,3,110,-18,21
441,392,0,21,21,0,0,21
440,460,21,21,0,0,-21,21
440,461,0,21,21,0,0,21
304,319,128,131,3,110,-18,21
535,343,21,21,0,0,-21,21
535,344,0,21,21,0,0,21
535,345,0,21,21,0,0,21
535,346,0,21,21,0,0,21
535,347,0,21,21,0,0,21
535,348,21,21,0,0,-21,21
535,400,21,21,0,0,-21,21
535,401,21,21,0,0,-21,21
535,402,0,21,21,0,0,21
535,403,0,21,21,0,0,21
440,470,0,21,21,0,0,21
25,311,70,82,12,61,-9,21
535,500,21,21,0,0,-21,21
440,248,190,199,9,178,-12,21
192,317,66,80,14,59,-7,21
440,392,0,21,21,0,0,21
440,459,21,21,0,0,-21,21
549,531,0,21,21,0,0,21
549,532,21,21,0,0,-21,21
550,268,21,21,0,0,-21,21
550,269,0,21,21,0,0,21
70,342,0,21,21,0,0,21
415,317,21,21,0,0,-21,21
415,329,206,218,12,197,-9,21
415,401,0,21,21,0,0,21
415,476,21,21,0,0,-21,21
415,477,0,21,21,0,0,21
535,528,0,21,21,0,0,21
535,529,0,21,21,0,0,21
535,530,21,21,0,0,-21,21
192,364,127,135,8,114,-13,21
535,459,0,21,21,0,0,21
535,460,21,21,0,0,-21,21
25,301,106,116,10,95,-11,21
549,334,21,21,0,0,-21,21
549,335,0,21,21,0,0,21
549,336,0,21,21,0,0,21
549,339,0,21,21,0,0,21
549,340,0,21,21,0,0,21
549,341,21,21,0,0,-21,21
549,379,21,21,0,0,-21,21
549,380,21,21,0,0,-21,21
70,383,253,253,0,232,-21,21
536,106,21,21,0,0,-21,21
536,107,0,21,21,0,0,21
536,263,21,21,0,0,-21,21
536,264,0,21,21,0,0,21
72,347,21,21,0,0,-21,21
72,348,21,21,0,0,-21,21
439,460,21,21,0,0,-21,21
439,461,0,21,21,0,0,21
439,462,0,21,21,0,0,21
439,463,0,21,21,0,0,21
439,464,0,21,21,0,0,21
72,344,21,21,0,0,-21,21
72,345,0,21,21,0,0,21
535,501,0,21,21,0,0,21
535,527,0,21,21,0,0,21
536,343,21,21,0,0,-21,21
303,362,119,130,11,109,-10,21
275,295,105,114,9,93,-12,21
275,296,101,110,9,89,-12,21
275,297,95,106,11,85,-10,21
536,344,0,21,21,0,0,21
193,324,150,158,8,137,-13,21
439,393,0,21,21,0,0,21
72,346,21,21,0,0,-21,21
536,105,21,21,0,0,-21,21
416,243,187,196,9,175,-12,21
416,317,21,21,0,0,-21,21
416,476,21,21,0,0,-21,21
416,477,0,21,21,0,0,21
417,243,183,192,9,171,-12,21
548,385,0,21,21,0,0,21
548,459,0,21,21,0,0,21
548,460,21,21,0,0,-21,21
548,502,21,21,0,0,-21,21
548,503,0,21,21,0,0,21
438,464,0,21,21,0,0,21
438,471,0,21,21,0,0,21
536,346,0,21,21,0,0,21
536,347,21,21,0,0,-21,21
536,348,21,21,0,0,-21,21
536,398,21,21,0,0,-21,21
536,399,21,21,0,0,-21,21
148,293,175,185,10,164,-11,21
148,300,168,182,14,161,-7,21
193,363,114,127,13,106,-8,21
548,531,0,21,21,0,0,21
548,532,21,21,0,0,-21,21
549,268,21,21,0,0,-21,21
549,269,0,21,21,0,0,21
205,309,134,146,12,125,-9,21
417,476,21,21,0,0,-21,21
417,477,21,21,0,0,-21,21
418,243,178,188,10,167,-11,21
418,400,0,21,21,0,0,21
548,334,21,21,0,0,-21,21
548,335,21,21,0,0,-21,21
548,336,0,21,21,0,0,21
548,337,0,21,21,0,0,21
536,459,0,21,21,0,0,21
536,460,21,21,0,0,-21,21
536,500,21,21,0,0,-21,21
536,501,0,21,21,0,0,21
536,527,0,21,21,0,0,21
536,528,21,21,0,0,-21,21
303,285,173,173,0,152,-21,21
536,529,21,21,0,0,-21,21
72,331,0,21,21,0,0,21
72,332,21,21,0,0,-21,21
438,393,0,21,21,0,0,21
438,460,21,21,0,0,-21,21
438,461,21,21,0,0,-21,21
438,462,21,21,0,0,-21,21
438,463,21,21,0,0,-21,21
437,463,21,21,0,0,-21,21
437,464,0,21,21,0,0,21
437,471,0,21,21,0,0,21
194,318,61,80,19,59,-2,21
72,341,21,21,0,0,-21,21
72,342,0,21,21,0,0,21
72,343,21,21,0,0,-21,21
351,334,213,221,8,200,-13,21
351,338,207,221,14,200,-7,21
72,330,0,21,21,0,0,21
536,400,21,21,0,0,-21,21
536,401,0,21,21,0,0,21
536,402,0,21,21,0,0,21
139,303,148,158,10,137,-11,21
536,530,21,21,0,0,-21,21
537,105,21,21,0,0,-21,21
537,106,0,21,21,0,0,21
537,107,0,21,21,0,0,21
148,285,116,126,10,105,-11,21
303,284,171,173,2,152,-19,21
194,363,115,127,12,106,-9,21
548,340,0,21,21,0,0,21
548,341,21,21,0,0,-21,21
548,342,21,21,0,0,-21,21
548,380,21,21,0,0,-21,21
548,381,21,21,0,0,-21,21
548,382,21,21,0,0,-21,21
297,221,76,85,9,64,-12,21
548,383,0,21,21,0,0,21
548,384,0,21,21,0,0,21
419,337,217,225,8,204,-13,21
537,344,0,21,21,0,0,21
537,346,0,21,21,0,0,21
537,347,21,21,0,0,-21,21
437,394,0,21,21,0,0,21
194,324,148,156,8,135,-13,21
537,263,21,21,0,0,-21,21
537,264,21,21,0,0,-21,21
537,265,0,21,21,0,0,21
538,104,21,21,0,0,-21,21
242,248,151,156,5,135,-16,21
436,394,0,21,21,0,0,21
436,463,21,21,0,0,-21,21
436,464,0,21,21,0,0,21
436,465,0,21,21,0,0,21
436,466,0,21,21,0,0,21
130,384,254,254,0,233,-21,21
537,342,21,21,0,0,-21,21
537,343,21,21,0,0,-21,21
140,290,149,156,7,135,-14,21
548,103,12,21,9,0,-12,21
548,268,21,21,0,0,-21,21
297,330,107,111,4,90,-17,21
548,269,0,21,21,0,0,21
419,400,0,21,21,0,0,21
420,72,37,38,1,17,-20,21
357,313,66,85,19,64,-2,21
547,502,21,21,0,0,-21,21
547,503,0,21,21,0,0,21
547,530,0,21,21,0,0,21
435,466,0,21,21,0,0,21
435,472,0,21,21,0,0,21
537,397,21,21,0,0,-21,21
537,398,21,21,0,0,-21,21
537,399,0,21,21,0,0,21
537,400,0,21,21,0,0,21
537,401,0,21,21,0,0,21
537,459,0,21,21,0,0,21
537,460,21,21,0,0,-21,21
537,500,21,21,0,0,-21,21
537,501,0,21,21,0,0,21
537,502,0,21,21,0,0,21
537,527,0,21,21,0,0,21
537,528,21,21,0,0,-21,21
537,530,21,21,0,0,-21,21
538,342,21,21,0,0,-21,21
538,105,21,21,0,0,-21,21
538,106,0,21,21,0,0,21
302,412,254,254,0,233,-21,21
303,180,253,254,1,233,-20,21
538,264,21,21,0,0,-21,21
538,265,0,21,21,0,0,21
24,307,74,85,11,64,-10,21
24,308,72,85,13,64,-8,21
435,394,0,21,21,0,0,21
435,395,0,21,21,0,0,21
435,463,21,21,0,0,-21,21
435,464,21,21,0,0,-21,21
435,465,21,21,0,0,-21,21
196,235,151,165,14,144,-7,21
352,335,217,223,6,202,-15,21
435,248,194,203,9,182,-12,21
147,389,250,253,3,232,-18,21
538,341,21,21,0,0,-21,21
547,531,0,21,21,0,0,21
548,102,15,21,6,0,-15,21
204,295,173,184,11,163,-10,21
57,247,68,74,6,53,-15,21
547,336,21,21,0,0,-21,21
547,337,0,21,21,0,0,21
547,340,0,21,21,0,0,21
547,341,0,21,21,0,0,21
547,342,21,21,0,0,-21,21
547,343,21,21,0,0,-21,21
538,398,0,21,21,0,0,21
538,399,0,21,21,0,0,21
538,459,0,21,21,0,0,21
538,460,21,21,0,0,-21,21
538,500,21,21,0,0,-21,21
538,501,21,21,0,0,-21,21
538,502,0,21,21,0,0,21
538,527,0,21,21,0,0,21
434,395,0,21,21,0,0,21
434,465,21,21,0,0,-21,21
434,466,0,21,21,0,0,21
434,467,0,21,21,0,0,21
434,468,0,21,21,0,0,21
434,469,0,21,21,0,0,21
434,472,0,21,21,0,0,21
433,471,0,21,21,0,0,21
433,472,0,21,21,0,0,21
196,301,78,85,7,64,-14,21
196,316,64,82,18,61,-3,21
302,323,116,133,17,112,-4,21
538,343,0,21,21,0,0,21
538,344,0,21,21,0,0,21
538,345,0,21,21,0,0,21
538,346,0,21,21,0,0,21
538,347,21,21,0,0,-21,21
538,396,21,21,0,0,-21,21
538,397,21,21,0,0,-21,21
547,382,21,21,0,0,-21,21
547,383,21,21,0,0,-21,21
547,384,21,21,0,0,-21,21
547,385,0,21,21,0,0,21
547,386,0,21,21,0,0,21
547,387,0,21,21,0,0,21
547,459,0,21,21,0,0,21
547,460,21,21,0,0,-21,21
420,475,21,21,0,0,-21,21
420,476,21,21,0,0,-21,21
421,72,38,38,0,17,-21,21
57,234,56,64,8,43,-13,21
139,313,76,87,11,66,-10,21
24,277,134,144,10,123,-11,21
538,528,21,21,0,0,-21,21
538,530,21,21,0,0,-21,21
539,104,21,21,0,0,-21,21
539,105,0,21,21,0,0,21
539,106,0,21,21,0,0,21
539,264,21,21,0,0,-21,21
539,265,0,21,21,0,0,21
24,273,148,154,6,133,-15,21
24,276,129,144,15,123,-6,21
139,338,78,85,7,64,-14,21
433,468,21,21,0,0,-21,21
433,469,0,21,21,0,0,21
433,470,0,21,21,0,0,21
539,346,21,21,0,0,-21,21
539,347,21,21,0,0,-21,21
539,395,21,21,0,0,-21,21
539,396,21,21,0,0,-21,21
539,397,0,21,21,0,0,21
539,398,0,21,21,0,0,21
539,459,0,21,21,0,0,21
55,265,78,82,4,61,-17,21
353,89,70,80,10,59,-11,21
433,395,0,21,21,0,0,21
433,465,21,21,0,0,-21,21
433,466,21,21,0,0,-21,21
433,467,21,21,0,0,-21,21
139,339,78,85,7,64,-14,21
139,340,84,87,3,66,-18,21
432,470,21,21,0,0,-21,21
432,471,0,21,21,0,0,21
197,299,90,101,11,80,-10,21
197,301,72,85,13,64,-8,21
353,251,224,227,3,206,-18,21
432,472,0,21,21,0,0,21
539,340,21,21,0,0,-21,21
539,341,21,21,0,0,-21,21
539,342,0,21,21,0,0,21
539,343,0,21,21,0,0,21
539,345,0,21,21,0,0,21
539,460,21,21,0,0,-21,21
539,501,21,21,0,0,-21,21
539,502,0,21,21,0,0,21
539,527,0,21,21,0,0,21
539,528,21,21,0,0,-21,21
539,530,21,21,0,0,-21,21
147,293,171,181,10,160,-11,21
147,294,177,188,11,167,-10,21
353,306,21,21,0,0,-21,21
432,468,21,21,0,0,-21,21
432,469,21,21,0,0,-21,21
140,304,137,148,11,127,-10,21
547,335,21,21,0,0,-21,21
203,309,118,127,9,106,-12,21
203,310,119,127,8,106,-13,21
421,475,21,21,0,0,-21,21
431,473,0,21,21,0,0,21
540,104,21,21,0,0,-21,21
540,105,0,21,21,0,0,21
540,264,21,21,0,0,-21,21
540,265,21,21,0,0,-21,21
432,395,0,21,21,0,0,21
432,396,0,21,21,0,0,21
146,222,66,82,16,61,-5,21
547,102,21,21,0,0,-21,21
547,103,0,21,21,0,0,21
547,268,21,21,0,0,-21,21
21,301,61,74,13,53,-8,21
203,297,160,167,7,146,-14,21
130,276,189,194,5,173,-16,21
540,341,0,21,21,0,0,21
540,342,0,21,21,0,0,21
540,344,0,21,21,0,0,21
540,345,0,21,21,0,0,21
540,346,21,21,0,0,-21,21
540,394,21,21,0,0,-21,21
540,395,21,21,0,0,-21,21
540,396,0,21,21,0,0,21
540,397,0,21,21,0,0,21
431,396,0,21,21,0,0,21
431,470,21,21,0,0,-21,21
431,471,21,21,0,0,-21,21
431,472,0,21,21,0,0,21
546,384,21,21,0,0,-21,21
546,385,21,21,0,0,-21,21
546,386,21,21,0,0,-21,21
546,387,0,21,21,0,0,21
546,388,0,21,21,0,0,21
546,459,0,21,21,0,0,21
546,460,21,21,0,0,-21,21
546,502,21,21,0,0,-21,21
546,503,0,21,21,0,0,21
546,530,0,21,21,0,0,21
546,531,21,21,0,0,-21,21
277,243,246,252,6,231,-15,21
540,502,0,21,21,0,0,21
540,527,0,21,21,0,0,21
540,528,21,21,0,0,-21,21
540,529,21,21,0,0,-21,21
540,530,21,21,0,0,-21,21
541,104,21,21,0,0,-21,21
541,105,0,21,21,0,0,21
541,265,21,21,0,0,-21,21
541,266,0,21,21,0,0,21
540,266,0,21,21,0,0,21
540,340,21,21,0,0,-21,21
430,471,21,21,0,0,-21,21
430,472,0,21,21,0,0,21
430,473,0,21,21,0,0,21
147,284,105,116,11,95,-10,21
147,286,111,122,11,101,-10,21
147,288,122,135,13,114,-8,21
541,339,21,21,0,0,-21,21
241,248,142,156,14,135,-7,21
198,302,68,80,12,59,-9,21
540,459,0,21,21,0,0,21
540,460,21,21,0,0,-21,21
540,501,21,21,0,0,-21,21
354,91,43,64,21,43,0,21
541,340,21,21,0,0,-21,21
541,341,0,21,21,0,0,21
541,344,0,21,21,0,0,21
541,345,21,21,0,0,-21,21
541,346,21,21,0,0,-21,21
541,392,21,21,0,0,-21,21
541,393,21,21,0,0,-21,21
541,394,21,21,0,0,-21,21
354,92,50,64,14,43,-7,21
430,396,0,21,21,0,0,21
422,474,21,21,0,0,-21,21
422,475,21,21,0,0,-21,21
423,245,175,184,9,163,-12,21
356,324,215,221,6,200,-15,21
423,337,201,215,14,194,-7,21
202,312,115,122,7,101,-14,21
140,285,99,110,11,89,-10,21
545,531,21,21,0,0,-21,21
541,395,0,21,21,0,0,21
541,396,0,21,21,0,0,21
541,459,0,21,21,0,0,21
541,460,21,21,0,0,-21,21
541,501,21,21,0,0,-21,21
541,502,0,21,21,0,0,21
541,527,0,21,21,0,0,21
541,528,0,21,21,0,0,21
541,529,21,21,0,0,-21,21
541,530,21,21,0,0,-21,21
542,103,21,21,0,0,-21,21
542,104,21,21,0,0,-21,21
542,105,0,21,21,0,0,21
542,341,0,21,21,0,0,21
542,343,0,21,21,0,0,21
542,344,0,21,21,0,0,21
542,345,21,21,0,0,-21,21
542,391,21,21,0,0,-21,21
542,392,21,21,0,0,-21,21
542,393,0,21,21,0,0,21
542,394,0,21,21,0,0,21
542,395,0,21,21,0,0,21
542,459,0,21,21,0,0,21
429,396,0,21,21,0,0,21
429,397,0,21,21,0,0,21
429,471,21,21,0,0,-21,21
429,472,21,21,0,0,-21,21
429,473,0,21,21,0,0,21
546,102,21,21,0,0,-21,21
546,103,0,21,21,0,0,21
546,267,21,21,0,0,-21,21
546,268,21,21,0,0,-21,21
546,336,21,21,0,0,-21,21
546,337,0,21,21,0,0,21
546,341,0,21,21,0,0,21
546,342,0,21,21,0,0,21
546,343,21,21,0,0,-21,21
202,318,132,141,9,120,-12,21
423,474,21,21,0,0,-21,21
423,475,0,21,21,0,0,21
428,472,21,21,0,0,-21,21
428,473,0,21,21,0,0,21
429,339,197,215,18,194,-3,21
354,307,21,21,0,0,-21,21
542,265,21,21,0,0,-21,21
542,266,21,21,0,0,-21,21
542,339,21,21,0,0,-21,21
542,340,0,21,21,0,0,21
542,460,21,21,0,0,-21,21
542,501,21,21,0,0,-21,21
542,502,0,21,21,0,0,21
140,237,143,154,11,133,-10,21
147,215,170,180,10,159,-11,21
23,255,251,253,2,232,-19,21
542,503,0,21,21,0,0,21
542,528,0,21,21,0,0,21
542,529,0,21,21,0,0,21
543,103,21,21,0,0,-21,21
543,104,0,21,21,0,0,21
71,330,0,21,21,0,0,21
199,308,68,80,12,59,-9,21
199,309,66,80,14,59,-7,21
428,397,0,21,21,0,0,21
543,105,0,21,21,0,0,21
543,266,21,21,0,0,-21,21
543,267,0,21,21,0,0,21
543,337,21,21,0,0,-21,21
543,338,21,21,0,0,-21,21
71,344,21,21,0,0,-21,21
71,345,0,21,21,0,0,21
71,346,21,21,0,0,-21,21
71,347,0,21,21,0,0,21
71,348,0,21,21,0,0,21
71,327,21,21,0,0,-21,21
71,328,0,21,21,0,0,21
71,329,0,21,21,0,0,21
545,460,21,21,0,0,-21,21
545,502,21,21,0,0,-21,21
545,503,0,21,21,0,0,21
545,530,0,21,21,0,0,21
146,291,155,164,9,143,-12,21
140,260,131,131,0,110,-21,21
424,339,217,224,7,203,-14,21
545,337,0,21,21,0,0,21
545,338,0,21,21,0,0,21
545,342,0,21,21,0,0,21
545,343,21,21,0,0,-21,21
545,344,21,21,0,0,-21,21
545,386,21,21,0,0,-21,21
56,234,53,64,11,43,-10,21
355,91,43,64,21,43,0,21
199,321,128,138,10,117,-11,21
71,331,0,21,21,0,0,21
71,332,21,21,0,0,-21,21
71,341,21,21,0,0,-21,21
71,342,0,21,21,0,0,21
71,343,0,21,21,0,0,21
300,280,170,178,8,157,-13,21
543,343,0,21,21,0,0,21
543,344,21,21,0,0,-21,21
543,345,21,21,0,0,-21,21
543,388,21,21,0,0,-21,21
543,389,21,21,0,0,-21,21
543,390,21,21,0,0,-21,21
543,391,21,21,0,0,-21,21
543,392,0,21,21,0,0,21
543,393,0,21,21,0,0,21
427,474,0,21,21,0,0,21
355,261,223,229,6,208,-15,21
130,316,171,181,10,160,-11,21
428,65,254,254,0,233,-21,21
300,201,103,114,11,93,-10,21
300,212,89,101,12,80,-9,21
200,231,252,253,1,232,-20,21
427,397,0,21,21,0,0,21
427,472,21,21,0,0,-21,21
427,473,21,21,0,0,-21,21
543,339,21,21,0,0,-21,21
543,340,0,21,21,0,0,21
545,387,21,21,0,0,-21,21
545,388,0,21,21,0,0,21
545,389,0,21,21,0,0,21
545,459,0,21,21,0,0,21
424,474,21,21,0,0,-21,21
424,475,0,21,21,0,0,21
425,276,225,226,1,205,-20,21
299,280,176,178,2,157,-19,21
22,287,78,93,15,72,-6,21
545,102,21,21,0,0,-21,21
545,103,0,21,21,0,0,21
545,104,0,21,21,0,0,21
543,502,21,21,0,0,-21,21
543,503,0,21,21,0,0,21
543,529,0,21,21,0,0,21
544,102,21,21,0,0,-21,21
544,103,21,21,0,0,-21,21
544,104,0,21,21,0,0,21
544,266,21,21,0,0,-21,21
544,267,21,21,0,0,-21,21
200,321,134,141,7,120,-14,21
355,307,21,21,0,0,-21,21
355,308,21,21,0,0,-21,21
543,459,0,21,21,0,0,21
543,460,21,21,0,0,-21,21
543,501,21,21,0,0,-21,21
544,339,0,21,21,0,0,21
544,340,0,21,21,0,0,21
544,342,0,21,21,0,0,21
544,343,0,21,21,0,0,21
544,344,21,21,0,0,-21,21
71,325,0,21,21,0,0,21
71,326,0,21,21,0,0,21
426,318,21,21,0,0,-21,21
426,473,21,21,0,0,-21,21
426,474,21,21,0,0,-21,21
545,267,21,21,0,0,-21,21
545,268,0,21,21,0,0,21
107,231,139,145,6,124,-15,21
545,336,21,21,0,0,-21,21
201,318,124,136,12,115,-9,21
425,474,21,21,0,0,-21,21
355,360,217,236,19,215,-2,21
544,387,21,21,0,0,-21,21
544,388,21,21,0,0,-21,21
544,389,0,21,21,0,0,21
544,390,0,21,21,0,0,21
544,391,0,21,21,0,0,21
544,392,0,21,21,0,0,21
544,459,0,21,21,0,0,21
544,460,21,21,0,0,-21,21
544,502,21,21,0,0,-21,21
544,503,0,21,21,0,0,21
22,280,85,106,21,85,0,21
146,298,177,188,11,167,-10,21
146,301,159,164,5,143,-16,21
426,246,180,189,9,168,-12,21
140,246,141,141,0,120,-21,21
22,306,70,85,15,64,-6,21
544,336,21,21,0,0,-21,21
544,337,21,21,0,0,-21,21
544,338,0,21,21,0,0,21
575,352,0,21,21,0,0,21
575,215,21,21,0,0,-21,21
575,518,0,21,21,0,0,21
374,415,0,21,21,0,0,21
374,416,21,21,0,0,-21,21
574,517,0,21,21,0,0,21
574,518,0,21,21,0,0,21
574,524,0,21,21,0,0,21
6,568,61,82,21,61,0,21
575,276,21,21,0,0,-21,21
575,277,0,21,21,0,0,21
575,282,0,21,21,0,0,21
575,110,0,21,21,0,0,21
575,111,21,21,0,0,-21,21
575,112,21,21,0,0,-21,21
5,569,61,82,21,61,0,21
575,113,21,21,0,0,-21,21
575,114,0,21,21,0,0,21
575,62,21,21,0,0,-21,21
575,63,0,21,21,0,0,21
575,145,21,21,0,0,-21,21
575,350,21,21,0,0,-21,21
575,351,0,21,21,0,0,21
160,329,122,131,9,111,-11,20
263,295,95,105,10,85,-10,20
262,307,76,92,16,72,-4,20
262,293,106,116,10,96,-10,20
240,292,178,187,9,167,-11,20
240,293,180,188,8,168,-12,20
56,248,53,70,17,50,-3,20
299,204,106,116,10,96,-10,20
356,259,223,228,5,208,-15,20
425,246,180,189,9,169,-11,20
140,242,126,131,5,111,-15,20
426,340,218,224,6,204,-14,20
56,267,80,84,4,64,-16,20
56,270,59,70,11,50,-9,20
81,342,56,66,10,46,-10,20
160,315,150,155,5,135,-15,20
262,294,105,115,10,95,-10,20
39,314,56,59,3,39,-17,20
231,304,84,98,14,78,-6,20
327,198,89,92,3,72,-17,20
202,296,161,165,4,145,-16,20
424,276,226,228,2,208,-18,20
56,233,56,70,14,50,-6,20
56,235,43,59,16,39,-4,20
56,236,39,59,20,39,0,20
56,237,43,59,16,39,-4,20
56,238,46,59,13,39,-7,20
92,371,43,59,16,39,-4,20
22,332,39,59,20,39,0,20
22,319,53,59,6,39,-14,20
130,315,175,183,8,163,-12,20
92,372,39,59,20,39,0,20
263,298,93,102,9,82,-11,20
262,275,89,107,18,87,-2,20
262,277,95,109,14,89,-6,20
262,291,107,118,11,98,-9,20
229,311,96,107,11,87,-9,20
104,216,53,59,6,39,-14,20
142,237,149,153,4,133,-16,20
262,243,156,171,15,151,-5,20
39,309,50,59,9,39,-11,20
327,193,82,92,10,72,-10,20
21,319,43,59,16,39,-4,20
298,343,181,194,13,174,-7,20
423,350,214,230,16,210,-4,20
429,247,188,198,10,178,-10,20
116,370,53,59,6,39,-14,20
300,363,118,126,8,106,-12,20
229,294,128,132,4,112,-16,20
81,274,182,188,6,168,-14,20
261,310,82,92,10,72,-10,20
38,309,50,59,9,39,-11,20
198,311,59,70,11,50,-9,20
301,195,109,126,17,106,-3,20
423,339,220,226,6,206,-14,20
198,322,132,140,8,120,-12,20
430,339,196,214,18,194,-2,20
66,244,50,66,16,46,-4,20
161,311,109,118,9,98,-11,20
264,267,159,167,8,147,-12,20
161,323,135,148,13,128,-7,20
261,294,114,123,9,103,-11,20
120,228,143,148,5,128,-15,20
161,337,87,102,15,82,-5,20
261,289,119,127,8,107,-12,20
491,259,182,190,8,170,-12,20
72,232,70,70,0,50,-20,20
94,214,46,66,20,46,0,20
298,277,177,180,3,160,-17,20
431,240,95,107,12,87,-8,20
431,340,208,216,8,196,-12,20
431,349,232,233,1,213,-19,20
23,312,59,70,11,50,-9,20
198,310,59,70,11,50,-9,20
161,330,111,122,11,102,-9,20
329,319,239,241,2,221,-18,20
261,265,155,164,9,144,-11,20
326,271,246,250,4,230,-16,20
378,233,74,92,18,72,-2,20
378,335,199,212,13,192,-7,20
141,326,64,66,2,46,-18,20
141,328,59,70,11,50,-9,20
141,330,64,76,12,56,-8,20
498,261,173,180,7,160,-13,20
38,291,70,84,14,64,-6,20
261,243,156,170,14,150,-6,20
23,349,249,253,4,233,-16,20
24,252,254,254,0,234,-20,20
540,54,21,41,20,21,0,20
197,323,138,145,7,125,-13,20
432,240,95,105,10,85,-10,20
298,278,180,180,0,160,-20,20
298,222,64,76,12,56,-8,20
117,222,46,59,13,39,-7,20
117,229,144,150,6,130,-14,20
57,214,250,253,3,233,-17,20
203,296,163,173,10,153,-10,20
203,298,155,166,11,146,-9,20
91,371,59,59,0,39,-20,20
147,292,164,175,11,155,-9,20
140,303,144,154,10,134,-10,20
357,90,64,66,2,46,-18,20
203,308,117,126,9,106,-11,20
421,338,219,225,6,205,-14,20
421,350,207,227,20,207,0,20
357,81,53,59,6,39,-14,20
431,524,253,254,1,234,-19,20
326,200,89,92,3,72,-17,20
379,334,195,211,16,191,-4,20
162,268,126,137,11,117,-9,20
330,134,105,116,11,96,-9,20
40,283,80,92,12,72,-8,20
260,322,85,92,7,72,-13,20
80,341,50,59,9,39,-11,20
57,232,70,76,6,56,-14,20
57,235,46,59,13,39,-7,20
57,243,59,66,7,46,-13,20
140,302,151,162,11,142,-9,20
302,220,72,84,12,64,-8,20
197,300,82,90,8,70,-12,20
91,363,61,66,5,46,-15,20
91,365,43,59,16,39,-4,20
91,370,43,59,16,39,-4,20
260,312,82,92,10,72,-10,20
142,288,120,135,15,115,-5,20
162,311,111,122,11,102,-9,20
162,321,153,159,6,139,-14,20
40,317,59,59,0,39,-20,20
159,336,110,115,5,95,-15,20
159,340,84,98,14,78,-6,20
159,342,78,92,14,72,-6,20
159,283,175,180,5,160,-15,20
82,306,128,137,9,117,-11,20
260,301,119,127,8,107,-12,20
55,238,50,59,9,39,-11,20
91,238,150,157,7,137,-13,20
21,285,84,92,8,72,-12,20
21,287,87,92,5,72,-15,20
204,294,179,185,6,165,-14,20
204,296,167,180,13,160,-7,20
55,235,50,59,9,39,-11,20
352,360,212,232,20,212,0,20
82,312,136,144,8,124,-12,20
82,313,137,144,7,124,-13,20
260,272,92,112,20,92,0,20
265,269,155,163,8,143,-12,20
82,314,137,144,7,124,-13,20
265,311,76,76,0,56,-20,20
488,274,188,207,19,187,-1,20
195,324,146,155,9,135,-11,20
436,248,193,202,9,182,-11,20
242,243,164,178,14,158,-6,20
297,341,197,209,12,189,-8,20
297,342,194,201,7,181,-13,20
297,343,187,194,7,174,-13,20
20,344,253,253,0,233,-20,20
419,351,218,219,1,199,-19,20
24,312,61,70,9,50,-11,20
139,290,153,161,8,141,-12,20
352,336,212,220,8,200,-12,20
55,236,59,59,0,39,-20,20
55,237,59,59,0,39,-20,20
57,286,59,59,0,39,-20,20
303,194,103,115,12,95,-8,20
139,302,154,164,10,144,-10,20
352,264,214,221,7,201,-13,20
232,293,89,105,16,85,-4,20
65,247,66,76,10,56,-10,20
162,378,53,66,13,46,-7,20
488,57,252,252,0,232,-20,20
266,272,141,152,11,132,-9,20
159,258,133,143,10,123,-10,20
159,259,138,143,5,123,-15,20
82,341,66,76,10,56,-10,20
82,345,59,70,11,50,-9,20
259,311,92,102,10,82,-10,20
259,313,85,96,11,76,-9,20
82,351,50,59,9,39,-11,20
303,321,123,125,2,105,-18,20
438,248,191,200,9,180,-11,20
54,282,61,66,5,46,-15,20
351,336,202,217,15,197,-5,20
275,362,144,157,13,137,-7,20
351,513,253,253,0,233,-20,20
352,81,59,66,7,46,-13,20
163,254,173,177,4,157,-16,20
13,276,252,252,0,232,-20,20
372,327,223,229,6,209,-14,20
65,243,56,66,10,46,-10,20
225,296,144,156,12,136,-8,20
83,236,39,59,20,39,0,20
163,218,166,173,7,153,-13,20
332,101,251,253,2,233,-18,20
135,373,61,70,9,50,-11,20
37,307,64,70,6,50,-14,20
131,312,180,185,5,165,-15,20
439,248,191,199,8,179,-12,20
416,329,207,219,12,199,-8,20
239,302,163,171,8,151,-12,20
148,294,181,191,10,171,-10,20
351,313,53,59,6,39,-14,20
351,316,61,76,15,56,-5,20
225,301,144,151,7,131,-13,20
225,309,115,130,15,110,-5,20
382,322,219,227,8,207,-12,20
324,203,85,92,7,72,-13,20
324,191,85,92,7,72,-13,20
324,192,87,92,5,72,-15,20
113,223,53,66,13,46,-7,20
148,380,56,76,20,56,0,20
54,237,43,59,16,39,-4,20
192,376,252,252,0,232,-20,20
131,350,101,105,4,85,-16,20
58,237,50,59,9,39,-11,20
95,214,56,66,10,46,-10,20
58,238,46,59,13,39,-7,20
58,242,61,66,5,46,-15,20
258,323,74,90,16,70,-4,20
382,338,202,214,12,194,-8,20
103,216,46,59,13,39,-7,20
41,292,92,96,4,76,-16,20
135,352,59,66,7,46,-13,20
41,318,56,59,3,39,-17,20
41,311,53,59,6,39,-14,20
225,288,151,164,13,144,-7,20
79,380,56,59,3,39,-17,20
258,271,96,112,16,92,-4,20
267,276,130,138,8,118,-12,20
267,272,146,156,10,136,-10,20
164,278,182,184,2,164,-18,20
79,335,56,66,10,46,-10,20
79,338,46,59,13,39,-7,20
258,243,160,172,12,152,-8,20
158,336,106,115,9,95,-11,20
25,312,66,70,4,50,-16,20
25,314,43,59,16,39,-4,20
192,324,153,160,7,140,-13,20
351,93,72,76,4,56,-16,20
192,363,114,127,13,107,-7,20
132,219,43,59,16,39,-4,20
206,309,144,154,10,134,-10,20
58,235,56,59,3,39,-17,20
58,236,56,59,3,39,-17,20
90,362,56,66,10,46,-10,20
206,340,116,127,11,107,-9,20
191,349,118,127,9,107,-11,20
350,345,216,227,11,207,-9,20
191,365,135,136,1,116,-19,20
304,327,230,235,5,215,-15,20
25,304,92,98,6,78,-14,20
25,305,87,92,5,72,-15,20
158,340,90,98,8,78,-12,20
224,312,111,126,15,106,-5,20
371,333,221,226,5,206,-15,20
83,266,184,190,6,170,-14,20
164,342,136,143,7,123,-13,20
333,352,171,183,12,163,-8,20
158,318,136,152,16,132,-4,20
323,184,68,76,8,56,-12,20
257,320,80,92,12,72,-8,20
350,317,64,76,12,56,-8,20
350,334,210,217,7,197,-13,20
132,353,93,96,3,76,-17,20
243,243,164,178,14,158,-6,20
243,248,156,156,0,136,-20,20
94,387,254,254,0,234,-20,20
277,298,99,110,11,90,-9,20
107,215,50,59,9,39,-11,20
296,332,103,107,4,87,-16,20
296,342,194,207,13,187,-7,20
83,319,142,151,9,131,-11,20
83,322,135,146,11,126,-9,20
333,486,253,254,1,234,-19,20
322,458,254,254,0,234,-20,20
322,356,152,161,9,141,-11,20
42,286,56,70,14,50,-6,20
334,181,50,59,9,39,-11,20
83,351,56,66,10,46,-10,20
138,351,68,76,8,56,-12,20
304,361,129,135,6,115,-14,20
132,371,85,90,5,70,-15,20
73,242,72,76,4,56,-16,20
414,243,194,203,9,183,-11,20
140,326,64,66,2,46,-18,20
95,365,61,66,5,46,-15,20
359,91,46,59,13,39,-7,20
535,51,253,254,1,234,-19,20
268,271,156,166,10,146,-10,20
158,257,125,135,10,115,-10,20
371,319,224,229,5,209,-15,20
233,248,131,138,7,118,-13,20
224,303,147,156,9,136,-11,20
223,358,87,102,15,82,-5,20
257,313,99,110,11,90,-9,20
83,341,74,84,10,64,-10,20
295,396,254,254,0,234,-20,20
413,243,199,206,7,186,-13,20
149,300,173,185,12,165,-8,20
83,349,61,70,9,50,-11,20
285,363,122,134,12,114,-8,20
268,292,53,70,17,50,-3,20
157,379,70,84,14,64,-6,20
371,275,216,226,10,206,-10,20
384,340,207,214,7,194,-13,20
256,320,85,96,11,76,-9,20
79,224,56,66,10,46,-10,20
268,293,50,66,16,46,-4,20
335,94,253,253,0,233,-20,20
26,305,85,92,7,72,-13,20
412,327,215,222,7,202,-13,20
412,329,199,210,11,190,-9,20
58,338,61,66,5,46,-15,20
190,349,120,127,7,107,-13,20
149,379,59,76,17,56,-3,20
102,216,43,59,16,39,-4,20
481,275,204,205,1,185,-19,20
256,308,127,136,9,116,-11,20
166,261,174,180,6,160,-14,20
166,262,173,180,7,160,-13,20
166,263,174,180,6,160,-14,20
35,308,59,70,11,50,-9,20
35,309,61,70,9,50,-11,20
35,310,66,70,4,50,-16,20
35,319,59,59,0,39,-20,20
43,278,90,98,8,78,-12,20
233,311,96,109,13,89,-7,20
143,209,253,253,0,233,-20,20
269,239,251,252,1,232,-19,20
321,310,242,248,6,228,-14,20
43,285,61,76,15,56,-5,20
140,314,66,76,10,56,-10,20
140,315,59,66,7,46,-13,20
145,290,150,155,5,135,-15,20
445,249,194,203,9,183,-11,20
53,240,70,70,0,50,-20,20
189,362,109,116,7,96,-13,20
305,419,254,255,1,235,-19,20
306,172,253,254,1,234,-19,20
306,194,85,90,5,70,-15,20
53,282,61,66,5,46,-15,20
26,315,43,59,16,39,-4,20
208,308,160,171,11,151,-9,20
58,359,50,59,9,39,-11,20
58,360,50,59,9,39,-11,20
58,361,46,59,13,39,-7,20
189,298,167,174,7,154,-13,20
349,235,215,223,8,203,-12,20
73,274,43,59,16,39,-4,20
73,275,50,59,9,39,-11,20
73,276,53,59,6,39,-14,20
150,225,74,90,16,70,-4,20
306,198,105,112,7,92,-13,20
274,372,249,254,5,234,-15,20
138,279,46,59,13,39,-7,20
189,297,167,174,7,154,-13,20
27,305,90,98,8,78,-12,20
59,235,59,59,0,39,-20,20
208,306,173,180,7,160,-13,20
107,224,59,70,11,50,-9,20
306,360,133,143,10,123,-10,20
43,295,76,90,14,70,-6,20
223,306,157,158,1,138,-19,20
141,302,150,160,10,140,-10,20
141,304,134,144,10,124,-10,20
385,337,200,212,12,192,-8,20
479,256,197,204,7,184,-13,20
335,351,176,189,13,169,-7,20
506,537,253,253,0,233,-20,20
64,243,56,66,10,46,-10,20
143,251,138,139,1,119,-19,20
64,245,72,76,4,56,-16,20
64,247,66,76,10,56,-10,20
386,76,253,254,1,234,-19,20
43,318,56,66,10,46,-10,20
166,368,114,122,8,102,-12,20
78,332,53,66,13,46,-7,20
84,263,183,190,7,170,-13,20
52,300,43,59,16,39,-4,20
52,301,53,59,6,39,-14,20
409,328,197,209,12,189,-8,20
409,334,224,229,5,209,-15,20
209,307,171,180,9,160,-11,20
360,283,248,248,0,228,-20,20
410,327,209,217,8,197,-12,20
35,273,70,76,6,56,-14,20
35,274,66,76,10,56,-10,20
35,275,59,66,7,46,-13,20
78,334,46,59,13,39,-7,20
507,131,0,20,20,0,0,20
386,241,206,213,7,193,-13,20
507,327,210,215,5,195,-15,20
507,537,253,253,0,233,-20,20
348,345,203,221,18,201,-2,20
52,286,43,59,16,39,-4,20
307,181,115,125,10,105,-10,20
307,183,109,116,7,96,-13,20
27,315,53,59,6,39,-14,20
238,306,149,158,9,138,-11,20
27,294,84,90,6,70,-14,20
89,244,164,173,9,153,-11,20
320,357,145,156,11,136,-9,20
477,326,211,214,3,194,-17,20
223,296,152,165,13,145,-7,20
64,211,252,252,0,232,-20,20
387,286,39,59,20,39,0,20
151,215,143,160,17,140,-3,20
150,371,56,76,20,56,0,20
84,328,127,137,10,117,-10,20
336,234,218,226,8,206,-12,20
255,310,128,136,8,116,-12,20
135,252,74,92,18,72,-2,20
168,213,253,254,1,234,-19,20
255,319,96,105,9,85,-11,20
157,248,151,167,16,147,-4,20
157,249,150,165,15,145,-5,20
387,324,218,226,8,206,-12,20
44,270,110,115,5,95,-15,20
84,321,146,155,9,135,-11,20
348,249,227,242,15,222,-5,20
277,368,28,34,6,14,-14,20
277,374,252,252,0,232,-20,20
408,242,199,207,8,187,-12,20
52,260,80,90,10,70,-10,20
84,324,139,149,10,129,-10,20
234,248,123,135,12,115,-8,20
222,307,150,157,7,137,-13,20
320,152,118,119,1,99,-19,20
254,322,92,102,10,82,-10,20
222,317,106,110,4,90,-16,20
476,61,252,252,0,232,-20,20
169,217,171,184,13,164,-7,20
508,537,253,253,0,233,-20,20
169,230,188,198,10,178,-10,20
34,312,61,66,5,46,-15,20
136,239,159,160,1,140,-19,20
319,357,145,156,11,136,-9,20
44,310,72,76,4,56,-16,20
44,311,66,76,10,56,-10,20
59,340,64,66,2,46,-18,20
137,353,59,66,7,46,-13,20
28,266,164,164,0,144,-20,20
187,225,172,181,9,161,-11,20
187,226,174,181,7,161,-13,20
101,216,46,59,13,39,-7,20
44,314,61,66,5,46,-15,20
44,315,59,66,7,46,-13,20
44,318,53,66,13,46,-7,20
84,352,61,70,9,50,-11,20
319,226,43,59,16,39,-4,20
347,281,231,239,8,219,-12,20
140,330,72,76,4,56,-16,20
60,213,250,253,3,233,-17,20
59,361,50,59,9,39,-11,20
238,243,170,183,13,163,-7,20
211,297,176,190,14,170,-6,20
308,359,141,149,8,129,-12,20
308,284,240,245,5,225,-15,20
245,259,117,126,9,106,-11,20
347,318,53,66,13,46,-7,20
170,224,184,192,8,172,-12,20
222,299,156,159,3,139,-17,20
143,278,92,96,4,76,-16,20
170,217,170,190,20,170,0,20
170,218,183,190,7,170,-13,20
473,326,213,215,2,195,-18,20
171,218,179,190,11,170,-9,20
509,537,253,253,0,233,-20,20
51,295,43,59,16,39,-4,20
19,294,59,70,11,50,-9,20
51,306,53,59,6,39,-14,20
452,62,253,254,1,234,-19,20
151,288,150,160,10,140,-10,20
186,226,166,176,10,156,-10,20
254,239,252,254,2,234,-18,20
222,304,151,158,7,138,-13,20
234,313,107,116,9,96,-11,20
510,266,167,176,9,156,-11,20
156,320,168,172,4,152,-16,20
171,316,134,144,10,124,-10,20
34,273,76,76,0,56,-20,20
34,274,56,76,20,56,0,20
222,287,169,172,3,152,-17,20
368,318,219,227,8,207,-12,20
141,285,107,115,8,95,-12,20
171,231,180,195,15,175,-5,20
45,316,59,66,7,46,-13,20
45,318,56,66,10,46,-10,20
171,371,72,92,20,72,0,20
318,357,146,156,10,136,-10,20
347,250,242,247,5,227,-15,20
347,270,205,212,7,192,-13,20
212,297,188,190,2,170,-18,20
212,286,194,195,1,175,-19,20
60,235,46,59,13,39,-7,20
60,240,61,66,5,46,-15,20
85,255,178,184,6,164,-14,20
510,537,253,253,0,233,-20,20
511,132,13,20,7,0,-13,20
338,266,66,66,0,46,-20,20
77,323,61,76,15,56,-5,20
77,311,80,90,10,70,-10,20
77,330,50,59,9,39,-11,20
185,219,252,253,1,233,-19,20
151,377,61,76,15,56,-5,20
526,274,170,173,3,153,-17,20
309,231,232,240,8,220,-12,20
96,367,43,59,16,39,-4,20
51,296,43,59,16,39,-4,20
51,297,46,59,13,39,-7,20
51,300,53,59,6,39,-14,20
51,301,59,59,0,39,-20,20
452,344,208,223,15,203,-5,20
77,331,46,59,13,39,-7,20
136,258,53,66,13,46,-7,20
368,277,212,222,10,202,-10,20
63,252,64,66,2,46,-18,20
318,213,82,84,2,64,-18,20
318,226,43,59,16,39,-4,20
140,370,103,105,2,85,-18,20
96,383,56,59,3,39,-17,20
404,332,224,230,6,210,-14,20
74,231,39,59,20,39,0,20
51,265,68,70,2,50,-18,20
185,298,222,222,0,202,-20,20
368,231,78,90,12,70,-8,20
390,261,224,231,7,211,-13,20
390,262,213,226,13,206,-7,20
122,372,50,66,16,46,-4,20
511,537,253,253,0,233,-20,20
512,132,11,20,9,0,-11,20
252,323,99,109,10,89,-10,20
172,316,132,142,10,122,-10,20
253,256,154,163,9,143,-11,20
237,310,136,145,9,125,-11,20
237,311,134,144,10,124,-10,20
403,327,187,204,17,184,-3,20
404,242,205,214,9,194,-11,20
97,214,66,70,4,50,-16,20
137,304,156,164,8,144,-12,20
184,227,154,173,19,153,-1,20
184,228,153,173,20,153,0,20
310,177,102,118,16,98,-4,20
63,243,59,66,7,46,-13,20
122,369,76,84,8,64,-12,20
173,219,182,187,5,167,-15,20
512,267,167,176,9,156,-11,20
85,327,137,147,10,127,-10,20
85,328,134,144,10,124,-10,20
85,333,117,126,9,106,-11,20
152,291,162,173,11,153,-9,20
237,309,137,146,9,126,-11,20
346,235,216,225,9,205,-11,20
346,247,220,240,20,220,0,20
346,259,89,98,9,78,-11,20
346,272,203,210,7,190,-13,20
137,280,53,66,13,46,-7,20
246,356,82,102,20,82,0,20
87,361,53,59,6,39,-14,20
152,299,186,195,9,175,-11,20
143,312,61,76,15,56,-5,20
101,213,70,70,0,50,-20,20
77,256,50,66,16,46,-4,20
173,228,187,199,12,179,-8,20
85,329,130,140,10,120,-10,20
85,330,127,137,10,117,-10,20
317,226,43,59,16,39,-4,20
85,336,106,115,9,95,-11,20
173,315,122,132,10,112,-10,20
77,240,43,59,16,39,-4,20
362,321,219,221,2,201,-18,20
129,251,172,177,5,157,-15,20
402,328,189,205,16,185,-4,20
237,348,90,107,17,87,-3,20
70,246,68,70,2,50,-18,20
213,317,131,137,6,117,-14,20
152,288,159,170,11,150,-9,20
77,243,50,66,16,46,-4,20
367,318,218,227,9,207,-11,20
391,326,218,226,8,206,-12,20
289,294,146,157,11,137,-9,20
339,329,225,233,8,213,-12,20
46,292,50,59,9,39,-11,20
46,297,66,76,10,56,-10,20
18,315,53,59,6,39,-14,20
18,316,50,59,9,39,-11,20
18,317,53,59,6,39,-14,20
29,304,92,98,6,78,-14,20
183,304,157,167,10,147,-10,20
183,315,90,107,17,87,-3,20
50,325,56,59,3,39,-17,20
247,256,101,119,18,99,-2,20
50,298,53,66,13,46,-7,20
50,300,53,59,6,39,-14,20
18,288,39,59,20,39,0,20
18,289,43,59,16,39,-4,20
401,354,220,223,3,203,-17,20
60,361,46,59,13,39,-7,20
362,324,188,206,18,186,-2,20
152,306,68,84,16,64,-4,20
182,363,99,115,16,95,-4,20
182,369,50,70,20,50,0,20
46,298,68,76,8,56,-12,20
46,299,68,76,8,56,-12,20
46,300,68,76,8,56,-12,20
85,338,98,107,9,87,-11,20
156,213,164,170,6,150,-14,20
156,218,144,156,12,136,-8,20
252,272,150,159,9,139,-11,20
155,372,53,66,13,46,-7,20
316,444,255,255,0,235,-20,20
182,228,168,180,12,160,-8,20
182,311,107,116,9,96,-11,20
182,312,101,107,6,87,-14,20
345,348,213,219,6,199,-14,20
252,264,103,116,13,96,-7,20
76,385,253,253,0,233,-20,20
367,278,211,222,11,202,-9,20
235,250,129,139,10,119,-10,20
235,284,145,154,9,134,-11,20
392,262,208,221,13,201,-7,20
367,277,217,226,9,206,-11,20
251,325,95,105,10,85,-10,20
174,221,170,180,10,160,-10,20
289,386,252,252,0,232,-20,20
289,342,80,84,4,64,-16,20
155,342,80,90,10,70,-10,20
340,227,46,59,13,39,-7,20
76,373,56,59,3,39,-17,20
174,228,186,199,13,179,-7,20
74,308,50,59,9,39,-11,20
74,309,50,59,9,39,-11,20
74,310,46,59,13,39,-7,20
87,335,119,131,12,111,-8,20
363,237,205,214,9,194,-11,20
215,277,167,175,8,155,-12,20
18,295,53,66,13,46,-7,20
293,213,99,110,11,90,-9,20
458,251,203,211,8,191,-12,20
50,252,59,66,7,46,-13,20
174,308,101,115,14,95,-6,20
174,316,130,139,9,119,-11,20
16,291,61,66,5,46,-15,20
125,378,50,66,16,46,-4,20
125,226,139,143,4,123,-16,20
393,234,82,90,8,70,-12,20
345,260,87,98,11,78,-9,20
278,298,105,115,10,95,-10,20
237,287,151,160,9,140,-11,20
18,286,43,59,16,39,-4,20
18,287,39,59,20,39,0,20
311,315,243,244,1,224,-19,20
50,217,252,254,2,234,-18,20
74,306,46,59,13,39,-7,20
74,307,50,59,9,39,-11,20
47,257,85,102,17,82,-3,20
175,215,252,253,1,233,-19,20
143,383,56,70,14,50,-6,20
76,320,56,70,14,50,-6,20
236,309,127,137,10,117,-10,20
236,310,126,137,11,117,-9,20
236,311,125,136,11,116,-9,20
236,307,128,138,10,118,-10,20
128,332,143,151,8,131,-12,20
61,251,64,70,6,50,-14,20
61,252,50,66,16,46,-4,20
215,292,112,125,13,105,-7,20
400,265,212,223,11,203,-9,20
514,268,168,176,8,156,-12,20
290,296,147,156,9,136,-11,20
290,297,143,152,9,132,-11,20
341,86,110,112,2,92,-18,20
341,87,112,112,0,92,-20,20
47,289,70,76,6,56,-14,20
292,262,246,249,3,229,-17,20
18,266,253,253,0,233,-20,20
181,318,134,144,10,124,-10,20
345,235,217,225,8,205,-12,20
247,327,101,109,8,89,-12,20
153,247,123,143,20,123,0,20
47,291,56,66,10,46,-10,20
69,232,61,66,5,46,-15,20
366,279,209,221,12,201,-8,20
290,342,76,84,8,64,-12,20
76,326,50,59,9,39,-11,20
251,268,132,143,11,123,-9,20
76,303,53,70,17,50,-3,20
76,304,56,70,14,50,-6,20
366,281,203,221,18,201,-2,20
175,377,46,66,20,46,0,20
175,378,53,66,13,46,-7,20
341,227,43,59,16,39,-4,20
341,235,219,226,7,206,-13,20
292,220,98,102,4,82,-16,20
312,359,135,143,8,123,-12,20
30,286,122,123,1,103,-19,20
86,250,166,176,10,156,-10,20
86,253,180,187,7,167,-13,20
394,320,221,222,1,202,-19,20
136,305,160,168,8,148,-12,20
47,311,70,76,6,56,-14,20
47,322,66,66,0,46,-20,20
176,314,114,122,8,102,-12,20
250,325,99,109,10,89,-10,20
250,326,95,105,10,85,-10,20
141,237,144,153,9,133,-11,20
76,243,61,66,5,46,-15,20
76,259,43,59,16,39,-4,20
342,235,218,226,8,206,-12,20
344,260,82,90,8,70,-12,20
461,64,32,37,5,17,-15,20
292,302,136,150,14,130,-6,20
292,305,131,144,13,124,-7,20
344,282,232,238,6,218,-14,20
180,372,61,66,5,46,-15,20
181,301,175,188,13,168,-7,20
49,298,66,66,0,46,-20,20
395,71,253,254,1,234,-19,20
62,251,66,70,4,50,-16,20
126,378,50,70,20,50,0,20
127,217,53,59,6,39,-14,20
561,47,254,254,0,234,-20,20
250,268,138,147,9,127,-11,20
177,310,98,112,14,92,-6,20
155,217,144,156,12,136,-8,20
30,307,76,90,14,70,-6,20
136,373,61,70,9,50,-11,20
49,253,56,76,20,56,0,20
49,254,61,76,15,56,-5,20
75,243,46,66,20,46,0,20
292,212,110,110,0,90,-20,20
292,213,101,110,9,90,-11,20
49,266,46,59,13,39,-7,20
250,266,127,136,9,116,-11,20
250,267,132,142,10,122,-10,20
290,379,50,56,6,36,-14,20
218,333,117,126,9,106,-11,20
250,253,156,163,7,143,-13,20
249,326,99,109,10,89,-10,20
86,331,129,140,11,120,-9,20
517,269,164,172,8,152,-12,20
180,312,93,105,12,85,-8,20
180,317,127,134,7,114,-13,20
75,241,50,66,16,46,-4,20
75,242,46,66,20,46,0,20
30,305,92,92,0,72,-20,20
30,306,82,92,10,72,-10,20
178,305,148,156,8,136,-12,20
86,339,101,110,9,90,-11,20
291,213,101,110,9,90,-11,20
365,238,208,217,9,197,-11,20
365,278,221,229,8,209,-12,20
365,279,214,225,11,205,-9,20
396,328,218,226,8,206,-12,20
127,336,140,147,7,127,-13,20
75,373,50,59,9,39,-11,20
115,370,50,59,9,39,-11,20
17,295,53,66,13,46,-7,20
128,261,182,189,7,169,-13,20
128,262,183,190,7,170,-13,20
75,267,46,59,13,39,-7,20
344,93,101,105,4,85,-16,20
314,303,145,164,19,144,-1,20
463,342,225,226,1,206,-19,20
86,361,46,59,13,39,-7,20
48,298,50,66,16,46,-4,20
178,374,56,70,14,50,-6,20
518,270,167,173,6,153,-14,20
48,305,59,66,7,46,-13,20
343,235,218,226,8,206,-12,20
31,307,82,90,8,70,-12,20
343,262,78,90,12,70,-8,20
343,278,197,206,9,186,-11,20
75,305,53,66,13,46,-7,20
249,264,123,131,8,111,-12,20
127,373,56,66,10,46,-10,20
17,299,61,66,5,46,-15,20
17,300,66,70,4,50,-16,20
236,285,149,157,8,137,-12,20
61,345,53,59,6,39,-14,20
17,291,53,66,13,46,-7,20
519,270,161,167,6,147,-14,20
136,351,50,59,9,39,-11,20
179,307,137,143,6,123,-14,20
104,232,132,144,12,124,-8,20
263,266,159,167,8,147,-12,20
56,274,53,59,6,39,-14,20
22,258,252,253,1,233,-19,20
575,536,0,20,20,0,0,20
575,537,18,20,2,0,-18,20
8,566,61,81,20,61,0,20
574,538,18,36,18,16,-2,20
141,336,70,84,14,64,-6,20
263,290,98,109,11,90,-8,19
141,341,84,87,3,68,-16,19
66,360,39,53,14,34,-5,19
231,244,123,138,15,119,-4,19
231,286,133,142,9,123,-10,19
356,76,254,254,0,235,-19,19
355,508,34,53,19,34,0,19
22,283,101,101,0,82,-19,19
355,324,214,220,6,201,-13,19
426,338,199,213,14,194,-5,19
160,310,98,109,11,90,-8,19
262,295,103,114,11,95,-8,19
39,312,39,53,14,34,-5,19
161,256,142,157,15,138,-4,19
375,333,195,210,15,191,-4,19
230,286,141,148,7,129,-12,19
229,334,103,114,11,95,-8,19
376,279,202,218,16,199,-3,19
231,353,84,99,15,80,-4,19
376,329,220,228,8,209,-11,19
140,259,127,133,6,114,-13,19
428,247,190,198,8,179,-11,19
300,220,76,87,11,68,-8,19
299,405,252,254,2,235,-17,19
154,277,126,135,9,116,-10,19
518,53,253,253,0,234,-19,19
99,216,46,53,7,34,-12,19
291,223,66,80,14,61,-5,19
463,60,254,254,0,235,-19,19
249,271,159,167,8,148,-11,19
31,289,117,125,8,106,-11,19
249,268,142,151,9,132,-10,19
249,269,147,157,10,138,-9,19
249,270,153,162,9,143,-10,19
144,279,93,95,2,76,-17,19
153,389,249,253,4,234,-15,19
154,213,158,166,8,147,-11,19
154,245,146,156,10,137,-9,19
87,232,34,53,19,34,0,19
154,219,143,155,12,136,-7,19
462,60,254,254,0,235,-19,19
462,64,32,36,4,17,-15,19
115,367,64,72,8,53,-11,19
115,230,138,150,12,131,-7,19
154,218,137,155,18,136,-1,19
313,233,231,238,7,219,-12,19
87,243,151,158,7,139,-12,19
86,334,119,128,9,109,-10,19
136,307,154,161,7,142,-12,19
127,339,132,139,7,120,-12,19
236,243,173,185,12,166,-7,19
314,233,229,238,9,219,-10,19
343,185,43,53,10,34,-9,19
86,362,39,53,14,34,-5,19
86,377,43,53,10,34,-9,19
272,288,112,120,8,101,-11,19
128,257,182,186,4,167,-15,19
128,258,181,186,5,167,-14,19
344,235,217,225,8,206,-11,19
180,225,178,188,10,169,-9,19
180,228,163,178,15,159,-4,19
520,270,154,161,7,142,-12,19
48,260,80,87,7,68,-12,19
291,214,99,101,2,82,-17,19
291,215,82,99,17,80,-2,19
141,255,141,144,3,125,-16,19
141,256,144,144,0,125,-19,19
464,60,254,254,0,235,-19,19
86,332,126,136,10,117,-9,19
115,379,43,53,10,34,-9,19
291,311,111,122,11,103,-8,19
98,363,59,72,13,53,-6,19
292,214,98,101,3,82,-16,19
292,215,82,99,17,80,-2,19
364,279,219,228,9,209,-10,19
128,259,177,186,9,167,-10,19
99,363,64,72,8,53,-11,19
127,221,39,53,14,34,-5,19
86,328,140,149,9,130,-10,19
86,329,137,146,9,127,-10,19
86,330,133,143,10,124,-9,19
31,311,68,72,4,53,-15,19
342,332,224,227,3,208,-16,19
178,304,156,163,7,144,-12,19
87,245,158,167,9,148,-10,19
87,246,162,170,8,151,-11,19
180,300,178,186,8,167,-11,19
128,256,178,186,8,167,-11,19
248,268,145,155,10,136,-9,19
181,233,173,184,11,165,-8,19
30,321,46,53,7,34,-12,19
87,299,172,180,8,161,-11,19
235,308,118,128,10,109,-9,19
235,311,117,126,9,107,-10,19
126,221,39,53,14,34,-5,19
395,259,211,221,10,202,-9,19
127,218,39,53,14,34,-5,19
250,271,153,163,10,144,-9,19
136,319,43,53,10,34,-9,19
86,338,103,112,9,93,-10,19
30,311,66,72,6,53,-13,19
153,331,76,89,13,70,-6,19
248,328,89,101,12,82,-7,19
364,228,34,53,19,34,0,19
315,441,253,255,2,236,-17,19
341,321,43,53,10,34,-9,19
466,65,33,41,8,22,-11,19
176,312,102,111,9,92,-10,19
251,261,96,112,16,93,-3,19
126,218,39,53,14,34,-5,19
235,307,118,128,10,109,-9,19
155,244,156,165,9,146,-10,19
516,269,169,175,6,156,-13,19
154,389,249,253,4,234,-15,19
177,303,159,166,7,147,-12,19
315,233,228,238,10,219,-9,19
49,279,46,53,7,34,-12,19
180,319,144,151,7,132,-12,19
216,291,105,112,7,93,-12,19
128,333,140,148,8,129,-11,19
521,273,160,170,10,151,-9,19
312,232,227,235,8,216,-11,19
248,263,123,130,7,111,-12,19
460,64,32,37,5,18,-14,19
345,84,95,103,8,84,-11,19
345,93,96,101,5,82,-14,19
181,308,128,137,9,118,-10,19
181,309,120,128,8,109,-11,19
521,270,148,156,8,137,-11,19
394,324,184,201,17,182,-2,19
219,334,109,120,11,101,-8,19
220,234,252,253,1,234,-18,19
176,317,134,144,10,125,-9,19
86,297,172,180,8,161,-11,19
86,298,169,175,6,156,-13,19
315,309,249,249,0,230,-19,19
76,308,68,78,10,59,-9,19
141,274,90,93,3,74,-16,19
394,278,234,235,1,216,-18,19
62,260,46,53,7,34,-12,19
62,261,50,53,3,34,-16,19
16,301,70,72,2,53,-17,19
99,234,144,151,7,132,-12,19
86,293,180,193,13,174,-6,19
86,294,178,191,13,172,-6,19
86,295,177,189,12,170,-7,19
86,296,175,185,10,166,-9,19
176,303,156,164,8,145,-11,19
136,357,78,87,9,68,-10,19
98,226,39,53,14,34,-5,19
153,292,173,181,8,162,-11,19
137,215,254,254,0,235,-19,19
292,311,116,126,10,107,-9,19
97,378,50,53,3,34,-16,19
87,336,116,126,10,107,-9,19
459,65,31,37,6,18,-13,19
74,319,43,53,10,34,-9,19
181,319,144,151,7,132,-12,19
87,330,140,148,8,129,-11,19
87,331,136,145,9,126,-10,19
87,332,132,142,10,123,-9,19
393,261,210,221,11,202,-8,19
393,327,219,227,8,208,-11,19
62,278,46,53,7,34,-12,19
76,329,43,53,10,34,-9,19
340,506,253,254,1,235,-18,19
251,269,138,148,10,129,-9,19
251,270,144,153,9,134,-10,19
237,243,173,185,12,166,-7,19
152,389,250,253,3,234,-16,19
153,218,146,156,10,137,-9,19
153,219,155,156,1,137,-18,19
247,340,96,99,3,80,-16,19
155,323,166,175,9,156,-10,19
155,309,84,95,11,76,-8,19
366,327,193,211,18,192,-1,19
366,330,221,226,5,207,-14,19
290,294,154,162,8,143,-11,19
290,299,136,144,8,125,-11,19
136,264,46,53,7,34,-12,19
32,350,46,53,7,34,-12,19
316,186,87,87,0,68,-19,19
175,365,99,115,16,96,-3,19
292,310,122,130,8,111,-11,19
74,304,46,53,7,34,-12,19
74,305,46,53,7,34,-12,19
136,274,50,53,3,34,-16,19
136,275,43,53,10,34,-9,19
136,276,43,53,10,34,-9,19
136,277,43,53,10,34,-9,19
47,260,68,87,19,68,0,19
366,318,216,226,10,207,-9,19
99,377,43,53,10,34,-9,19
99,378,50,53,3,34,-16,19
76,317,59,72,13,53,-6,19
175,304,145,156,11,137,-8,19
175,316,129,138,9,119,-10,19
271,298,66,72,6,53,-13,19
87,333,128,138,10,119,-9,19
236,312,124,134,10,115,-9,19
293,204,249,253,4,234,-15,19
279,300,101,109,8,90,-11,19
316,358,138,147,9,128,-10,19
155,349,89,101,12,82,-7,19
316,297,226,229,3,210,-16,19
514,132,8,19,11,0,-8,19
251,324,99,109,10,90,-9,19
340,322,43,53,10,34,-9,19
136,271,43,53,10,34,-9,19
136,272,46,53,7,34,-12,19
136,273,50,53,3,34,-16,19
345,275,203,211,8,192,-11,19
312,189,82,89,7,70,-12,19
278,300,96,106,10,87,-9,19
278,352,70,72,2,53,-17,19
311,364,70,85,15,66,-4,19
251,335,95,95,0,76,-19,19
100,225,39,53,14,34,-5,19
289,343,80,80,0,61,-19,19
340,235,220,226,6,207,-13,19
340,266,68,85,17,66,-2,19
76,379,50,53,3,34,-16,19
76,380,50,53,3,34,-16,19
174,302,163,173,10,154,-9,19
174,303,155,164,9,145,-10,19
174,304,149,155,6,136,-13,19
76,330,39,53,14,34,-5,19
87,334,124,134,10,115,-9,19
97,362,68,78,10,59,-9,19
97,363,61,72,11,53,-8,19
69,371,43,53,10,34,-9,19
293,220,87,99,12,80,-7,19
182,304,157,167,10,148,-9,19
50,258,76,87,11,68,-8,19
458,298,39,53,14,34,-5,19
522,270,143,151,8,132,-11,19
293,214,92,101,9,82,-10,19
293,303,148,151,3,132,-16,19
74,291,46,53,7,34,-12,19
74,292,43,53,10,34,-9,19
74,293,43,53,10,34,-9,19
50,279,39,53,14,34,-5,19
340,95,109,112,3,93,-16,19
77,223,66,78,12,59,-7,19
62,356,53,53,0,34,-19,19
220,333,120,128,8,109,-11,19
124,370,78,85,7,66,-12,19
289,303,118,129,11,110,-8,19
61,250,70,72,2,53,-17,19
144,378,34,53,19,34,0,19
523,270,138,147,9,128,-10,19
311,232,230,235,5,216,-14,19
457,251,204,211,7,192,-12,19
50,281,39,53,14,34,-5,19
50,282,39,53,14,34,-5,19
156,245,163,170,7,151,-12,19
85,339,93,103,10,84,-9,19
85,340,90,101,11,82,-8,19
512,537,253,253,0,234,-19,19
513,132,9,19,10,0,-9,19
155,389,250,253,3,234,-16,19
85,353,64,72,8,53,-11,19
182,302,173,184,11,165,-8,19
247,269,155,164,9,145,-10,19
123,227,142,146,4,127,-15,19
391,271,210,218,8,199,-11,19
62,345,43,53,10,34,-9,19
62,355,43,53,10,34,-9,19
289,292,153,163,10,144,-9,19
289,293,150,160,10,141,-9,19
565,139,28,32,4,13,-15,19
469,66,43,43,0,24,-19,19
469,67,27,43,16,24,-3,19
278,296,115,124,9,105,-10,19
87,337,112,122,10,103,-9,19
29,309,70,80,10,61,-9,19
29,321,46,53,7,34,-12,19
183,305,148,157,9,138,-10,19
183,306,141,149,8,130,-11,19
50,280,34,53,19,34,0,19
133,355,90,93,3,74,-16,19
317,357,146,156,10,137,-9,19
470,66,39,43,4,24,-15,19
470,67,24,43,19,24,0,19
339,189,43,53,10,34,-9,19
85,343,85,95,10,76,-9,19
173,308,99,114,15,95,-4,19
311,296,160,168,8,149,-11,19
129,221,39,53,14,34,-5,19
402,254,213,222,9,203,-10,19
214,279,177,186,9,167,-10,19
403,242,206,214,8,195,-11,19
213,319,123,133,10,114,-9,19
96,378,50,53,3,34,-16,19
246,340,85,99,14,80,-5,19
311,173,110,118,8,99,-11,19
310,176,105,118,13,99,-6,19
346,346,198,215,17,196,-2,19
566,139,32,34,2,15,-17,19
390,338,214,222,8,203,-11,19
33,306,59,78,19,59,0,19
33,307,68,78,10,59,-9,19
33,308,70,78,8,59,-11,19
85,324,146,155,9,136,-10,19
85,326,140,149,9,130,-10,19
85,331,124,133,9,114,-10,19
85,332,120,129,9,110,-10,19
152,292,172,181,9,162,-10,19
29,296,72,87,15,68,-4,19
246,330,90,101,11,82,-8,19
273,299,74,85,11,66,-8,19
346,280,219,231,12,212,-7,19
184,362,96,112,16,93,-3,19
88,231,39,53,14,34,-5,19
453,250,199,206,7,187,-12,19
347,178,43,53,10,34,-9,19
100,377,34,53,19,34,0,19
100,378,53,53,0,34,-19,19
143,287,116,125,9,106,-10,19
143,301,159,164,5,145,-14,19
136,253,72,80,8,61,-11,19
172,315,124,134,10,115,-9,19
339,95,103,112,9,93,-10,19
213,324,116,124,8,105,-11,19
213,325,116,124,8,105,-11,19
213,283,190,190,0,171,-19,19
310,232,232,235,3,216,-16,19
87,377,43,53,10,34,-9,19
85,300,151,165,14,146,-5,19
389,278,227,238,11,219,-8,19
389,321,186,204,18,185,-1,19
389,325,218,226,8,207,-11,19
368,239,211,218,7,199,-12,19
368,276,218,226,8,207,-11,19
63,256,46,53,7,34,-12,19
172,228,190,199,9,180,-10,19
172,230,195,199,4,180,-15,19
77,307,76,85,9,66,-10,19
129,325,158,164,6,145,-13,19
309,359,139,148,9,129,-10,19
51,242,70,78,8,59,-11,19
51,254,74,78,4,59,-15,19
185,227,160,172,12,153,-7,19
185,228,158,172,14,153,-5,19
452,250,199,207,8,188,-11,19
110,231,140,149,9,130,-10,19
156,309,85,95,10,76,-9,19
368,328,188,207,19,188,0,19
85,256,180,186,6,167,-13,19
85,257,180,187,7,168,-12,19
511,267,170,178,8,159,-11,19
172,220,178,190,12,171,-7,19
471,326,214,216,2,197,-17,19
77,308,76,87,11,68,-8,19
347,93,89,93,4,74,-15,19
274,233,249,249,0,230,-19,19
526,271,135,144,9,125,-10,19
526,272,143,154,11,135,-8,19
60,274,46,53,7,34,-12,19
60,279,43,53,10,34,-9,19
270,283,123,126,3,107,-16,19
389,262,217,227,10,208,-9,19
288,263,181,183,2,164,-17,19
288,264,183,183,0,164,-19,19
45,308,74,78,4,59,-15,19
171,315,126,136,10,117,-9,19
253,324,89,99,10,80,-9,19
185,321,153,158,5,139,-14,19
151,299,186,194,8,175,-11,19
151,309,70,80,10,61,-9,19
212,314,148,155,7,136,-12,19
212,315,142,151,9,132,-10,19
406,243,210,219,9,200,-10,19
309,179,105,115,10,96,-9,19
309,180,101,115,14,96,-5,19
309,192,87,89,2,70,-17,19
185,373,70,89,19,70,0,19
51,314,43,53,10,34,-9,19
309,178,111,117,6,98,-13,19
28,313,68,72,4,53,-15,19
186,291,173,182,9,163,-10,19
186,227,172,176,4,157,-15,19
245,340,82,99,17,80,-2,19
170,316,136,145,9,126,-10,19
369,231,76,87,11,68,-8,19
369,239,209,217,8,198,-11,19
222,305,151,158,7,139,-12,19
388,337,213,221,8,202,-11,19
319,211,87,89,2,70,-17,19
156,347,85,93,8,74,-11,19
156,319,167,170,3,151,-16,19
472,326,213,215,2,196,-17,19
406,333,226,230,4,211,-15,19
361,281,221,235,14,216,-5,19
88,334,131,138,7,119,-12,19
88,335,126,135,9,116,-10,19
88,336,122,131,9,112,-10,19
319,235,229,242,13,223,-6,19
280,245,240,249,9,230,-10,19
473,345,39,53,14,34,-5,19
169,381,68,80,12,61,-7,19
319,236,242,242,0,223,-19,19
156,373,59,72,13,53,-6,19
270,271,162,173,11,154,-8,19
170,315,127,137,10,118,-9,19
28,311,59,72,13,53,-6,19
185,369,56,72,16,53,-3,19
185,370,70,72,2,53,-17,19
308,291,167,169,2,150,-17,19
450,325,216,218,2,199,-17,19
348,86,87,95,8,76,-11,19
348,93,85,89,4,70,-15,19
274,291,112,120,8,101,-11,19
280,351,72,72,0,53,-19,19
222,297,152,157,5,138,-14,19
254,311,128,136,8,117,-11,19
475,255,200,206,6,187,-13,19
111,231,142,151,9,132,-10,19
337,234,215,223,8,204,-11,19
474,345,34,53,19,34,0,19
45,221,247,253,6,234,-13,19
169,366,101,115,14,96,-5,19
337,270,68,78,10,59,-9,19
406,289,43,53,10,34,-9,19
157,217,156,163,7,144,-12,19
157,221,140,153,13,134,-6,19
84,340,84,93,9,74,-10,19
168,306,93,111,18,92,-1,19
388,278,226,237,11,218,-8,19
168,381,72,80,8,61,-11,19
111,222,46,53,7,34,-12,19
136,246,93,109,16,90,-3,19
44,306,87,87,0,68,-19,19
84,344,76,85,9,66,-10,19
28,312,66,72,6,53,-13,19
360,508,34,53,19,34,0,19
407,326,212,219,7,200,-12,19
407,328,194,206,12,187,-7,19
295,221,78,87,9,68,-10,19
451,250,199,207,8,188,-11,19
187,286,171,177,6,158,-13,19
348,177,34,53,19,34,0,19
348,178,50,53,3,34,-16,19
96,227,39,53,14,34,-5,19
238,288,157,166,9,147,-10,19
408,328,195,208,13,189,-6,19
88,377,39,53,14,34,-5,19
274,290,115,124,9,105,-10,19
52,264,59,72,13,53,-6,19
84,325,136,146,10,127,-9,19
388,234,78,93,15,74,-4,19
222,311,132,136,4,117,-15,19
222,315,114,117,3,98,-16,19
84,351,64,72,8,53,-11,19
320,153,112,118,6,99,-13,19
157,213,164,170,6,151,-13,19
157,255,112,131,19,112,0,19
387,319,188,199,11,180,-8,19
387,320,184,199,15,180,-4,19
387,336,215,223,8,204,-11,19
68,248,39,53,14,34,-5,19
168,301,173,179,6,160,-13,19
477,65,20,39,19,20,0,19
336,271,61,72,11,53,-8,19
255,276,151,159,8,140,-11,19
168,230,186,197,11,178,-8,19
255,309,131,139,8,120,-11,19
320,235,223,242,19,223,0,19
320,236,240,242,2,223,-17,19
84,323,142,151,9,132,-10,19
449,300,34,53,19,34,0,19
187,281,178,189,11,170,-8,19
88,378,50,53,3,34,-16,19
28,244,251,254,3,235,-16,19
150,348,90,101,11,82,-8,19
150,350,89,101,12,82,-7,19
150,378,59,72,13,53,-6,19
150,389,251,254,3,235,-16,19
448,345,199,216,17,197,-2,19
52,313,43,53,10,34,-9,19
52,314,39,53,14,34,-5,19
63,356,39,53,14,34,-5,19
15,272,251,254,3,235,-16,19
63,357,50,53,3,34,-16,19
255,322,82,95,13,76,-6,19
269,355,85,93,8,74,-11,19
167,381,74,80,6,61,-13,19
157,247,157,170,13,151,-6,19
157,271,124,137,13,118,-6,19
84,288,186,193,7,174,-12,19
84,289,186,192,6,173,-13,19
255,314,106,117,11,98,-8,19
255,315,102,114,12,95,-7,19
167,368,116,122,6,103,-13,19
386,324,221,229,8,210,-11,19
223,269,155,162,7,143,-12,19
370,239,208,215,7,196,-12,19
387,278,224,236,12,217,-7,19
63,355,34,53,19,34,0,19
151,218,159,164,5,145,-14,19
307,359,141,149,8,130,-11,19
348,269,210,215,5,196,-14,19
187,311,87,95,8,76,-11,19
449,250,200,208,8,189,-11,19
84,287,187,194,7,175,-12,19
386,278,223,235,12,216,-7,19
223,287,164,172,8,153,-11,19
223,293,179,179,0,160,-19,19
166,381,74,80,6,61,-13,19
35,254,160,161,1,142,-18,19
44,222,248,253,5,234,-14,19
508,53,253,253,0,234,-19,19
138,237,154,158,4,139,-15,19
27,316,50,53,3,34,-16,19
360,319,209,214,5,195,-14,19
295,342,201,208,7,189,-12,19
145,280,92,95,3,76,-16,19
19,326,34,53,19,34,0,19
238,307,148,156,8,137,-11,19
238,308,146,156,10,137,-9,19
112,222,46,53,7,34,-12,19
287,262,183,183,0,164,-19,19
287,263,182,183,1,164,-18,19
101,378,50,53,3,34,-16,19
321,277,247,247,0,228,-19,19
269,271,160,170,10,151,-9,19
507,264,164,172,8,153,-11,19
306,421,254,254,0,235,-19,19
52,305,39,53,14,34,-5,19
52,312,43,53,10,34,-9,19
59,248,68,78,10,59,-9,19
188,323,158,163,5,144,-14,19
447,345,197,216,19,197,0,19
73,283,39,53,14,34,-5,19
52,299,43,53,10,34,-9,19
244,243,170,178,8,159,-11,19
150,292,173,180,7,161,-12,19
189,235,151,165,14,146,-5,19
349,93,80,85,5,66,-14,19
349,177,39,53,14,34,-5,19
349,178,53,53,0,34,-19,19
189,284,160,170,10,151,-9,19
189,225,182,186,4,167,-15,19
348,361,213,229,16,210,-3,19
43,296,74,89,15,70,-4,19
43,297,76,89,13,70,-6,19
141,303,142,151,9,132,-10,19
102,224,39,53,14,34,-5,19
385,340,203,211,8,192,-11,19
43,311,56,72,16,53,-3,19
78,337,43,53,10,34,-9,19
157,339,95,99,4,80,-15,19
83,386,253,254,1,235,-18,19
256,314,101,111,10,92,-9,19
43,283,78,85,7,66,-12,19
233,312,96,109,13,90,-6,19
370,319,225,229,4,210,-15,19
79,212,141,145,4,126,-15,19
138,302,158,167,9,148,-10,19
138,303,154,162,8,143,-11,19
444,249,195,203,8,184,-11,19
150,215,145,162,17,143,-2,19
306,195,82,89,7,70,-12,19
445,346,214,218,4,199,-15,19
189,231,190,193,3,174,-16,19
411,332,194,209,15,190,-4,19
95,378,50,53,3,34,-16,19
150,300,175,186,11,167,-8,19
412,243,201,209,8,190,-11,19
58,334,43,53,10,34,-9,19
130,221,39,53,14,34,-5,19
208,295,178,186,8,167,-11,19
190,350,111,122,11,103,-8,19
305,360,134,144,10,125,-9,19
385,83,34,53,19,34,0,19
385,241,207,213,6,194,-13,19
385,278,221,233,12,214,-7,19
166,212,253,254,1,235,-18,19
335,105,109,117,8,98,-11,19
165,367,102,114,12,95,-7,19
157,350,106,111,5,92,-14,19
157,372,56,72,16,53,-3,19
166,273,181,187,6,168,-13,19
321,442,46,53,7,34,-12,19
482,257,195,201,6,182,-13,19
257,279,145,153,8,134,-11,19
165,328,156,160,4,141,-15,19
165,339,140,148,8,129,-11,19
322,180,80,85,5,66,-14,19
384,323,220,228,8,209,-11,19
384,339,199,211,12,192,-7,19
233,289,109,120,11,101,-8,19
286,363,116,130,14,111,-5,19
256,319,92,99,7,80,-12,19
256,322,82,89,7,70,-12,19
256,328,92,93,1,74,-18,19
26,316,39,53,14,34,-5,19
26,312,70,72,2,53,-17,19
350,93,76,80,4,61,-15,19
359,508,34,53,19,34,0,19
305,190,101,112,11,93,-8,19
190,368,66,80,14,61,-5,19
132,343,56,72,16,53,-3,19
90,217,46,53,7,34,-12,19
90,230,39,53,14,34,-5,19
138,349,70,78,8,59,-11,19
83,343,72,80,8,61,-11,19
83,344,70,78,8,59,-11,19
281,231,248,254,6,235,-13,19
285,374,30,41,11,22,-8,19
67,360,39,53,14,34,-5,19
224,240,130,144,14,125,-5,19
322,231,223,228,5,209,-14,19
158,229,170,171,1,152,-18,19
322,206,90,93,3,74,-16,19
165,316,138,151,13,132,-6,19
207,295,177,186,9,167,-10,19
334,186,43,53,10,34,-9,19
268,278,128,134,6,115,-13,19
224,287,158,170,12,151,-7,19
233,247,122,135,13,116,-6,19
384,232,70,72,2,53,-17,19
384,241,208,214,6,195,-13,19
42,303,78,85,7,66,-12,19
334,233,218,224,6,205,-13,19
296,221,78,85,7,66,-12,19
95,237,162,166,4,147,-15,19
149,294,185,194,9,175,-10,19
73,237,64,72,8,53,-11,19
53,301,39,53,14,34,-5,19
350,177,39,53,14,34,-5,19
350,178,46,53,7,34,-12,19
277,297,105,115,10,96,-9,19
90,242,162,170,8,151,-11,19
42,250,117,124,7,105,-12,19
224,326,115,126,11,107,-8,19
42,278,98,103,5,84,-14,19
83,309,140,149,9,130,-10,19
158,310,93,106,13,87,-6,19
257,307,122,130,8,111,-11,19
158,283,169,178,9,159,-10,19
334,185,43,53,10,34,-9,19
138,350,72,78,6,59,-13,19
90,240,156,166,10,147,-9,19
191,228,184,190,6,171,-13,19
53,302,46,53,7,34,-12,19
414,333,195,210,15,191,-4,19
58,277,50,53,3,34,-16,19
72,371,53,53,0,34,-19,19
72,372,39,53,14,34,-5,19
191,368,72,80,8,61,-11,19
441,346,209,226,17,207,-2,19
54,215,250,255,5,236,-14,19
83,267,186,192,6,173,-13,19
112,231,144,151,7,132,-12,19
503,262,160,166,6,147,-13,19
42,234,195,202,7,183,-12,19
114,370,43,53,10,34,-9,19
323,180,78,85,7,66,-12,19
257,319,84,93,9,74,-10,19
191,316,80,85,5,66,-14,19
191,318,64,78,14,59,-5,19
90,216,43,53,10,34,-9,19
207,304,172,181,9,162,-10,19
383,84,39,53,14,34,-5,19
158,369,96,101,5,82,-14,19
158,374,80,85,5,66,-14,19
258,280,142,149,7,130,-12,19
79,340,43,53,10,34,-9,19
42,225,249,253,4,234,-15,19
304,195,95,103,8,84,-11,19
192,316,72,80,8,61,-11,19
20,310,43,53,10,34,-9,19
358,508,34,53,19,34,0,19
415,328,216,223,7,204,-12,19
148,347,80,87,7,68,-12,19
239,289,165,175,10,156,-9,19
73,223,68,72,4,53,-15,19
138,345,74,80,6,61,-13,19
148,389,251,254,3,235,-16,19
304,191,102,115,13,96,-6,19
54,244,61,72,11,53,-8,19
20,326,50,53,3,34,-16,19
70,371,43,53,10,34,-9,19
206,295,178,186,8,167,-11,19
131,377,59,72,13,53,-6,19
193,364,127,133,6,114,-13,19
41,296,85,89,4,70,-15,19
41,303,68,85,17,66,-2,19
324,128,254,255,1,236,-18,19
324,180,78,85,7,66,-12,19
486,258,190,196,6,177,-13,19
502,262,164,170,6,151,-13,19
163,368,106,117,11,98,-8,19
332,353,163,178,15,159,-4,19
41,308,61,72,11,53,-8,19
58,247,74,78,4,59,-15,19
205,340,122,131,9,112,-10,19
239,303,160,168,8,149,-11,19
57,359,43,53,10,34,-9,19
148,295,188,196,8,177,-11,19
148,307,64,78,14,59,-5,19
103,230,123,125,2,106,-17,19
103,233,136,148,12,129,-7,19
382,333,218,225,7,206,-12,19
266,315,56,72,16,53,-3,19
37,287,66,85,19,66,0,19
37,288,68,85,17,66,-2,19
501,330,214,225,11,206,-8,19
163,311,114,125,11,106,-8,19
258,319,74,87,13,68,-6,19
304,188,117,120,3,101,-16,19
358,236,215,221,6,202,-13,19
418,337,221,227,6,208,-13,19
303,201,109,112,3,93,-16,19
536,535,253,255,2,236,-17,19
148,284,114,122,8,103,-11,19
303,219,78,87,9,68,-10,19
352,93,68,72,4,53,-15,19
259,314,84,93,9,74,-10,19
284,362,134,141,7,122,-12,19
225,326,115,126,11,107,-8,19
382,84,39,53,14,34,-5,19
487,274,188,207,19,188,0,19
41,284,72,80,8,61,-11,19
25,290,89,99,10,80,-9,19
303,361,129,136,7,117,-12,19
275,298,92,101,9,82,-10,19
331,353,170,178,8,159,-11,19
82,343,61,72,11,53,-8,19
159,268,125,137,12,118,-7,19
159,269,135,137,2,118,-17,19
159,270,133,137,4,118,-15,19
381,335,196,210,14,191,-5,19
259,293,130,139,9,120,-10,19
259,294,128,139,11,120,-8,19
259,302,124,133,9,114,-10,19
259,303,123,130,7,111,-12,19
259,312,89,99,10,80,-9,19
163,223,103,122,19,103,0,19
259,271,92,111,19,92,0,19
259,272,95,111,16,92,-3,19
351,326,211,215,4,196,-15,19
94,378,46,53,7,34,-12,19
358,81,50,53,3,34,-16,19
419,244,180,189,9,170,-10,19
419,335,199,213,14,194,-5,19
303,192,115,115,0,96,-19,19
303,193,107,115,8,96,-11,19
108,225,70,78,8,59,-11,19
72,278,43,53,10,34,-9,19
131,247,175,177,2,158,-17,19
437,248,192,201,9,182,-10,19
195,314,64,72,8,53,-11,19
41,226,248,253,5,234,-14,19
226,301,133,144,11,125,-8,19
226,303,129,141,12,122,-7,19
381,84,39,53,14,34,-5,19
266,243,161,174,13,155,-6,19
331,314,37,40,3,21,-16,19
204,308,125,136,11,117,-8,19
196,324,145,154,9,135,-10,19
380,84,39,53,14,34,-5,19
82,315,137,144,7,125,-12,19
82,316,136,144,8,125,-11,19
260,282,128,136,8,117,-11,19
260,283,128,136,8,117,-11,19
260,284,128,136,8,117,-11,19
499,331,219,225,6,206,-13,19
135,322,50,53,3,34,-16,19
162,346,125,134,9,115,-10,19
195,317,66,80,14,61,-5,19
195,309,46,53,7,34,-12,19
196,225,253,253,0,234,-19,19
297,212,99,106,7,87,-12,19
357,508,34,53,19,34,0,19
302,219,82,89,7,70,-12,19
197,291,153,163,10,144,-9,19
197,293,153,163,10,144,-9,19
433,248,195,203,8,184,-11,19
302,201,103,112,9,93,-10,19
260,313,80,89,9,70,-10,19
40,312,39,53,14,34,-5,19
159,310,96,106,10,87,-9,19
499,274,187,206,19,187,0,19
265,317,56,72,16,53,-3,19
435,241,95,111,16,92,-3,19
435,348,229,229,0,210,-19,19
24,319,46,53,7,34,-12,19
147,347,84,87,3,68,-16,19
302,362,122,130,8,111,-11,19
204,300,162,170,8,151,-11,19
203,316,130,137,7,118,-12,19
421,336,200,213,13,194,-6,19
357,76,254,254,0,235,-19,19
147,295,182,192,10,173,-9,19
147,300,164,178,14,159,-5,19
228,244,134,139,5,120,-14,19
232,248,135,141,6,122,-13,19
379,321,220,228,8,209,-11,19
40,297,70,85,15,66,-4,19
40,284,80,89,9,70,-10,19
326,134,115,118,3,99,-16,19
326,136,117,118,1,99,-18,19
113,366,64,72,8,53,-11,19
113,369,46,53,7,34,-12,19
434,248,195,203,8,184,-11,19
196,299,90,101,11,82,-8,19
277,244,250,252,2,233,-17,19
147,283,103,114,11,95,-8,19
354,76,254,254,0,235,-19,19
147,287,116,128,12,109,-7,19
23,307,85,85,0,66,-19,19
353,508,34,53,19,34,0,19
65,360,53,53,0,34,-19,19
160,251,167,172,5,153,-14,19
82,270,183,188,5,169,-14,19
162,218,173,179,6,160,-13,19
301,410,253,253,0,234,-19,19
203,294,173,183,10,164,-9,19
57,219,196,197,1,178,-18,19
276,242,244,252,8,233,-11,19
94,228,39,53,14,34,-5,19
239,360,253,253,0,234,-19,19
261,290,118,126,8,107,-11,19
261,292,116,125,9,106,-10,19
261,293,115,124,9,105,-10,19
329,240,235,245,10,226,-9,19
229,244,128,138,10,119,-9,19
326,239,237,245,8,226,-11,19
261,274,87,106,19,87,0,19
161,333,106,115,9,96,-10,19
161,335,99,111,12,92,-7,19
161,339,80,99,19,80,0,19
161,347,118,126,8,107,-11,19
81,228,53,53,0,34,-19,19
81,229,50,53,3,34,-16,19
161,372,66,80,14,61,-5,19
276,249,167,170,3,151,-16,19
277,242,240,250,10,231,-9,19
356,508,34,53,19,34,0,19
56,358,46,53,7,34,-12,19
202,319,136,143,7,124,-12,19
356,313,66,80,14,61,-5,19
545,536,252,253,1,234,-18,19
430,248,197,205,8,186,-11,19
55,353,50,53,3,34,-16,19
377,330,220,225,5,206,-14,19
377,337,218,224,6,205,-13,19
377,357,223,225,2,206,-17,19
160,266,137,143,6,124,-13,19
161,316,155,163,8,144,-11,19
161,317,157,163,6,144,-13,19
263,319,74,80,6,61,-13,19
263,320,70,80,10,61,-9,19
263,321,64,78,14,59,-5,19
327,194,89,95,6,76,-13,19
283,222,98,103,5,84,-14,19
262,266,154,163,9,144,-10,19
261,311,78,89,11,70,-8,19
38,310,43,53,10,34,-9,19
38,317,43,53,10,34,-9,19
263,357,103,103,0,84,-19,19
82,237,39,53,14,34,-5,19
82,238,46,53,7,34,-12,19
82,239,46,53,7,34,-12,19
329,202,34,53,19,34,0,19
492,56,253,254,1,235,-18,19
301,201,101,112,11,93,-8,19
301,220,76,85,9,66,-10,19
56,356,50,53,3,34,-16,19
56,357,46,53,7,34,-12,19
263,297,93,103,10,84,-9,19
81,275,183,189,6,170,-13,19
81,276,184,190,6,171,-13,19
262,287,111,118,7,99,-12,19
39,310,39,53,14,34,-5,19
81,279,185,191,6,172,-13,19
21,320,43,53,10,34,-9,19
199,285,182,186,4,167,-15,19
71,371,46,53,7,34,-12,19
71,372,34,53,19,34,0,19
116,379,43,53,10,34,-9,19
23,283,93,101,8,82,-11,19
300,281,173,176,3,157,-16,19
276,296,106,114,8,95,-11,19
354,508,34,53,19,34,0,19
355,76,254,254,0,235,-19,19
93,237,152,163,11,144,-8,19
263,294,96,106,10,87,-9,19
263,288,99,111,12,92,-7,19
39,228,252,252,0,233,-19,19
39,286,76,93,17,74,-2,19
328,307,34,40,6,21,-13,19
328,308,32,40,8,21,-11,19
328,309,31,40,9,21,-10,19
328,310,29,40,11,21,-8,19
327,239,233,244,11,225,-8,19
263,283,105,111,6,92,-13,19
262,292,107,117,10,98,-9,19
240,290,175,184,9,165,-10,19
240,291,176,186,10,167,-9,19
201,367,253,253,0,234,-19,19
544,49,254,254,0,235,-19,19
115,366,68,78,10,59,-9,19
104,233,142,148,6,129,-13,19
495,55,252,253,1,234,-18,19
160,349,118,126,8,107,-11,19
263,232,252,254,2,235,-17,19
263,233,254,254,0,235,-19,19
263,234,254,254,0,235,-19,19
263,235,253,255,2,236,-17,19
327,354,165,173,8,154,-11,19
135,348,34,53,19,34,0,19
161,219,179,179,0,160,-19,19
39,283,89,99,10,80,-9,19
81,318,123,134,11,115,-8,19
327,305,33,39,6,20,-13,19
160,321,134,149,15,130,-4,19
299,221,72,80,8,61,-11,19
346,506,43,46,3,28,-15,18
184,380,252,253,1,235,-17,18
453,280,46,46,0,28,-18,18
51,246,59,74,15,56,-3,18
66,349,34,39,5,21,-13,18
66,348,28,39,11,21,-7,18
230,309,90,103,13,85,-5,18
375,272,215,225,10,207,-8,18
454,280,46,46,0,28,-18,18
454,279,28,46,18,28,0,18
51,253,66,74,8,56,-10,18
74,225,53,61,8,43,-10,18
74,245,59,68,9,50,-9,18
74,240,53,68,15,50,-3,18
74,237,56,64,8,46,-10,18
185,294,190,195,5,177,-13,18
246,329,95,103,8,85,-10,18
282,225,66,82,16,64,-2,18
66,350,39,39,0,21,-18,18
346,290,39,46,7,28,-11,18
455,279,28,46,18,28,0,18
455,280,46,46,0,28,-18,18
183,370,64,68,4,50,-14,18
74,247,64,68,4,50,-14,18
74,246,59,68,9,50,-9,18
452,280,46,46,0,28,-18,18
245,330,95,103,8,85,-10,18
346,312,21,39,18,21,0,18
50,331,28,39,11,21,-7,18
455,314,34,39,5,21,-13,18
186,228,169,176,7,158,-11,18
347,284,242,243,1,225,-17,18
50,361,34,39,5,21,-13,18
104,230,119,129,10,111,-8,18
11,285,252,252,0,234,-18,18
375,336,222,227,5,209,-13,18
375,320,223,229,6,211,-12,18
104,218,28,46,18,28,0,18
104,365,56,64,8,46,-10,18
50,317,61,61,0,43,-18,18
456,280,46,46,0,28,-18,18
456,279,34,46,12,28,-6,18
245,254,107,123,16,105,-2,18
74,207,251,252,1,234,-17,18
73,379,43,46,3,28,-15,18
50,330,34,39,5,21,-13,18
50,328,28,46,18,28,0,18
245,258,112,124,12,106,-6,18
456,523,28,39,11,21,-7,18
247,262,123,130,7,112,-11,18
375,418,34,39,5,21,-13,18
142,253,137,138,1,120,-17,18
283,257,180,183,3,165,-15,18
104,231,124,137,13,119,-5,18
451,280,46,46,0,28,-18,18
51,330,39,46,7,28,-11,18
51,329,34,46,12,28,-6,18
51,328,43,46,3,28,-15,18
346,174,34,46,12,28,-6,18
457,65,20,36,16,18,-2,18
450,344,201,219,18,201,0,18
346,93,93,96,3,78,-15,18
346,84,90,96,6,78,-12,18
50,290,56,64,8,46,-10,18
50,289,53,64,11,46,-7,18
457,290,39,39,0,21,-18,18
457,279,34,46,12,28,-6,18
375,412,34,39,5,21,-13,18
230,285,142,151,9,133,-9,18
283,362,138,146,8,128,-10,18
283,357,143,158,15,140,-3,18
186,370,72,74,2,56,-16,18
186,369,64,74,10,56,-8,18
186,365,139,144,5,126,-13,18
348,85,82,92,10,74,-8,18
74,298,39,46,7,28,-11,18
74,297,34,46,12,28,-6,18
74,296,34,46,12,28,-6,18
182,319,144,151,7,133,-11,18
182,310,116,123,7,105,-11,18
133,376,59,68,9,50,-9,18
345,505,46,46,0,28,-18,18
345,504,46,46,0,28,-18,18
66,373,39,46,7,28,-11,18
141,325,64,64,0,46,-18,18
141,324,61,64,3,46,-15,18
573,139,34,39,5,21,-13,18
458,279,34,46,12,28,-6,18
457,523,21,39,18,21,0,18
247,268,149,158,9,140,-9,18
50,253,61,74,13,56,-5,18
458,290,39,39,0,21,-18,18
50,257,70,84,14,66,-4,18
182,303,165,175,10,157,-8,18
245,243,167,178,11,160,-7,18
450,250,199,207,8,189,-10,18
52,246,61,74,13,56,-5,18
52,245,61,74,13,56,-5,18
345,315,43,46,3,28,-15,18
345,313,21,39,18,21,0,18
375,510,34,39,5,21,-13,18
375,509,34,39,5,21,-13,18
141,327,61,68,7,50,-11,18
105,218,39,46,7,28,-11,18
182,234,165,175,10,157,-8,18
134,220,50,61,11,43,-7,18
74,330,28,39,11,21,-7,18
458,523,21,39,18,21,0,18
345,276,205,213,8,195,-10,18
49,361,34,39,5,21,-13,18
247,339,89,98,9,80,-9,18
247,338,87,98,11,80,-7,18
247,328,95,103,8,85,-10,18
376,240,204,211,7,193,-11,18
376,289,28,39,11,21,-7,18
348,299,34,39,5,21,-13,18
348,298,39,46,7,28,-11,18
449,325,215,218,3,200,-15,18
74,332,28,39,11,21,-7,18
74,331,28,39,11,21,-7,18
459,279,39,46,7,28,-11,18
74,328,28,39,11,21,-7,18
74,323,34,46,12,28,-6,18
187,312,87,96,9,78,-9,18
49,312,53,61,8,43,-10,18
49,311,46,61,15,43,-3,18
49,310,43,61,18,43,0,18
459,348,39,39,0,21,-18,18
459,347,21,39,18,21,0,18
345,174,39,46,7,28,-11,18
103,232,129,142,13,124,-5,18
374,272,219,227,8,209,-10,18
281,245,237,248,11,230,-7,18
52,267,66,68,2,50,-16,18
344,504,34,46,12,28,-6,18
344,503,43,46,3,28,-15,18
248,262,117,127,10,109,-8,18
248,261,112,123,11,105,-7,18
248,260,110,117,7,99,-11,18
344,499,39,46,7,28,-11,18
73,304,34,46,12,28,-6,18
73,303,34,46,12,28,-6,18
73,302,34,46,12,28,-6,18
460,279,39,46,7,28,-11,18
74,359,28,39,11,21,-7,18
229,313,92,103,11,85,-7,18
285,224,68,84,16,66,-2,18
344,316,43,46,3,28,-15,18
74,379,46,46,0,28,-18,18
49,295,50,61,11,43,-7,18
348,337,221,221,0,203,-18,18
248,270,157,165,8,147,-10,18
248,269,151,160,9,142,-9,18
248,267,140,149,9,131,-9,18
344,278,203,212,9,194,-9,18
188,229,175,183,8,165,-10,18
460,348,39,39,0,21,-18,18
460,347,28,39,11,21,-7,18
344,277,200,209,9,191,-9,18
180,370,56,61,5,43,-13,18
461,60,254,254,0,236,-18,18
377,229,28,46,18,28,0,18
377,81,28,39,11,21,-7,18
285,361,138,142,4,124,-14,18
66,284,43,46,3,28,-15,18
66,282,34,46,12,28,-6,18
376,418,34,39,5,21,-13,18
188,235,152,165,13,147,-5,18
248,326,102,110,8,92,-10,18
180,318,132,144,12,126,-6,18
188,313,82,90,8,72,-10,18
179,372,56,61,5,43,-13,18
179,371,46,61,15,43,-3,18
179,319,141,150,9,132,-9,18
75,258,39,46,7,28,-11,18
75,257,39,46,7,28,-11,18
349,88,85,90,5,72,-13,18
349,86,84,90,6,72,-12,18
48,327,21,39,18,21,0,18
462,252,204,210,6,192,-12,18
48,371,252,253,1,235,-17,18
48,361,34,39,5,21,-13,18
343,347,196,206,10,188,-8,18
446,250,202,210,8,192,-10,18
446,345,199,215,16,197,-2,18
249,267,136,145,9,127,-9,18
445,351,39,46,7,28,-11,18
188,378,251,254,3,236,-15,18
189,282,165,176,11,158,-7,18
244,258,122,127,5,109,-13,18
75,317,53,61,8,43,-10,18
75,316,53,61,8,43,-10,18
249,265,128,135,7,117,-11,18
286,356,136,151,15,133,-3,18
376,510,39,39,0,21,-18,18
343,279,201,208,7,190,-11,18
343,302,34,39,5,21,-13,18
463,64,32,35,3,17,-15,18
343,248,247,249,2,231,-16,18
48,307,50,61,11,43,-7,18
48,295,53,61,8,43,-10,18
463,314,34,39,5,21,-13,18
53,249,72,82,10,64,-8,18
53,248,74,82,8,64,-10,18
243,342,85,102,17,84,-1,18
48,267,56,64,8,46,-10,18
48,266,59,61,2,43,-16,18
349,311,21,39,18,21,0,18
349,300,34,39,5,21,-13,18
189,312,72,82,10,64,-8,18
464,64,32,35,3,17,-15,18
66,266,34,39,5,21,-13,18
377,296,46,46,0,28,-18,18
377,295,43,46,3,28,-15,18
229,293,130,134,4,116,-14,18
189,350,114,123,9,105,-9,18
178,313,96,107,11,89,-7,18
75,328,34,46,12,28,-6,18
177,374,53,64,11,46,-7,18
75,359,28,39,11,21,-7,18
342,315,21,39,18,21,0,18
464,313,34,39,5,21,-13,18
249,327,92,102,10,84,-8,18
53,283,56,61,5,43,-13,18
53,261,90,90,0,72,-18,18
177,230,202,202,0,184,-18,18
143,238,135,149,14,131,-4,18
374,94,34,39,5,21,-13,18
143,237,143,153,10,135,-8,18
132,376,56,64,8,46,-10,18
443,521,34,39,5,21,-13,18
190,226,182,186,4,168,-14,18
465,64,29,35,6,17,-12,18
465,60,254,254,0,236,-18,18
465,282,43,46,3,28,-15,18
465,317,34,39,5,21,-13,18
465,313,39,39,0,21,-18,18
47,363,34,46,12,28,-6,18
349,338,221,221,0,203,-18,18
76,235,43,46,3,28,-15,18
443,520,28,39,11,21,-7,18
373,418,28,39,11,21,-7,18
377,411,39,39,0,21,-18,18
377,334,194,209,15,191,-3,18
143,227,133,135,2,117,-16,18
73,235,64,68,4,50,-14,18
243,257,120,127,7,109,-11,18
53,297,34,46,12,28,-6,18
341,316,21,39,18,21,0,18
251,262,98,111,13,93,-5,18
176,313,107,116,9,98,-9,18
47,326,21,39,18,21,0,18
176,230,202,202,0,184,-18,18
47,305,56,64,8,46,-10,18
47,301,68,68,0,50,-18,18
47,297,59,68,9,50,-9,18
443,249,196,204,8,186,-10,18
442,520,28,39,11,21,-7,18
190,363,116,127,11,109,-7,18
190,362,110,116,6,98,-12,18
377,511,28,39,11,21,-7,18
53,305,34,46,12,28,-6,18
251,272,154,163,9,145,-9,18
251,271,150,159,9,141,-9,18
442,249,196,204,8,186,-10,18
190,369,76,82,6,64,-12,18
466,317,34,39,5,21,-13,18
466,312,39,39,0,21,-18,18
341,176,34,46,12,28,-6,18
175,303,155,163,8,145,-10,18
340,359,194,199,5,181,-13,18
441,520,28,39,11,21,-7,18
53,331,43,46,3,28,-15,18
350,327,214,218,4,200,-14,18
47,292,53,64,11,46,-7,18
76,338,28,39,11,21,-7,18
76,337,28,39,11,21,-7,18
467,253,202,208,6,190,-12,18
53,348,34,39,5,21,-13,18
132,310,170,178,8,160,-10,18
228,334,107,116,9,98,-9,18
280,244,232,245,13,227,-5,18
175,315,122,130,8,112,-10,18
175,230,202,202,0,184,-18,18
467,317,34,39,5,21,-13,18
467,311,39,39,0,21,-18,18
191,363,115,127,12,109,-6,18
53,337,28,39,11,21,-7,18
73,225,53,61,8,43,-10,18
73,224,61,68,7,50,-11,18
174,315,119,130,11,112,-7,18
340,318,34,39,5,21,-13,18
340,317,28,39,11,21,-7,18
288,298,124,136,12,118,-6,18
378,82,39,46,7,28,-11,18
67,245,46,61,15,43,-3,18
67,244,53,64,11,46,-7,18
53,341,28,39,11,21,-7,18
53,340,34,39,5,21,-13,18
53,339,34,39,5,21,-13,18
76,359,28,39,11,21,-7,18
441,249,197,205,8,187,-10,18
47,221,239,247,8,229,-10,18
47,220,242,252,10,234,-8,18
174,230,198,202,4,184,-14,18
378,286,28,39,11,21,-7,18
378,285,39,39,0,21,-18,18
65,373,34,46,12,28,-6,18
288,361,119,132,13,114,-5,18
440,346,208,226,18,208,0,18
252,243,164,174,10,156,-8,18
468,310,39,39,0,21,-18,18
468,309,34,39,5,21,-13,18
77,224,59,68,9,50,-9,18
252,255,156,162,6,144,-12,18
77,212,132,144,12,126,-6,18
440,520,34,39,5,21,-13,18
468,317,34,39,5,21,-13,18
173,374,46,64,18,46,0,18
468,527,21,39,18,21,0,18
252,273,155,162,7,144,-11,18
77,248,59,64,5,46,-13,18
228,312,103,110,7,92,-11,18
228,311,107,111,4,93,-14,18
100,383,56,61,5,43,-13,18
192,349,116,125,9,107,-9,18
469,317,34,39,5,21,-13,18
439,520,34,39,5,21,-13,18
440,249,198,206,8,188,-10,18
54,249,82,82,0,64,-18,18
54,246,68,74,6,56,-12,18
131,371,85,90,5,72,-13,18
339,295,39,46,7,28,-11,18
77,255,50,64,14,46,-4,18
339,265,66,68,2,50,-16,18
193,311,28,39,11,21,-7,18
439,519,28,39,11,21,-7,18
439,473,34,39,5,21,-13,18
72,362,34,46,12,28,-6,18
470,317,34,39,5,21,-13,18
115,220,34,39,5,21,-13,18
373,310,28,39,11,21,-7,18
373,309,28,39,11,21,-7,18
373,300,34,46,12,28,-6,18
232,287,123,133,10,115,-8,18
378,294,34,46,12,28,-6,18
252,324,95,103,8,85,-10,18
252,322,105,111,6,93,-12,18
438,520,39,39,0,21,-18,18
438,519,28,39,11,21,-7,18
338,295,39,46,7,28,-11,18
338,294,46,46,0,28,-18,18
471,254,200,207,7,189,-11,18
378,511,28,39,11,21,-7,18
289,304,117,127,10,109,-8,18
106,221,34,46,12,28,-6,18
228,308,112,117,5,99,-13,18
77,310,80,90,10,72,-8,18
134,376,61,68,7,50,-11,18
54,271,59,61,2,43,-16,18
131,311,178,185,7,167,-11,18
131,280,186,191,5,173,-13,18
351,310,21,39,18,21,0,18
134,375,53,64,11,46,-7,18
438,324,213,217,4,199,-14,18
471,298,34,39,5,21,-13,18
77,341,34,39,5,21,-13,18
77,340,34,39,5,21,-13,18
45,320,68,68,0,50,-18,18
279,299,106,114,8,96,-10,18
279,297,115,123,8,105,-10,18
289,376,34,46,12,28,-6,18
378,295,43,46,3,28,-15,18
72,320,28,39,11,21,-7,18
72,319,28,39,11,21,-7,18
72,318,28,39,11,21,-7,18
72,317,28,39,11,21,-7,18
437,474,34,39,5,21,-13,18
194,364,123,132,9,114,-9,18
54,297,39,46,7,28,-11,18
54,289,28,46,18,28,0,18
54,288,34,46,12,28,-6,18
351,421,28,39,11,21,-7,18
351,420,28,39,11,21,-7,18
253,321,102,110,8,92,-10,18
379,269,219,227,8,209,-10,18
378,411,34,39,5,21,-13,18
54,285,53,61,8,43,-10,18
438,241,93,103,10,85,-8,18
77,337,39,46,7,28,-11,18
77,336,39,46,7,28,-11,18
54,304,43,46,3,28,-15,18
352,91,43,61,18,43,0,18
54,313,28,46,18,28,0,18
54,303,39,46,7,28,-11,18
54,302,34,46,12,28,-6,18
54,300,39,39,0,21,-18,18
54,299,28,39,11,21,-7,18
171,220,180,190,10,172,-8,18
78,212,140,145,5,127,-13,18
78,211,138,145,7,127,-11,18
54,323,43,46,3,28,-15,18
106,218,43,46,3,28,-15,18
54,322,46,46,0,28,-18,18
54,321,39,46,7,28,-11,18
72,280,34,46,12,28,-6,18
170,301,174,178,4,160,-14,18
170,231,178,193,15,175,-3,18
436,474,34,39,5,21,-13,18
77,359,28,39,11,21,-7,18
337,321,34,39,5,21,-13,18
337,293,46,46,0,28,-18,18
72,282,34,46,12,28,-6,18
72,281,34,46,12,28,-6,18
54,320,28,46,18,28,0,18
54,317,34,39,5,21,-13,18
54,346,34,46,12,28,-6,18
54,345,28,46,18,28,0,18
54,344,28,46,18,28,0,18
65,345,34,39,5,21,-13,18
563,138,12,22,10,4,-8,18
290,302,129,136,7,118,-11,18
290,301,132,138,6,120,-12,18
290,293,157,164,7,146,-11,18
78,252,50,61,11,43,-7,18
78,248,50,64,14,46,-4,18
78,247,50,64,14,46,-4,18
78,246,53,64,11,46,-7,18
169,316,137,145,8,127,-10,18
169,315,128,137,9,119,-9,18
475,66,34,37,3,19,-15,18
44,316,53,64,11,46,-7,18
352,310,28,39,11,21,-7,18
169,221,168,178,10,160,-8,18
379,331,220,226,6,208,-12,18
379,270,213,223,10,205,-8,18
65,347,28,39,11,21,-7,18
65,346,21,39,18,21,0,18
254,331,92,92,0,74,-18,18
435,474,34,39,5,21,-13,18
476,66,37,37,0,19,-18,18
169,301,174,178,4,160,-14,18
44,281,74,90,16,72,-2,18
435,353,43,46,3,28,-15,18
54,368,39,39,0,21,-18,18
476,293,34,39,5,21,-13,18
476,292,39,39,0,21,-18,18
54,355,34,46,12,28,-6,18
255,243,164,173,9,155,-9,18
476,344,39,46,7,28,-11,18
279,243,229,245,16,227,-2,18
141,239,125,138,13,120,-5,18
373,287,28,39,11,21,-7,18
44,280,72,90,18,72,0,18
255,308,134,142,8,124,-10,18
434,353,46,46,0,28,-18,18
352,337,209,218,9,200,-9,18
352,313,56,61,5,43,-13,18
72,267,34,39,5,21,-13,18
72,266,34,39,5,21,-13,18
72,261,28,39,11,21,-7,18
255,323,84,92,8,74,-10,18
433,518,21,39,18,21,0,18
196,313,53,64,11,46,-7,18
196,300,85,90,5,72,-13,18
256,243,161,173,12,155,-6,18
135,274,53,61,8,43,-10,18
135,273,53,64,11,46,-7,18
135,270,53,61,8,43,-10,18
352,366,43,46,3,28,-15,18
335,400,34,39,5,21,-13,18
335,399,28,39,11,21,-7,18
353,93,64,68,4,50,-14,18
353,91,43,61,18,43,0,18
433,475,39,39,0,21,-18,18
78,333,50,61,11,43,-7,18
43,324,34,39,5,21,-13,18
43,323,21,39,18,21,0,18
256,258,162,169,7,151,-11,18
335,398,28,39,11,21,-7,18
43,315,46,61,15,43,-3,18
43,314,56,61,5,43,-13,18
43,313,61,61,0,43,-18,18
379,489,28,39,11,21,-7,18
67,262,34,39,5,21,-13,18
67,261,28,39,11,21,-7,18
279,246,249,252,3,234,-15,18
279,245,245,250,5,232,-13,18
291,310,116,125,9,107,-9,18
479,289,39,39,0,21,-18,18
432,519,39,39,0,21,-18,18
432,518,21,39,18,21,0,18
432,475,39,39,0,21,-18,18
480,297,34,39,5,21,-13,18
480,289,34,39,5,21,-13,18
480,275,204,204,0,186,-18,18
55,289,43,46,3,28,-15,18
55,285,46,61,15,43,-3,18
43,281,87,90,3,72,-15,18
43,280,90,90,0,72,-18,18
166,264,174,180,6,162,-12,18
256,307,129,137,8,119,-10,18
380,269,214,224,10,206,-8,18
380,268,220,228,8,210,-10,18
380,241,210,217,7,199,-11,18
291,380,50,50,0,32,-18,18
166,272,178,185,7,167,-11,18
197,303,59,68,9,50,-9,18
166,268,175,182,7,164,-11,18
165,381,78,82,4,64,-14,18
432,248,196,204,8,186,-10,18
481,288,34,39,5,21,-13,18
481,287,39,39,0,21,-18,18
481,297,39,39,0,21,-18,18
197,312,53,64,11,46,-7,18
55,302,28,39,11,21,-7,18
55,301,28,39,11,21,-7,18
55,300,21,39,18,21,0,18
55,297,43,46,3,28,-15,18
432,316,34,39,5,21,-13,18
79,225,53,61,8,43,-10,18
334,489,254,254,0,236,-18,18
79,249,50,64,14,46,-4,18
334,401,34,39,5,21,-13,18
42,358,43,46,3,28,-15,18
256,325,76,92,16,74,-2,18
334,352,169,181,12,163,-6,18
257,259,162,169,7,151,-11,18
257,243,161,172,11,154,-7,18
256,333,56,74,18,56,0,18
55,318,34,39,5,21,-13,18
55,317,39,39,0,21,-18,18
98,235,151,156,5,138,-13,18
98,217,34,46,12,28,-6,18
42,324,39,39,0,21,-18,18
42,323,28,39,11,21,-7,18
42,322,21,39,18,21,0,18
165,340,141,147,6,129,-12,18
431,316,34,39,5,21,-13,18
55,323,39,46,7,28,-11,18
55,322,28,46,18,28,0,18
55,321,28,46,18,28,0,18
55,314,34,46,12,28,-6,18
55,313,43,46,3,28,-15,18
431,248,197,204,7,186,-11,18
42,305,66,82,16,64,-2,18
373,96,34,39,5,21,-13,18
144,319,53,68,15,50,-3,18
65,284,43,46,3,28,-15,18
334,191,28,46,18,28,0,18
257,314,95,105,10,87,-8,18
42,311,56,61,5,43,-13,18
198,309,59,68,9,50,-9,18
241,247,153,156,3,138,-15,18
334,271,56,64,8,46,-10,18
165,257,176,180,4,162,-14,18
354,263,221,228,7,210,-11,18
42,283,76,84,8,66,-10,18
165,258,173,180,7,162,-11,18
165,216,162,168,6,150,-12,18
198,306,64,74,10,56,-8,18
430,316,34,39,5,21,-13,18
429,476,39,39,0,21,-18,18
65,266,34,39,5,21,-13,18
144,311,56,74,18,56,0,18
292,307,128,137,9,119,-9,18
120,371,53,64,11,46,-7,18
164,374,43,61,18,43,0,18
333,403,39,39,0,21,-18,18
55,351,46,61,15,43,-3,18
71,362,39,46,7,28,-11,18
333,317,34,39,5,21,-13,18
333,316,28,39,11,21,-7,18
333,315,28,39,11,21,-7,18
333,314,34,39,5,21,-13,18
257,325,84,92,8,74,-10,18
114,373,39,46,7,28,-11,18
380,410,39,39,0,21,-18,18
380,489,28,39,11,21,-7,18
65,282,39,46,7,28,-11,18
65,281,34,46,12,28,-6,18
373,94,34,39,5,21,-13,18
226,304,127,138,11,120,-7,18
429,316,34,39,5,21,-13,18
114,366,66,74,8,56,-10,18
333,285,34,39,5,21,-13,18
333,284,28,39,11,21,-7,18
164,311,115,125,10,107,-8,18
258,260,163,169,6,151,-12,18
114,368,53,64,11,46,-7,18
114,367,59,68,9,50,-9,18
55,369,39,39,0,21,-18,18
55,368,28,39,11,21,-7,18
55,359,34,46,12,28,-6,18
55,358,34,46,12,28,-6,18
135,306,161,172,11,154,-7,18
79,337,50,61,11,43,-7,18
333,186,50,61,11,43,-7,18
226,292,141,153,12,135,-6,18
293,270,175,182,7,164,-11,18
106,232,142,147,5,129,-13,18
333,185,53,61,8,43,-10,18
354,420,21,39,18,21,0,18
333,184,53,61,8,43,-10,18
163,378,53,64,11,46,-7,18
41,325,28,39,11,21,-7,18
41,324,28,39,11,21,-7,18
485,292,34,39,5,21,-13,18
485,274,189,206,17,188,-1,18
333,98,254,254,0,236,-18,18
97,366,59,61,2,43,-16,18
427,479,28,39,11,21,-7,18
428,316,34,39,5,21,-13,18
135,305,167,174,7,156,-11,18
355,92,43,61,18,43,0,18
355,227,28,46,18,28,0,18
332,404,39,39,0,21,-18,18
486,274,188,206,18,188,0,18
163,344,132,137,5,119,-13,18
80,239,34,46,12,28,-6,18
332,316,39,39,0,21,-18,18
427,316,28,39,11,21,-7,18
332,285,39,46,7,28,-11,18
258,313,93,102,9,84,-9,18
41,295,85,90,5,72,-13,18
41,294,87,90,3,72,-15,18
258,330,56,74,18,56,0,18
258,325,92,92,0,74,-18,18
258,305,123,130,7,112,-11,18
381,303,34,39,5,21,-13,18
18,302,50,68,18,50,0,18
18,301,50,68,18,50,0,18
18,300,56,68,12,50,-6,18
381,241,209,216,7,198,-11,18
427,247,189,198,9,180,-9,18
80,244,43,61,18,43,0,18
332,241,230,244,14,226,-4,18
163,312,122,129,7,111,-11,18
332,188,39,46,7,28,-11,18
332,185,61,68,7,50,-11,18
41,283,76,84,8,66,-10,18
372,418,28,39,11,21,-7,18
372,413,28,39,11,21,-7,18
18,290,46,61,15,43,-3,18
258,317,82,90,8,72,-10,18
258,316,84,92,8,74,-10,18
240,295,180,188,8,170,-10,18
240,294,180,188,8,170,-10,18
426,517,28,39,11,21,-7,18
426,477,39,39,0,21,-18,18
331,477,253,253,0,235,-18,18
201,290,175,184,9,166,-9,18
425,517,28,39,11,21,-7,18
426,247,189,198,9,180,-9,18
201,292,179,184,5,166,-13,18
201,291,178,184,6,166,-12,18
259,298,127,136,9,118,-9,18
259,297,127,136,9,118,-9,18
259,289,133,143,10,125,-8,18
425,477,34,39,5,21,-13,18
381,337,199,212,13,194,-5,18
381,322,222,229,7,211,-11,18
293,304,144,149,5,131,-13,18
381,268,217,225,8,207,-10,18
56,300,28,39,11,21,-7,18
356,94,61,64,3,46,-15,18
425,480,28,39,11,21,-7,18
356,81,59,61,2,43,-16,18
259,301,127,135,8,117,-10,18
259,300,127,136,9,118,-9,18
259,299,127,136,9,118,-9,18
331,285,46,46,0,28,-18,18
331,284,43,46,3,28,-15,18
356,227,28,46,18,28,0,18
381,511,34,46,12,28,-6,18
331,281,39,39,0,21,-18,18
331,280,34,39,5,21,-13,18
259,315,82,90,8,72,-10,18
331,199,28,46,18,28,0,18
331,189,34,39,5,21,-13,18
331,188,28,46,18,28,0,18
331,184,68,74,6,56,-12,18
135,333,28,39,11,21,-7,18
135,329,28,39,11,21,-7,18
331,241,234,244,10,226,-8,18
135,324,43,46,3,28,-15,18
56,301,21,39,18,21,0,18
331,122,116,120,4,102,-14,18
41,234,192,202,10,184,-8,18
162,329,112,124,12,106,-6,18
162,369,110,116,6,98,-12,18
162,368,103,116,13,98,-5,18
278,242,231,246,15,228,-3,18
381,410,39,39,0,21,-18,18
225,327,123,133,10,115,-8,18
372,311,34,39,5,21,-13,18
144,376,64,64,0,46,-18,18
144,372,56,74,18,56,0,18
424,517,28,39,11,21,-7,18
330,320,235,239,4,221,-14,18
260,285,127,136,9,118,-9,18
260,281,129,135,6,117,-12,18
330,290,43,46,3,28,-15,18
330,353,170,178,8,160,-10,18
162,313,122,135,13,117,-5,18
162,310,106,114,8,96,-10,18
382,241,209,215,6,197,-12,18
382,229,28,39,11,21,-7,18
162,322,148,153,5,135,-13,18
162,320,159,162,3,144,-15,18
330,281,28,39,11,21,-7,18
330,280,28,39,11,21,-7,18
424,246,180,188,8,170,-10,18
356,303,28,39,11,21,-7,18
56,328,39,46,7,28,-11,18
56,322,28,39,11,21,-7,18
40,324,28,39,11,21,-7,18
40,323,39,46,7,28,-11,18
40,322,46,46,0,28,-18,18
40,321,34,46,12,28,-6,18
40,320,28,46,18,28,0,18
225,300,144,151,7,133,-11,18
330,241,239,244,5,226,-13,18
490,259,186,193,7,175,-11,18
40,299,70,74,4,56,-14,18
114,216,43,46,3,28,-15,18
56,348,59,64,5,46,-13,18
56,347,59,64,5,46,-13,18
356,360,218,234,16,216,-2,18
161,380,76,82,6,64,-12,18
161,377,46,61,15,43,-3,18
162,258,138,156,18,138,0,18
40,277,109,114,5,96,-13,18
261,238,252,254,2,236,-16,18
80,380,59,61,2,43,-16,18
423,276,228,229,1,211,-17,18
422,478,39,39,0,21,-18,18
56,369,28,39,11,21,-7,18
56,346,61,64,3,46,-15,18
56,345,61,64,3,46,-15,18
56,342,59,64,5,46,-13,18
19,281,46,64,18,46,0,18
140,327,66,68,2,50,-16,18
145,222,61,74,13,56,-5,18
56,340,59,68,9,50,-9,18
56,339,68,68,0,50,-18,18
114,220,28,39,11,21,-7,18
81,239,43,46,3,28,-15,18
81,238,34,46,12,28,-6,18
81,237,34,46,12,28,-6,18
40,267,76,92,16,74,-2,18
71,250,53,61,8,43,-10,18
261,264,164,167,3,149,-15,18
294,334,98,103,5,85,-13,18
329,291,43,46,3,28,-15,18
56,368,28,39,11,21,-7,18
261,281,117,129,12,111,-6,18
261,291,117,125,8,107,-10,18
261,297,114,120,6,102,-12,18
261,296,114,120,6,102,-12,18
261,288,118,127,9,109,-9,18
261,287,118,128,10,110,-8,18
261,282,117,129,12,111,-6,18
492,61,36,36,0,18,-18,18
421,478,34,39,5,21,-13,18
422,245,178,185,7,167,-11,18
422,234,28,39,11,21,-7,18
422,72,38,38,0,20,-18,18
203,300,156,162,6,144,-12,18
382,303,34,39,5,21,-13,18
294,385,34,39,5,21,-13,18
294,384,34,39,5,21,-13,18
203,299,154,164,10,146,-8,18
203,295,165,179,14,161,-4,18
492,339,39,39,0,21,-18,18
492,338,34,39,5,21,-13,18
203,313,122,133,11,115,-7,18
203,311,120,128,8,110,-10,18
161,310,102,111,9,93,-9,18
39,324,28,39,11,21,-7,18
39,323,28,46,18,28,0,18
39,322,43,46,3,28,-15,18
261,326,56,68,12,50,-6,18
262,268,141,153,12,135,-6,18
493,260,181,187,6,169,-12,18
372,287,28,39,11,21,-7,18
372,286,39,39,0,21,-18,18
372,275,212,221,9,203,-9,18
96,217,39,46,7,28,-11,18
421,235,21,39,18,21,0,18
357,227,28,46,18,28,0,18
357,94,56,61,5,43,-13,18
493,61,32,36,4,18,-14,18
81,278,185,190,5,172,-13,18
57,241,56,61,5,43,-13,18
328,294,39,46,7,28,-11,18
493,338,39,39,0,21,-18,18
421,234,28,39,11,21,-7,18
113,373,34,46,12,28,-6,18
328,299,39,46,7,28,-11,18
328,298,39,46,7,28,-11,18
328,297,39,46,7,28,-11,18
328,296,39,46,7,28,-11,18
328,295,39,46,7,28,-11,18
328,293,39,46,7,28,-11,18
328,292,39,46,7,28,-11,18
135,345,34,46,12,28,-6,18
135,344,28,46,18,28,0,18
383,241,208,214,6,196,-12,18
383,229,34,39,5,21,-13,18
107,223,53,61,8,43,-10,18
107,221,39,46,7,28,-11,18
372,291,28,39,11,21,-7,18
420,478,28,39,11,21,-7,18
328,240,239,246,7,228,-11,18
135,335,28,39,11,21,-7,18
135,334,28,39,11,21,-7,18
420,234,28,39,11,21,-7,18
95,383,53,61,8,43,-10,18
382,511,39,46,7,28,-11,18
64,344,28,39,11,21,-7,18
372,96,34,39,5,21,-13,18
372,94,34,39,5,21,-13,18
145,248,125,133,8,115,-10,18
135,338,28,39,11,21,-7,18
135,337,28,39,11,21,-7,18
135,336,28,39,11,21,-7,18
113,380,53,64,11,46,-7,18
494,338,39,39,0,21,-18,18
420,244,178,185,7,167,-11,18
71,230,56,61,5,43,-13,18
71,229,56,61,5,43,-13,18
71,228,59,61,2,43,-16,18
239,345,84,98,14,80,-4,18
135,340,28,39,11,21,-7,18
135,339,28,39,11,21,-7,18
328,113,254,254,0,236,-18,18
20,300,64,74,10,56,-8,18
224,327,126,133,7,115,-11,18
57,279,34,39,5,21,-13,18
357,360,220,234,14,216,-4,18
495,60,34,39,5,21,-13,18
160,339,82,98,16,80,-2,18
419,479,34,39,5,21,-13,18
419,478,28,39,11,21,-7,18
327,306,27,38,11,20,-7,18
495,338,34,39,5,21,-13,18
495,337,28,39,11,21,-7,18
327,291,28,39,11,21,-7,18
263,293,98,107,9,89,-9,18
263,292,98,107,9,89,-9,18
20,294,66,74,8,56,-10,18
551,48,255,255,0,237,-18,18
160,331,116,125,9,107,-9,18
204,314,133,140,7,122,-11,18
204,313,130,140,10,122,-8,18
204,312,128,138,10,120,-8,18
418,515,34,39,5,21,-13,18
418,514,21,39,18,21,0,18
419,322,220,220,0,202,-18,18
57,295,43,46,3,28,-15,18
57,294,34,46,12,28,-6,18
57,293,28,46,18,28,0,18
57,291,39,46,7,28,-11,18
496,59,28,39,11,21,-7,18
263,289,98,110,12,92,-6,18
263,287,101,111,10,93,-8,18
263,284,103,111,8,93,-10,18
357,495,34,46,12,28,-6,18
419,234,28,39,11,21,-7,18
419,233,39,39,0,21,-18,18
383,336,199,212,13,194,-5,18
371,418,28,39,11,21,-7,18
550,278,34,39,5,21,-13,18
145,310,59,74,15,56,-3,18
81,343,53,64,11,46,-7,18
160,276,129,145,16,127,-2,18
418,479,34,39,5,21,-13,18
357,496,43,46,3,28,-15,18
497,59,28,39,11,21,-7,18
263,296,95,103,8,85,-10,18
119,371,50,61,11,43,-7,18
20,301,74,74,0,56,-18,18
277,299,95,105,10,87,-8,18
57,302,28,39,11,21,-7,18
57,301,34,39,5,21,-13,18
57,300,39,39,0,21,-18,18
57,313,39,46,7,28,-11,18
57,312,34,46,12,28,-6,18
81,380,61,61,0,43,-18,18
497,60,34,39,5,21,-13,18
497,261,175,182,7,164,-11,18
38,324,28,39,11,21,-7,18
418,281,43,46,3,28,-15,18
38,322,28,46,18,28,0,18
497,336,28,39,11,21,-7,18
326,297,28,46,18,28,0,18
326,296,34,46,12,28,-6,18
326,295,34,46,12,28,-6,18
417,514,28,39,11,21,-7,18
417,479,28,39,11,21,-7,18
418,315,28,39,11,21,-7,18
264,286,95,103,8,85,-10,18
264,316,72,74,2,56,-16,18
371,311,39,39,0,21,-18,18
371,301,28,39,11,21,-7,18
383,511,39,46,7,28,-11,18
383,488,28,39,11,21,-7,18
549,278,39,39,0,21,-18,18
549,277,21,39,18,21,0,18
550,277,21,39,18,21,0,18
20,316,28,46,18,28,0,18
358,90,59,64,5,46,-13,18
418,244,184,192,8,174,-10,18
418,234,21,39,18,21,0,18
418,233,39,39,0,21,-18,18
417,515,39,39,0,21,-18,18
38,292,64,82,18,64,0,18
57,327,28,39,11,21,-7,18
94,373,43,46,3,28,-15,18
94,372,39,46,7,28,-11,18
94,371,34,46,12,28,-6,18
95,227,34,46,12,28,-6,18
95,217,39,46,7,28,-11,18
95,215,50,61,11,43,-7,18
358,282,238,247,9,229,-9,18
417,281,43,46,3,28,-15,18
205,310,134,144,10,126,-8,18
205,301,167,175,8,157,-10,18
384,266,216,225,9,207,-9,18
548,278,39,39,0,21,-18,18
548,277,21,39,18,21,0,18
20,318,39,46,7,28,-11,18
20,317,28,46,18,28,0,18
264,320,61,74,13,56,-5,18
417,334,195,210,15,192,-3,18
417,329,208,220,12,202,-6,18
417,328,219,225,6,207,-12,18
326,135,116,117,1,99,-17,18
416,515,34,39,5,21,-13,18
416,514,28,39,11,21,-7,18
417,244,188,196,8,178,-10,18
417,234,21,39,18,21,0,18
417,233,34,39,5,21,-13,18
239,304,160,167,7,149,-11,18
57,369,21,39,18,21,0,18
21,292,74,74,0,56,-18,18
297,276,174,178,4,160,-14,18
384,278,219,230,11,212,-7,18
57,368,34,39,5,21,-13,18
159,369,101,103,2,85,-16,18
416,479,28,39,11,21,-7,18
159,326,133,144,11,126,-7,18
416,328,218,224,6,206,-12,18
113,372,46,46,0,28,-18,18
265,268,159,167,8,149,-10,18
265,316,61,74,13,56,-5,18
325,295,28,46,18,28,0,18
415,480,39,39,0,21,-18,18
358,310,21,39,18,21,0,18
358,302,28,39,11,21,-7,18
358,289,43,46,3,28,-15,18
266,238,252,254,2,236,-16,18
325,202,87,90,3,72,-15,18
145,376,61,64,3,46,-15,18
21,298,59,64,5,46,-13,18
384,229,34,39,5,21,-13,18
58,234,59,64,5,46,-13,18
266,274,133,142,9,124,-9,18
37,315,56,61,5,43,-13,18
324,411,21,39,18,21,0,18
415,336,223,228,5,210,-13,18
206,339,119,129,10,111,-8,18
358,495,34,46,12,28,-6,18
358,419,21,39,18,21,0,18
82,350,50,61,11,43,-7,18
82,349,56,64,8,46,-10,18
82,348,56,64,8,46,-10,18
414,513,21,39,18,21,0,18
297,389,39,39,0,21,-18,18
384,409,39,39,0,21,-18,18
297,388,28,39,11,21,-7,18
371,287,28,39,11,21,-7,18
371,276,209,219,10,201,-8,18
414,480,34,39,5,21,-13,18
82,380,59,61,2,43,-16,18
207,303,175,184,9,166,-9,18
83,227,34,46,12,28,-6,18
83,223,39,46,7,28,-11,18
113,220,28,39,11,21,-7,18
113,216,39,46,7,28,-11,18
58,280,34,39,5,21,-13,18
70,362,39,46,7,28,-11,18
70,361,34,46,12,28,-6,18
37,311,53,61,8,43,-10,18
37,310,50,61,11,43,-7,18
58,279,34,46,12,28,-6,18
384,334,219,225,6,207,-12,18
64,284,34,46,12,28,-6,18
64,279,34,46,12,28,-6,18
64,277,28,39,11,21,-7,18
94,218,28,39,11,21,-7,18
547,278,39,39,0,21,-18,18
547,277,21,39,18,21,0,18
83,213,61,74,13,56,-5,18
359,289,39,46,7,28,-11,18
501,311,28,39,11,21,-7,18
83,229,34,46,12,28,-6,18
323,460,253,253,0,235,-18,18
113,221,39,46,7,28,-11,18
384,488,28,39,11,21,-7,18
223,327,126,133,7,115,-11,18
233,288,116,125,9,107,-9,18
371,96,34,39,5,21,-13,18
276,363,157,157,0,139,-18,18
298,221,74,82,8,64,-10,18
298,220,80,90,10,72,-8,18
413,480,28,39,11,21,-7,18
413,399,34,39,5,21,-13,18
112,373,28,46,18,28,0,18
413,513,21,39,18,21,0,18
112,372,43,46,3,28,-15,18
267,273,142,151,9,133,-9,18
323,411,28,39,11,21,-7,18
158,341,80,92,12,74,-6,18
384,511,39,46,7,28,-11,18
385,229,34,39,5,21,-13,18
546,278,39,39,0,21,-18,18
546,277,21,39,18,21,0,18
146,218,170,178,8,160,-10,18
93,377,39,46,7,28,-11,18
158,337,103,110,7,92,-11,18
413,351,207,224,17,206,-1,18
83,284,195,197,2,179,-16,18
323,287,59,61,2,43,-16,18
83,306,137,146,9,128,-9,18
359,301,28,39,11,21,-7,18
83,299,144,152,8,134,-10,18
413,69,252,253,1,235,-17,18
412,514,39,39,0,21,-18,18
412,513,21,39,18,21,0,18
36,305,50,68,18,50,0,18
323,237,235,243,8,225,-10,18
93,373,39,46,7,28,-11,18
323,211,50,61,11,43,-7,18
36,315,50,61,11,43,-7,18
36,314,61,64,3,46,-15,18
412,481,34,39,5,21,-13,18
412,480,28,39,11,21,-7,18
268,243,164,173,9,155,-9,18
112,367,53,64,11,46,-7,18
359,419,21,39,18,21,0,18
359,417,28,39,11,21,-7,18
359,365,43,46,3,28,-15,18
359,364,34,46,12,28,-6,18
411,514,34,39,5,21,-13,18
411,513,28,39,11,21,-7,18
58,331,34,46,12,28,-6,18
58,330,34,39,5,21,-13,18
68,231,59,68,9,50,-9,18
67,382,253,254,1,236,-17,18
412,335,224,228,4,210,-14,18
323,185,76,84,8,66,-10,18
36,296,72,90,18,72,0,18
83,318,144,151,7,133,-11,18
411,481,34,39,5,21,-13,18
411,400,34,39,5,21,-13,18
412,234,21,39,18,21,0,18
58,369,34,39,5,21,-13,18
58,368,39,39,0,21,-18,18
359,495,39,46,7,28,-11,18
36,295,80,90,10,72,-8,18
504,263,160,170,10,152,-8,18
83,308,138,147,9,129,-9,18
83,307,137,146,9,128,-9,18
223,315,103,117,14,99,-4,18
545,288,21,39,18,21,0,18
545,278,39,39,0,21,-18,18
93,364,64,68,4,50,-14,18
298,389,28,39,11,21,-7,18
68,244,59,64,5,46,-13,18
322,366,28,46,18,28,0,18
268,277,131,138,7,120,-11,18
268,273,146,154,8,136,-10,18
268,272,151,160,9,142,-9,18
83,353,50,61,11,43,-7,18
83,352,53,64,11,46,-7,18
504,537,253,253,0,235,-18,18
83,350,59,68,9,50,-9,18
83,346,66,74,8,56,-10,18
385,361,43,46,3,28,-15,18
22,292,59,74,15,56,-3,18
370,358,220,223,3,205,-15,18
64,266,28,39,11,21,-7,18
411,257,210,219,9,201,-9,18
504,335,34,46,12,28,-6,18
410,512,28,39,11,21,-7,18
209,236,144,158,14,140,-4,18
158,250,160,168,8,150,-10,18
322,212,53,61,8,43,-10,18
158,246,170,175,5,157,-13,18
158,218,162,169,7,151,-11,18
158,213,162,173,11,155,-7,18
410,400,34,39,5,21,-13,18
505,264,166,174,8,156,-10,18
322,133,254,254,0,236,-18,18
107,364,66,74,8,56,-10,18
299,222,64,74,10,56,-8,18
545,277,21,39,18,21,0,18
68,245,50,61,11,43,-7,18
385,409,34,39,5,21,-13,18
59,241,46,61,15,43,-3,18
410,481,34,39,5,21,-13,18
36,233,249,252,3,234,-15,18
505,537,253,253,0,235,-18,18
360,300,34,39,5,21,-13,18
360,299,39,39,0,21,-18,18
360,298,39,39,0,21,-18,18
360,297,39,39,0,21,-18,18
360,296,39,39,0,21,-18,18
35,317,56,61,5,43,-13,18
410,243,205,212,7,194,-11,18
385,488,28,39,11,21,-7,18
64,255,53,64,11,46,-7,18
385,315,21,39,18,21,0,18
360,288,34,39,5,21,-13,18
360,287,21,39,18,21,0,18
35,316,43,61,18,43,0,18
35,315,46,61,15,43,-3,18
35,314,56,64,8,46,-10,18
84,229,43,46,3,28,-15,18
84,223,43,46,3,28,-15,18
157,326,146,155,9,137,-9,18
35,286,72,82,10,64,-8,18
157,342,78,90,12,72,-6,18
157,341,85,92,7,74,-11,18
409,331,191,206,15,188,-3,18
146,295,179,188,9,170,-9,18
409,481,28,39,11,21,-7,18
157,340,92,98,6,80,-12,18
321,231,224,229,5,211,-13,18
112,223,53,64,11,46,-7,18
112,221,34,46,12,28,-6,18
112,216,39,46,7,28,-11,18
238,311,140,149,9,131,-9,18
238,310,144,152,8,134,-10,18
238,309,145,154,9,136,-9,18
360,310,28,39,11,21,-7,18
321,236,233,241,8,223,-10,18
321,218,53,64,11,46,-7,18
321,217,56,68,12,50,-6,18
321,216,59,68,9,50,-9,18
269,297,43,61,18,43,0,18
157,284,173,183,10,165,-8,18
544,278,39,39,0,21,-18,18
544,277,21,39,18,21,0,18
140,241,124,129,5,111,-13,18
370,293,43,46,3,28,-15,18
507,333,34,39,5,21,-13,18
59,284,21,39,18,21,0,18
408,482,34,39,5,21,-13,18
408,401,34,39,5,21,-13,18
111,366,59,68,9,50,-9,18
508,131,0,18,18,0,0,18
84,299,149,161,12,143,-6,18
157,272,118,134,16,116,-2,18
59,334,39,46,7,28,-11,18
408,286,39,46,7,28,-11,18
320,191,82,92,10,74,-8,18
84,322,144,152,8,134,-10,18
360,419,21,39,18,21,0,18
360,417,28,39,11,21,-7,18
64,232,59,68,9,50,-9,18
64,231,56,68,12,50,-6,18
64,230,56,68,12,50,-6,18
386,229,34,39,5,21,-13,18
360,416,39,39,0,21,-18,18
84,350,66,74,8,56,-10,18
59,332,28,39,11,21,-7,18
111,380,50,61,11,43,-7,18
84,345,74,84,10,66,-8,18
84,342,80,90,10,72,-8,18
84,341,82,90,8,72,-10,18
34,310,70,74,4,56,-14,18
509,266,170,177,7,159,-11,18
34,321,34,46,12,28,-6,18
34,317,61,61,0,43,-18,18
34,316,56,61,5,43,-13,18
34,315,50,61,11,43,-7,18
34,314,50,64,14,46,-4,18
34,313,53,64,11,46,-7,18
319,367,39,39,0,21,-18,18
543,278,39,39,0,21,-18,18
386,335,219,226,7,208,-11,18
543,277,21,39,18,21,0,18
84,354,53,64,11,46,-7,18
407,482,34,39,5,21,-13,18
85,221,43,46,3,28,-15,18
361,82,46,46,0,28,-18,18
361,81,34,46,12,28,-6,18
360,495,39,46,7,28,-11,18
211,232,253,253,0,235,-18,18
319,191,87,92,5,74,-13,18
223,272,168,168,0,150,-18,18
276,298,96,105,9,87,-9,18
510,279,43,46,3,28,-15,18
510,278,28,46,18,28,0,18
510,331,28,39,11,21,-7,18
361,289,21,39,18,21,0,18
407,243,207,217,10,199,-8,18
407,233,21,39,18,21,0,18
406,482,34,39,5,21,-13,18
318,449,254,254,0,236,-18,18
110,380,53,61,8,43,-10,18
270,301,53,61,8,43,-10,18
270,300,53,61,8,43,-10,18
318,435,46,46,0,28,-18,18
318,434,46,46,0,28,-18,18
111,216,43,46,3,28,-15,18
85,295,172,178,6,160,-12,18
63,370,43,46,3,28,-15,18
63,375,34,39,5,21,-13,18
63,374,39,39,0,21,-18,18
223,286,157,169,12,151,-6,18
370,287,28,39,11,21,-7,18
370,276,212,221,9,203,-9,18
370,275,219,227,8,209,-10,18
139,368,96,105,9,87,-9,18
140,223,56,68,12,50,-6,18
542,278,39,39,0,21,-18,18
406,328,188,203,15,185,-3,18
406,402,34,39,5,21,-13,18
361,290,28,39,11,21,-7,18
85,259,184,190,6,172,-12,18
85,258,182,189,7,171,-11,18
300,396,34,39,5,21,-13,18
386,510,39,46,7,28,-11,18
300,394,34,46,12,28,-6,18
300,393,28,46,18,28,0,18
147,228,144,146,2,128,-16,18
139,370,103,105,2,87,-16,18
63,371,34,46,12,28,-6,18
59,368,34,46,12,28,-6,18
110,363,74,84,10,66,-8,18
156,284,171,183,12,165,-6,18
361,295,28,39,11,21,-7,18
361,294,28,39,11,21,-7,18
136,259,46,64,18,46,0,18
60,243,56,61,5,43,-13,18
92,238,152,162,10,144,-8,18
301,219,84,90,6,72,-12,18
301,202,111,119,8,101,-10,18
301,200,93,105,12,87,-6,18
301,196,111,117,6,99,-12,18
300,397,34,39,5,21,-13,18
60,239,61,64,3,46,-15,18
33,321,28,46,18,28,0,18
33,312,59,64,5,46,-13,18
406,233,21,39,18,21,0,18
406,232,39,39,0,21,-18,18
33,349,34,46,12,28,-6,18
33,322,39,46,7,28,-11,18
317,434,39,46,7,28,-11,18
60,229,64,74,10,56,-8,18
117,370,53,61,8,43,-10,18
541,280,34,39,5,21,-13,18
23,313,53,61,8,43,-10,18
386,488,34,39,5,21,-13,18
405,482,28,39,11,21,-7,18
405,402,34,39,5,21,-13,18
85,325,144,151,7,133,-11,18
33,310,66,74,8,56,-10,18
156,246,159,169,10,151,-8,18
405,329,186,202,16,184,-2,18
405,325,217,222,5,204,-13,18
212,312,151,159,8,141,-10,18
405,290,46,46,0,28,-18,18
361,416,34,39,5,21,-13,18
361,364,43,46,3,28,-15,18
361,363,28,46,18,28,0,18
361,327,224,227,3,209,-15,18
317,234,228,242,14,224,-4,18
405,232,34,39,5,21,-13,18
222,325,109,117,8,99,-10,18
147,285,107,116,9,98,-9,18
85,344,84,92,8,74,-10,18
85,342,87,96,9,78,-9,18
85,341,90,98,8,80,-10,18
513,268,171,178,7,160,-11,18
156,219,139,154,15,136,-3,18
156,216,156,162,6,144,-12,18
155,385,59,68,9,50,-9,18
362,82,43,46,3,28,-15,18
362,81,28,46,18,28,0,18
361,495,43,46,3,28,-15,18
271,286,115,120,5,102,-13,18
60,267,28,39,11,21,-7,18
63,343,28,39,11,21,-7,18
63,342,28,39,11,21,-7,18
63,341,21,39,18,21,0,18
404,482,28,39,11,21,-7,18
404,407,34,39,5,21,-13,18
361,419,28,39,11,21,-7,18
361,417,21,39,18,21,0,18
317,157,109,127,18,109,0,18
85,354,61,68,7,50,-11,18
155,384,66,68,2,50,-16,18
155,348,84,92,8,74,-10,18
316,357,146,156,10,138,-8,18
86,215,28,46,18,28,0,18
404,290,46,46,0,28,-18,18
403,483,34,39,5,21,-13,18
404,253,212,221,9,203,-9,18
369,363,46,46,0,28,-18,18
147,313,66,74,8,56,-10,18
540,280,34,39,5,21,-13,18
369,419,34,39,5,21,-13,18
513,537,253,253,0,235,-18,18
514,278,34,39,5,21,-13,18
271,297,66,74,8,56,-10,18
86,225,43,46,3,28,-15,18
316,234,232,242,10,224,-8,18
316,220,46,64,18,46,0,18
60,281,34,46,12,28,-6,18
316,165,105,116,11,98,-7,18
316,164,109,117,8,99,-10,18
403,407,34,39,5,21,-13,18
362,291,28,46,18,28,0,18
362,237,208,216,8,198,-10,18
32,322,46,46,0,28,-18,18
515,132,6,18,12,0,-6,18
302,202,112,119,7,101,-11,18
302,195,110,114,4,96,-14,18
387,408,34,39,5,21,-13,18
388,80,39,39,0,21,-18,18
387,509,34,46,12,28,-6,18
147,312,56,74,18,56,0,18
147,308,61,74,13,56,-5,18
129,324,160,168,8,150,-10,18
86,301,160,169,9,151,-9,18
155,292,174,181,7,163,-11,18
60,318,28,39,11,21,-7,18
60,317,28,39,11,21,-7,18
110,215,46,61,15,43,-3,18
272,223,253,254,1,236,-17,18
388,230,28,46,18,28,0,18
139,316,46,61,15,43,-3,18
32,310,68,74,6,56,-12,18
60,336,34,46,12,28,-6,18
60,335,34,39,5,21,-13,18
362,304,21,39,18,21,0,18
362,303,21,39,18,21,0,18
362,302,21,39,18,21,0,18
213,318,128,134,6,116,-12,18
403,254,209,219,10,201,-8,18
403,253,216,224,8,206,-10,18
515,278,39,39,0,21,-18,18
86,327,144,152,8,134,-10,18
86,326,147,155,8,137,-10,18
402,483,34,39,5,21,-13,18
60,334,28,39,11,21,-7,18
70,250,50,61,11,43,-7,18
369,291,34,46,12,28,-6,18
369,290,28,39,11,21,-7,18
387,488,34,39,5,21,-13,18
387,487,28,39,11,21,-7,18
70,232,53,64,11,46,-7,18
70,231,46,61,15,43,-3,18
315,368,39,39,0,21,-18,18
315,357,147,156,9,138,-9,18
155,212,150,165,15,147,-3,18
154,381,56,74,18,56,0,18
516,278,39,39,0,21,-18,18
213,326,120,127,7,109,-11,18
402,359,39,39,0,21,-18,18
402,358,28,39,11,21,-7,18
214,272,169,178,9,160,-9,18
86,337,107,116,9,98,-9,18
86,336,111,119,8,101,-10,18
388,306,34,39,5,21,-13,18
24,310,80,82,2,64,-16,18
91,240,160,169,9,151,-9,18
302,361,130,137,7,119,-11,18
302,331,224,231,7,213,-11,18
86,335,115,124,9,106,-9,18
86,333,123,132,9,114,-9,18
60,343,53,61,8,43,-10,18
60,342,53,61,8,43,-10,18
402,242,207,214,7,196,-11,18
154,348,82,90,8,72,-10,18
31,320,53,61,8,43,-10,18
517,278,39,39,0,21,-18,18
154,372,46,64,18,46,0,18
314,358,140,148,8,130,-10,18
302,400,46,46,0,28,-18,18
302,399,46,46,0,28,-18,18
369,287,34,39,5,21,-13,18
362,364,46,46,0,28,-18,18
362,363,28,46,18,28,0,18
401,483,28,39,11,21,-7,18
362,318,211,219,8,201,-10,18
86,344,89,98,9,80,-9,18
401,408,34,39,5,21,-13,18
70,228,43,61,18,43,0,18
31,349,39,46,7,28,-11,18
314,368,34,39,5,21,-13,18
136,335,21,39,18,21,0,18
154,345,64,74,10,56,-8,18
154,341,80,92,12,74,-6,18
369,277,207,218,11,200,-7,18
369,276,214,223,9,205,-9,18
222,298,152,156,4,138,-14,18
214,328,126,132,6,114,-12,18
237,286,154,161,7,143,-11,18
86,354,64,74,10,56,-8,18
86,351,74,84,10,66,-8,18
272,297,72,84,12,66,-6,18
314,218,76,82,6,64,-12,18
362,495,43,46,3,28,-15,18
362,494,34,46,12,28,-6,18
401,264,213,220,7,202,-11,18
518,278,39,39,0,21,-18,18
363,77,253,253,0,235,-18,18
400,484,34,39,5,21,-13,18
401,232,28,46,18,28,0,18
61,243,56,61,5,43,-13,18
136,326,28,39,11,21,-7,18
369,77,253,253,0,235,-18,18
222,303,149,156,7,138,-11,18
222,302,150,156,6,138,-12,18
388,509,34,46,12,28,-6,18
388,487,28,39,11,21,-7,18
388,408,34,39,5,21,-13,18
91,220,34,39,5,21,-13,18
154,292,173,181,8,163,-10,18
313,368,34,39,5,21,-13,18
154,299,187,195,8,177,-10,18
109,380,53,61,8,43,-10,18
400,483,28,39,11,21,-7,18
236,349,89,103,14,85,-4,18
87,225,39,46,7,28,-11,18
368,419,28,39,11,21,-7,18
25,277,128,135,7,117,-11,18
303,220,70,82,12,64,-6,18
136,353,46,64,18,46,0,18
136,352,46,64,18,46,0,18
363,302,39,39,0,21,-18,18
363,304,34,39,5,21,-13,18
363,303,39,39,0,21,-18,18
519,278,39,39,0,21,-18,18
399,359,46,46,0,28,-18,18
399,358,28,46,18,28,0,18
87,247,165,173,8,155,-10,18
87,244,154,162,8,144,-10,18
153,341,87,92,5,74,-13,18
30,356,251,253,2,235,-16,18
313,221,61,68,7,50,-11,18
520,278,39,39,0,21,-18,18
520,273,163,173,10,155,-8,18
275,299,87,96,9,78,-9,18
61,272,21,39,18,21,0,18
61,271,21,39,18,21,0,18
400,75,34,39,5,21,-13,18
399,511,28,39,11,21,-7,18
399,510,28,39,11,21,-7,18
399,484,34,39,5,21,-13,18
399,404,39,39,0,21,-18,18
109,365,59,68,9,50,-9,18
109,364,66,74,8,56,-10,18
399,330,225,230,5,212,-13,18
363,494,34,46,12,28,-6,18
363,415,39,39,0,21,-18,18
363,364,46,46,0,28,-18,18
363,363,28,46,18,28,0,18
61,295,34,39,5,21,-13,18
61,294,28,39,11,21,-7,18
63,275,28,39,11,21,-7,18
303,400,39,46,7,28,-11,18
303,398,34,46,12,28,-6,18
368,363,43,46,3,28,-15,18
61,293,28,39,11,21,-7,18
153,308,74,84,10,66,-8,18
312,368,34,39,5,21,-13,18
398,510,34,46,12,28,-6,18
398,484,28,39,11,21,-7,18
364,238,210,218,8,200,-10,18
521,278,39,39,0,21,-18,18
364,301,28,39,11,21,-7,18
364,297,28,39,11,21,-7,18
216,333,117,124,7,106,-11,18
61,291,39,39,0,21,-18,18
61,287,28,39,11,21,-7,18
153,299,186,195,9,177,-9,18
30,285,118,123,5,105,-13,18
389,337,216,224,8,206,-10,18
90,363,53,61,8,43,-10,18
389,261,226,231,5,213,-13,18
389,296,39,39,0,21,-18,18
63,283,34,46,12,28,-6,18
398,359,46,46,0,28,-18,18
364,305,28,39,11,21,-7,18
364,304,28,39,11,21,-7,18
364,303,28,39,11,21,-7,18
364,302,34,39,5,21,-13,18
364,289,43,46,3,28,-15,18
398,325,185,202,17,184,-1,18
221,359,92,103,11,85,-7,18
389,339,203,214,11,196,-7,18
368,291,39,46,7,28,-11,18
368,289,21,39,18,21,0,18
368,287,34,39,5,21,-13,18
236,251,128,136,8,118,-10,18
87,329,143,151,8,133,-10,18
153,217,137,155,18,137,0,18
397,484,28,39,11,21,-7,18
153,208,250,253,3,235,-15,18
30,265,151,160,9,142,-9,18
311,365,68,74,6,56,-12,18
311,359,136,144,8,126,-10,18
397,405,34,39,5,21,-13,18
273,289,112,120,8,102,-10,18
522,298,28,39,11,21,-7,18
30,250,164,176,12,158,-6,18
522,278,39,39,0,21,-18,18
397,258,211,220,9,202,-9,18
63,255,50,61,11,43,-7,18
25,321,39,46,7,28,-11,18
25,320,39,46,7,28,-11,18
25,319,39,46,7,28,-11,18
25,318,34,46,12,28,-6,18
25,317,34,46,12,28,-6,18
364,494,39,46,7,28,-11,18
364,415,39,39,0,21,-18,18
364,364,46,46,0,28,-18,18
523,134,15,21,6,3,-12,18
397,231,28,39,11,21,-7,18
217,333,115,124,9,106,-9,18
311,307,153,154,1,136,-17,18
127,335,144,150,6,132,-12,18
275,294,109,116,7,98,-11,18
275,292,115,123,8,105,-10,18
368,278,206,217,11,199,-7,18
396,405,39,39,0,21,-18,18
364,509,34,46,12,28,-6,18
523,278,39,39,0,21,-18,18
523,325,34,46,12,28,-6,18
523,324,34,46,12,28,-6,18
29,320,50,61,11,43,-7,18
396,484,28,39,11,21,-7,18
87,359,59,64,5,46,-13,18
127,340,132,138,6,120,-12,18
365,228,34,46,12,28,-6,18
61,373,34,39,5,21,-13,18
365,290,39,46,7,28,-11,18
221,333,120,128,8,110,-10,18
389,487,34,39,5,21,-13,18
389,486,28,39,11,21,-7,18
63,263,43,46,3,28,-15,18
90,243,166,173,7,155,-11,18
524,278,39,39,0,21,-18,18
524,272,144,155,11,137,-7,18
524,134,14,20,6,2,-12,18
310,318,237,251,14,233,-4,18
87,353,74,82,8,64,-10,18
310,359,137,146,9,128,-9,18
396,259,208,217,9,199,-9,18
396,258,214,222,8,204,-10,18
310,231,223,234,11,216,-7,18
396,230,34,39,5,21,-13,18
396,77,34,39,5,21,-13,18
121,386,254,255,1,237,-17,18
305,219,76,84,8,66,-10,18
138,352,66,74,8,56,-10,18
396,76,34,39,5,21,-13,18
29,299,84,96,12,78,-6,18
273,300,70,82,12,64,-6,18
29,285,117,123,6,105,-12,18
29,284,120,123,3,105,-15,18
365,305,28,39,11,21,-7,18
88,225,34,46,12,28,-6,18
525,278,39,39,0,21,-18,18
525,272,144,153,9,135,-9,18
152,248,125,128,3,110,-15,18
109,215,61,61,0,43,-18,18
395,328,221,228,7,210,-11,18
395,230,34,39,5,21,-13,18
395,77,34,39,5,21,-13,18
395,76,21,39,18,21,0,18
63,249,61,68,7,50,-11,18
390,230,28,39,11,21,-7,18
390,278,228,238,10,220,-8,18
390,272,212,221,9,203,-9,18
390,271,205,217,12,199,-6,18
152,208,249,253,4,235,-14,18
151,389,250,253,3,235,-15,18
88,245,162,172,10,154,-8,18
88,242,149,160,11,142,-7,18
126,373,53,64,11,46,-7,18
526,134,12,19,7,1,-11,18
126,376,50,61,11,43,-7,18
151,371,56,74,18,56,0,18
526,278,39,39,0,21,-18,18
63,241,56,64,8,46,-10,18
305,316,131,134,3,116,-15,18
275,248,170,170,0,152,-18,18
309,292,160,167,7,149,-11,18
235,309,117,127,10,109,-8,18
394,406,39,39,0,21,-18,18
365,364,43,46,3,28,-15,18
235,312,116,125,9,107,-9,18
235,310,118,127,9,109,-9,18
219,333,118,127,9,109,-9,18
366,228,28,46,18,28,0,18
365,494,39,46,7,28,-11,18
394,230,34,39,5,21,-13,18
62,263,34,46,12,28,-6,18
62,257,34,46,12,28,-6,18
390,486,28,39,11,21,-7,18
390,407,39,39,0,21,-18,18
533,278,39,39,0,21,-18,18
149,310,59,74,15,56,-3,18
62,254,56,61,5,43,-13,18
527,278,39,39,0,21,-18,18
28,303,85,96,11,78,-7,18
28,302,82,96,14,78,-4,18
28,301,89,96,7,78,-11,18
28,299,96,96,0,78,-18,18
366,277,222,229,7,211,-11,18
108,380,50,61,11,43,-7,18
88,338,115,124,9,106,-9,18
88,337,117,128,11,110,-7,18
394,77,39,39,0,21,-18,18
62,282,34,46,12,28,-6,18
62,274,28,39,11,21,-7,18
88,333,134,142,8,124,-10,18
62,380,253,254,1,236,-17,18
393,485,28,39,11,21,-7,18
393,406,39,39,0,21,-18,18
393,507,28,39,11,21,-7,18
393,486,39,39,0,21,-18,18
366,299,34,46,12,28,-6,18
366,298,28,46,18,28,0,18
151,292,173,180,7,162,-11,18
151,290,153,163,10,145,-8,18
137,354,59,64,5,46,-13,18
528,135,13,19,6,1,-12,18
62,289,28,39,11,21,-7,18
528,282,34,39,5,21,-13,18
528,278,39,39,0,21,-18,18
391,230,28,39,11,21,-7,18
367,513,255,255,0,237,-18,18
367,419,28,39,11,21,-7,18
366,305,28,39,11,21,-7,18
366,310,39,46,7,28,-11,18
529,135,12,19,7,1,-11,18
529,58,21,39,18,21,0,18
392,507,28,39,11,21,-7,18
124,377,59,61,2,43,-16,18
69,224,53,61,8,43,-10,18
308,198,106,110,4,92,-14,18
308,182,105,116,11,98,-7,18
366,419,28,39,11,21,-7,18
125,376,50,61,11,43,-7,18
393,230,34,39,5,21,-13,18
28,261,156,162,6,144,-12,18
28,260,160,162,2,144,-16,18
221,268,151,160,9,142,-9,18
532,278,39,39,0,21,-18,18
367,239,213,220,7,202,-11,18
124,376,46,61,15,43,-3,18
392,486,34,39,5,21,-13,18
392,485,21,39,18,21,0,18
529,282,34,39,5,21,-13,18
529,278,39,39,0,21,-18,18
530,135,11,19,8,1,-10,18
151,208,250,253,3,235,-15,18
307,322,236,238,2,220,-16,18
27,310,61,74,13,56,-5,18
367,279,205,216,11,198,-7,18
392,260,221,228,7,210,-11,18
307,231,242,242,0,224,-18,18
27,320,43,46,3,28,-15,18
307,219,72,82,10,64,-8,18
307,185,98,110,12,92,-6,18
367,310,43,46,3,28,-15,18
306,188,98,110,12,92,-6,18
306,184,110,116,6,98,-12,18
138,243,105,117,12,99,-6,18
530,282,28,39,11,21,-7,18
530,281,39,39,0,21,-18,18
220,334,110,120,10,102,-8,18
530,278,39,39,0,21,-18,18
27,293,85,96,11,78,-7,18
367,289,21,39,18,21,0,18
392,234,80,90,10,72,-8,18
392,230,34,39,5,21,-13,18
307,198,103,110,7,92,-11,18
391,507,28,39,11,21,-7,18
391,486,28,39,11,21,-7,18
367,305,28,39,11,21,-7,18
391,407,34,39,5,21,-13,18
108,364,66,74,8,56,-10,18
306,219,76,84,8,66,-10,18
27,299,89,98,9,80,-9,18
306,410,34,46,12,28,-6,18
306,409,43,46,3,28,-15,18
531,278,39,39,0,21,-18,18
150,289,145,153,8,135,-10,18
89,241,151,162,11,144,-7,18
62,374,39,39,0,21,-18,18
62,343,39,46,7,28,-11,18
89,336,128,135,7,117,-11,18
375,94,34,39,5,21,-13,18
374,509,34,39,5,21,-13,18
141,335,68,82,14,64,-4,18
141,334,66,82,16,64,-2,18
374,418,34,39,5,21,-13,18
374,412,39,39,0,21,-18,18
89,338,120,128,8,111,-9,17
0,558,61,78,17,61,0,17
108,231,139,145,6,128,-11,17
138,282,68,78,10,61,-7,17
1,558,61,78,17,61,0,17
184,370,66,70,4,53,-13,17
184,369,53,70,17,53,0,17
159,315,150,152,2,135,-15,17
159,314,149,150,1,133,-16,17
7,558,61,78,17,61,0,17
159,267,127,137,10,120,-7,17
159,266,127,137,10,120,-7,17
375,240,206,212,6,195,-11,17
230,333,105,112,7,95,-10,17
230,332,109,116,7,99,-10,17
245,356,82,99,17,82,0,17
233,249,135,140,5,123,-12,17
113,231,148,151,3,134,-14,17
297,269,244,248,4,231,-13,17
265,318,53,70,17,53,0,17
416,244,192,200,8,183,-9,17
325,238,234,243,9,226,-8,17
206,302,173,178,5,161,-12,17
145,369,105,106,1,89,-16,17
159,378,64,70,6,53,-11,17
159,374,85,85,0,68,-17,17
264,297,85,95,10,78,-7,17
326,192,80,89,9,72,-8,17
184,229,156,170,14,153,-3,17
455,61,253,254,1,237,-16,17
245,268,155,163,8,146,-9,17
51,298,50,56,6,39,-11,17
245,329,101,107,6,90,-11,17
306,189,95,107,12,90,-5,17
306,183,110,119,9,102,-8,17
150,208,250,253,3,236,-14,17
150,293,180,188,8,171,-9,17
306,359,143,149,6,132,-11,17
89,340,112,123,11,106,-6,17
184,311,107,116,9,99,-8,17
246,328,99,107,8,90,-9,17
346,273,205,211,6,194,-11,17
245,267,149,158,9,141,-8,17
274,301,76,85,9,68,-8,17
274,300,78,87,9,70,-8,17
307,186,95,109,14,92,-3,17
150,298,194,199,5,182,-12,17
531,135,10,18,8,1,-9,17
326,191,80,89,9,72,-8,17
326,140,112,122,10,105,-7,17
326,139,115,122,7,105,-10,17
326,138,116,122,6,105,-11,17
325,192,76,89,13,72,-4,17
159,382,70,78,8,61,-9,17
145,339,87,89,2,72,-15,17
57,335,53,56,3,39,-14,17
57,334,50,56,6,39,-11,17
205,312,136,144,8,127,-9,17
346,227,39,56,17,39,0,17
375,328,225,230,5,213,-12,17
392,323,185,201,16,184,-1,17
149,389,251,254,3,237,-14,17
307,182,116,116,0,99,-17,17
235,283,150,156,6,139,-11,17
384,267,210,220,10,203,-7,17
297,344,179,189,10,172,-7,17
159,257,135,140,5,123,-12,17
206,310,143,151,8,134,-9,17
37,320,50,56,6,39,-11,17
277,280,153,164,11,147,-6,17
94,215,50,56,6,39,-11,17
224,271,165,168,3,151,-14,17
456,251,205,211,6,194,-11,17
245,260,122,128,6,111,-11,17
245,257,109,122,13,105,-4,17
123,369,80,85,5,68,-12,17
307,184,102,110,8,93,-9,17
455,344,218,219,1,202,-16,17
74,271,43,56,13,39,-4,17
358,94,50,56,6,39,-11,17
358,93,43,56,13,39,-4,17
500,262,173,178,5,161,-12,17
206,341,112,122,10,105,-7,17
358,360,222,234,12,217,-5,17
160,229,173,177,4,160,-13,17
383,338,196,209,13,192,-4,17
326,354,166,173,7,156,-10,17
418,328,220,225,5,208,-12,17
264,266,163,170,7,153,-10,17
82,352,46,56,10,39,-7,17
113,215,43,56,13,39,-4,17
501,262,168,173,5,156,-12,17
205,295,180,184,4,167,-13,17
358,76,254,254,0,237,-17,17
263,304,80,93,13,76,-4,17
62,364,50,56,6,39,-11,17
391,272,217,222,5,205,-12,17
104,366,50,56,6,39,-11,17
186,290,175,180,5,163,-12,17
183,307,133,142,9,125,-8,17
371,274,221,229,8,212,-9,17
239,288,166,173,7,156,-10,17
159,255,135,143,8,126,-9,17
82,372,50,56,6,39,-11,17
277,296,109,118,9,101,-8,17
277,284,144,151,7,134,-10,17
81,350,46,56,10,39,-7,17
81,349,46,56,10,39,-7,17
81,348,50,56,6,39,-11,17
73,371,53,56,3,39,-14,17
346,86,96,102,6,85,-11,17
367,276,222,229,7,212,-10,17
150,351,89,99,10,82,-7,17
150,349,92,101,9,84,-8,17
183,320,151,156,5,139,-12,17
183,312,103,107,4,90,-13,17
160,283,180,184,4,167,-13,17
327,195,90,95,5,78,-12,17
414,351,208,224,16,207,-1,17
204,311,127,136,9,119,-8,17
204,310,127,135,8,118,-9,17
57,288,46,56,10,39,-7,17
89,353,82,89,7,72,-10,17
89,352,87,95,8,78,-9,17
50,312,53,56,3,39,-14,17
383,333,221,227,6,210,-11,17
419,328,220,225,5,208,-12,17
71,233,61,70,9,53,-8,17
160,316,152,157,5,140,-12,17
327,307,25,36,11,19,-6,17
263,291,98,107,9,90,-8,17
383,323,223,230,7,213,-10,17
296,207,110,123,13,106,-4,17
37,296,72,87,15,70,-2,17
37,295,82,87,5,70,-12,17
324,238,238,245,7,228,-10,17
324,237,231,242,11,225,-6,17
276,362,144,157,13,140,-4,17
145,298,174,184,10,167,-7,17
57,270,61,70,9,53,-8,17
105,216,50,56,6,39,-11,17
88,353,78,87,9,70,-8,17
391,234,78,89,11,72,-6,17
308,184,96,109,13,92,-4,17
308,181,109,116,7,99,-10,17
160,334,111,116,5,99,-12,17
324,226,39,56,17,39,0,17
37,285,89,89,0,72,-17,17
493,536,251,253,2,236,-15,17
328,239,231,242,11,225,-6,17
160,379,68,76,8,59,-9,17
204,309,126,134,8,117,-9,17
52,241,59,70,11,53,-6,17
52,240,59,70,11,53,-6,17
50,255,70,78,8,61,-9,17
366,323,227,229,2,212,-15,17
229,335,98,107,9,90,-8,17
229,333,109,116,7,99,-10,17
383,267,214,223,9,206,-8,17
383,266,220,227,7,210,-10,17
145,299,169,177,8,160,-9,17
37,250,144,146,2,129,-15,17
135,357,82,87,5,70,-12,17
21,330,46,56,10,39,-7,17
21,329,46,56,10,39,-7,17
420,338,221,226,5,209,-12,17
262,308,76,89,13,72,-4,17
277,353,66,70,4,53,-13,17
277,300,90,101,11,84,-6,17
298,213,87,99,12,82,-5,17
83,305,137,145,8,128,-9,17
81,277,184,190,6,173,-11,17
57,237,39,56,17,39,0,17
137,356,68,78,10,61,-7,17
137,355,64,70,6,53,-11,17
88,362,50,56,6,39,-11,17
57,236,39,56,17,39,0,17
57,233,64,70,6,53,-11,17
493,333,215,230,15,213,-2,17
207,309,151,160,9,143,-8,17
58,288,46,56,10,39,-7,17
267,270,159,165,6,148,-11,17
39,313,46,56,10,39,-7,17
262,286,111,118,7,101,-10,17
262,285,111,118,7,101,-10,17
93,387,254,255,1,238,-16,17
328,354,164,171,7,154,-10,17
372,276,206,216,10,199,-7,17
295,347,165,176,11,159,-6,17
267,354,76,89,13,72,-4,17
323,226,39,56,17,39,0,17
103,366,46,56,10,39,-7,17
88,332,138,145,7,128,-10,17
308,311,141,145,4,128,-13,17
28,294,80,85,5,68,-12,17
223,333,120,128,8,111,-9,17
83,303,137,145,8,128,-9,17
413,327,218,223,5,206,-12,17
83,302,139,146,7,129,-10,17
83,300,143,149,6,132,-11,17
413,256,212,220,8,203,-9,17
323,204,90,93,3,76,-14,17
161,309,96,106,10,89,-7,17
345,278,209,217,8,200,-9,17
393,260,215,223,8,206,-9,17
449,345,204,216,12,199,-5,17
52,239,61,70,9,53,-8,17
376,272,213,222,9,205,-8,17
203,315,127,134,7,117,-10,17
203,314,125,133,8,116,-9,17
329,126,111,120,9,103,-8,17
261,320,78,85,7,68,-10,17
261,312,74,85,11,68,-6,17
262,265,160,166,6,149,-11,17
112,368,50,56,6,39,-11,17
412,257,213,221,8,204,-9,17
58,335,46,56,10,39,-7,17
112,366,61,70,9,53,-8,17
19,310,50,56,6,39,-11,17
88,339,111,120,9,103,-8,17
52,265,61,70,9,53,-8,17
52,259,76,89,13,72,-4,17
52,238,64,70,6,53,-11,17
50,260,74,87,13,70,-4,17
345,282,235,240,5,223,-12,17
329,134,107,120,13,103,-4,17
329,133,116,122,6,105,-11,17
492,333,214,230,16,213,-1,17
146,293,167,177,10,160,-7,17
422,276,229,231,2,214,-15,17
382,356,214,228,14,211,-3,17
112,365,68,76,8,59,-9,17
348,281,233,240,7,223,-10,17
133,309,168,174,6,157,-11,17
66,361,53,56,3,39,-14,17
394,259,215,223,8,206,-9,17
308,425,254,254,0,237,-17,17
151,289,151,159,8,142,-9,17
36,285,82,89,7,72,-10,17
503,537,253,253,0,236,-17,17
323,188,76,89,13,72,-4,17
323,151,102,110,8,93,-9,17
412,352,218,223,5,206,-12,17
412,351,206,223,17,206,0,17
323,187,80,89,9,72,-8,17
323,186,78,89,11,72,-6,17
36,297,87,89,2,72,-15,17
323,144,111,124,13,107,-4,17
142,301,159,164,5,147,-12,17
248,264,127,134,7,117,-10,17
448,325,215,217,2,200,-15,17
345,227,39,56,17,39,0,17
83,317,144,151,7,134,-10,17
261,295,114,120,6,103,-11,17
261,286,118,128,10,111,-7,17
261,285,118,128,10,111,-7,17
261,284,118,128,10,111,-7,17
261,283,117,128,11,111,-6,17
130,277,190,193,3,176,-14,17
412,256,208,217,9,200,-8,17
83,311,143,151,8,134,-9,17
71,248,66,70,4,53,-13,17
161,324,128,143,15,126,-2,17
261,300,112,119,7,102,-10,17
261,299,111,119,8,102,-9,17
261,298,112,119,7,102,-10,17
21,328,46,56,10,39,-7,17
21,327,46,56,10,39,-7,17
202,320,139,143,4,126,-13,17
19,311,46,56,10,39,-7,17
149,295,191,198,7,181,-10,17
275,241,240,251,11,234,-6,17
126,217,50,56,6,39,-11,17
309,191,89,89,0,72,-17,17
309,181,99,112,13,95,-4,17
366,239,214,221,7,204,-10,17
394,242,211,216,5,199,-12,17
329,310,36,42,6,25,-11,17
161,332,107,116,9,99,-8,17
161,331,109,118,9,101,-8,17
83,316,144,151,7,134,-10,17
268,274,142,150,8,133,-9,17
140,328,68,70,2,53,-15,17
81,241,39,56,17,39,0,17
181,314,87,102,15,85,-2,17
344,347,199,213,14,196,-3,17
52,285,39,56,17,39,0,17
52,284,43,56,13,39,-4,17
448,250,201,208,7,191,-10,17
235,313,115,124,9,107,-8,17
151,300,175,186,11,169,-6,17
181,303,165,173,8,156,-9,17
329,353,170,178,8,161,-9,17
83,310,142,149,7,132,-10,17
158,270,124,135,11,118,-6,17
158,269,118,135,17,118,0,17
323,130,255,255,0,238,-17,17
223,326,117,126,9,109,-8,17
330,133,106,116,10,99,-7,17
330,126,118,120,2,103,-15,17
390,322,186,202,16,185,-1,17
89,363,46,56,10,39,-7,17
395,258,217,225,8,208,-9,17
29,242,253,254,1,237,-16,17
344,283,236,238,2,221,-15,17
102,387,254,254,0,237,-17,17
285,225,66,70,4,53,-13,17
52,295,43,56,13,39,-4,17
460,60,253,254,1,237,-16,17
382,268,212,222,10,205,-7,17
382,267,218,226,8,209,-9,17
385,266,212,221,9,204,-8,17
385,265,217,225,8,208,-9,17
504,327,210,213,3,196,-14,17
268,275,138,147,9,130,-8,17
299,200,114,118,4,101,-13,17
360,91,46,56,10,39,-7,17
411,329,195,206,11,189,-6,17
83,374,50,56,6,39,-11,17
75,253,43,56,13,39,-4,17
63,229,53,56,3,39,-14,17
88,244,158,168,10,151,-7,17
88,243,153,164,11,147,-6,17
309,232,234,240,6,223,-11,17
390,326,221,228,7,211,-10,17
83,373,50,56,6,39,-11,17
83,372,43,56,13,39,-4,17
411,243,203,210,7,193,-10,17
83,345,66,76,10,59,-7,17
299,220,78,87,9,70,-8,17
505,263,159,168,9,151,-8,17
18,340,254,254,0,237,-17,17
202,294,169,180,11,163,-6,17
202,293,175,184,9,167,-8,17
244,259,124,129,5,112,-12,17
310,163,253,254,1,237,-16,17
395,242,210,216,6,199,-11,17
344,279,206,214,8,197,-9,17
447,325,215,217,2,200,-15,17
181,228,166,180,14,163,-3,17
181,226,188,188,0,171,-17,17
80,343,46,56,10,39,-7,17
80,342,46,56,10,39,-7,17
505,327,210,213,3,196,-14,17
49,260,87,87,0,70,-17,17
244,267,152,161,9,144,-8,17
75,235,43,56,13,39,-4,17
75,234,39,56,17,39,0,17
344,227,43,56,13,39,-4,17
188,350,116,124,8,107,-9,17
260,320,70,85,15,68,-2,17
322,237,238,243,5,226,-12,17
322,226,39,56,17,39,0,17
157,381,70,76,6,59,-11,17
59,246,66,78,12,61,-5,17
506,264,165,173,8,156,-9,17
268,354,78,89,11,72,-6,17
424,337,199,211,12,194,-5,17
260,293,123,131,8,114,-9,17
260,292,124,132,8,115,-9,17
56,332,56,56,0,39,-17,17
56,331,50,56,6,39,-11,17
36,240,199,205,6,188,-11,17
162,312,117,126,9,109,-8,17
294,265,245,246,1,229,-16,17
294,221,80,87,7,70,-10,17
294,220,87,95,8,78,-9,17
395,324,182,199,17,182,0,17
109,224,61,70,9,53,-8,17
525,274,169,170,1,153,-16,17
285,347,78,78,0,61,-17,17
188,284,167,173,6,156,-11,17
447,250,201,209,8,192,-9,17
18,577,61,78,17,61,0,17
18,576,61,78,17,61,0,17
18,569,61,78,17,61,0,17
489,259,190,195,5,178,-12,17
276,359,148,148,0,131,-17,17
278,295,118,126,8,109,-9,17
260,287,127,135,8,118,-9,17
343,510,250,253,3,236,-14,17
343,496,43,56,13,39,-4,17
349,85,76,87,11,70,-6,17
305,194,89,99,10,82,-7,17
305,185,116,120,4,103,-13,17
525,134,13,19,6,2,-11,17
260,286,128,135,7,118,-10,17
260,262,165,170,5,153,-12,17
506,327,210,213,3,196,-14,17
260,291,125,133,8,116,-9,17
260,288,127,135,8,118,-9,17
157,345,78,87,9,70,-8,17
201,321,138,143,5,126,-12,17
331,182,66,76,10,59,-7,17
331,181,68,76,8,59,-9,17
231,333,99,109,10,92,-7,17
105,366,50,56,6,39,-11,17
285,381,252,253,1,236,-16,17
29,259,156,164,8,147,-9,17
180,233,172,183,11,166,-6,17
188,369,70,78,8,61,-9,17
188,368,61,78,17,61,0,17
49,218,253,254,1,237,-16,17
410,257,206,216,10,199,-7,17
209,308,164,173,9,156,-8,17
59,274,50,56,6,39,-11,17
59,273,53,56,3,39,-14,17
425,350,222,226,4,209,-13,17
305,200,109,112,3,95,-14,17
305,195,85,99,14,82,-3,17
524,271,140,148,8,131,-9,17
87,354,70,78,8,61,-9,17
396,242,209,215,6,198,-11,17
13,318,253,253,0,236,-17,17
102,366,43,56,13,39,-4,17
137,279,46,56,10,39,-7,17
425,340,220,226,6,209,-11,17
372,330,191,208,17,191,0,17
121,228,144,148,4,131,-13,17
381,356,211,228,17,211,0,17
331,351,184,191,7,174,-10,17
259,316,78,87,9,70,-8,17
269,275,142,150,8,133,-9,17
381,267,222,229,7,212,-10,17
75,301,43,56,13,39,-4,17
75,300,43,56,13,39,-4,17
75,299,46,56,10,39,-7,17
29,294,72,85,13,68,-4,17
137,303,159,166,7,149,-10,17
29,302,78,89,11,72,-6,17
305,220,68,78,10,61,-7,17
149,283,116,126,10,109,-7,17
259,284,136,144,8,127,-9,17
356,92,43,56,13,39,-4,17
386,265,213,222,9,205,-8,17
386,264,218,226,8,209,-9,17
22,286,78,93,15,76,-2,17
140,391,253,253,0,236,-17,17
278,286,141,149,8,132,-9,17
409,285,43,56,13,39,-4,17
321,235,225,240,15,223,-2,17
249,266,131,140,9,123,-8,17
390,233,74,78,4,61,-13,17
221,334,111,120,9,103,-8,17
179,313,89,102,13,85,-4,17
179,311,96,109,13,92,-4,17
75,302,50,56,6,39,-11,17
84,264,186,191,5,174,-12,17
409,243,205,213,8,196,-9,17
321,226,39,56,17,39,0,17
112,215,46,56,10,39,-7,17
321,181,84,85,1,68,-16,17
233,313,98,107,9,90,-8,17
140,247,139,141,2,124,-15,17
140,240,120,128,8,111,-9,17
259,292,131,140,9,123,-8,17
259,291,132,141,9,124,-8,17
349,317,59,70,11,53,-6,17
73,273,43,56,13,39,-4,17
48,289,68,76,8,59,-9,17
29,311,59,70,11,53,-6,17
311,189,85,89,4,72,-13,17
152,300,177,186,9,169,-8,17
218,334,109,118,9,101,-8,17
179,318,132,144,12,127,-5,17
75,320,53,56,3,39,-14,17
259,290,133,142,9,125,-8,17
259,288,134,143,9,126,-8,17
259,286,135,144,9,127,-8,17
259,285,135,144,9,127,-8,17
201,231,252,253,1,236,-16,17
381,339,214,219,5,202,-12,17
111,364,70,78,8,61,-9,17
35,253,156,161,5,144,-12,17
321,153,106,118,12,101,-5,17
321,152,107,119,12,102,-5,17
41,260,101,112,11,95,-6,17
343,186,43,56,13,39,-4,17
189,314,78,87,9,70,-8,17
286,364,114,122,8,105,-9,17
179,223,186,192,6,175,-11,17
343,227,43,56,13,39,-4,17
134,306,167,177,10,160,-7,17
134,305,172,178,6,161,-11,17
56,288,43,56,13,39,-4,17
259,296,127,136,9,119,-8,17
259,295,128,137,9,120,-8,17
355,313,64,78,14,61,-3,17
41,281,80,95,15,78,-2,17
372,334,223,227,4,210,-13,17
343,94,98,110,12,93,-5,17
190,220,253,253,0,236,-17,17
133,220,46,56,10,39,-7,17
102,233,137,146,9,129,-8,17
275,291,118,124,6,107,-11,17
53,247,74,78,4,61,-13,17
73,278,50,56,6,39,-11,17
232,294,85,102,17,85,0,17
226,293,139,151,12,134,-5,17
258,315,87,95,8,78,-9,17
332,177,64,76,12,59,-5,17
259,261,165,170,5,153,-12,17
299,363,119,126,7,109,-10,17
157,246,164,172,8,155,-9,17
408,243,206,214,8,197,-9,17
178,319,141,149,8,132,-9,17
75,374,39,56,17,39,0,17
87,352,78,85,7,68,-10,17
138,348,72,78,6,61,-11,17
311,174,107,116,9,99,-8,17
311,172,112,118,6,101,-11,17
189,313,74,85,11,68,-6,17
332,232,220,223,3,206,-14,17
332,176,64,76,12,59,-5,17
332,175,64,76,12,59,-5,17
238,313,134,142,8,125,-9,17
300,221,70,78,8,61,-9,17
355,284,250,250,0,233,-17,17
258,304,126,133,7,116,-10,17
258,303,128,136,8,119,-9,17
293,218,93,99,6,82,-11,17
210,295,181,187,6,170,-11,17
84,308,146,154,8,137,-9,17
130,319,169,173,4,156,-13,17
250,272,159,167,8,150,-9,17
342,227,43,56,13,39,-4,17
229,292,134,135,1,118,-16,17
61,344,46,56,10,39,-7,17
61,343,46,56,10,39,-7,17
258,314,90,99,9,82,-8,17
240,289,173,182,9,165,-8,17
320,189,72,87,15,70,-2,17
84,320,149,156,7,139,-10,17
320,226,39,56,17,39,0,17
509,131,0,17,17,0,0,17
258,293,139,145,6,128,-11,17
286,382,252,253,1,236,-16,17
286,375,37,43,6,26,-11,17
177,317,130,139,9,122,-8,17
273,279,142,150,8,133,-9,17
152,349,96,101,5,84,-12,17
138,347,72,78,6,61,-11,17
90,241,159,167,8,150,-9,17
304,360,135,144,9,127,-8,17
275,293,112,119,7,102,-10,17
269,354,78,89,11,72,-6,17
130,314,180,184,4,167,-13,17
386,338,197,209,12,192,-5,17
146,347,82,87,5,70,-12,17
238,287,159,166,7,149,-10,17
84,349,68,76,8,59,-9,17
84,343,78,87,9,70,-8,17
164,216,164,167,3,150,-14,17
232,297,82,95,13,78,-4,17
293,302,150,151,1,134,-16,17
76,258,43,56,13,39,-4,17
236,284,152,158,6,141,-11,17
273,280,138,145,7,128,-10,17
350,86,80,87,7,70,-10,17
87,339,106,115,9,98,-8,17
523,271,144,151,7,134,-10,17
258,296,136,144,8,127,-9,17
258,295,136,144,8,127,-9,17
428,248,198,205,7,188,-10,17
319,190,85,89,4,72,-13,17
319,189,87,89,2,72,-15,17
223,275,162,169,7,152,-10,17
278,301,90,101,11,84,-6,17
377,333,194,208,14,191,-3,17
273,288,116,124,8,107,-9,17
535,136,11,19,8,2,-9,17
349,332,209,217,8,200,-9,17
199,322,135,142,7,125,-10,17
428,323,216,217,1,200,-16,17
407,277,238,238,0,221,-17,17
407,330,189,204,15,187,-2,17
34,304,61,70,9,53,-8,17
34,303,64,76,12,59,-5,17
79,339,46,56,10,39,-7,17
333,187,46,56,10,39,-7,17
226,291,142,153,11,136,-6,17
226,290,144,153,9,136,-8,17
226,242,133,137,4,120,-13,17
292,351,145,158,13,141,-4,17
156,350,101,106,5,89,-12,17
319,216,56,70,14,53,-3,17
226,305,125,136,11,119,-6,17
429,248,198,205,7,188,-10,17
149,217,168,173,5,156,-12,17
76,239,56,56,0,39,-17,17
76,238,50,56,6,39,-11,17
53,286,50,56,6,39,-11,17
92,366,50,56,6,39,-11,17
92,363,66,70,4,53,-13,17
276,297,101,109,8,92,-9,17
407,258,207,216,9,199,-8,17
361,237,210,218,8,201,-9,17
23,273,151,158,7,141,-10,17
139,343,82,87,5,70,-12,17
484,58,252,252,0,235,-17,17
257,326,92,93,1,76,-16,17
164,343,135,143,8,126,-9,17
147,218,172,177,5,160,-12,17
147,216,175,180,5,163,-12,17
292,306,129,140,11,123,-6,17
141,286,110,116,6,99,-11,17
312,173,101,112,11,95,-6,17
398,242,208,214,6,197,-11,17
128,265,192,198,6,181,-11,17
128,264,188,195,7,178,-10,17
222,239,128,144,16,127,-1,17
522,271,147,155,8,138,-9,17
153,213,156,164,8,147,-9,17
397,329,222,229,7,212,-10,17
53,295,50,56,6,39,-11,17
334,108,105,116,11,99,-6,17
257,317,89,95,6,78,-11,17
156,299,184,194,10,177,-7,17
334,182,50,56,6,39,-11,17
165,218,161,168,7,151,-10,17
251,243,166,175,9,158,-8,17
236,250,124,132,8,115,-9,17
236,248,117,132,15,115,-2,17
250,324,105,112,7,95,-10,17
442,526,253,254,1,237,-16,17
190,365,136,137,1,120,-16,17
53,311,50,56,6,39,-11,17
55,352,46,56,10,39,-7,17
226,300,135,144,9,127,-8,17
406,353,223,224,1,207,-16,17
318,281,249,249,0,232,-17,17
60,246,64,78,14,61,-3,17
387,264,214,223,9,206,-8,17
240,360,253,253,0,236,-17,17
42,309,66,76,10,59,-7,17
76,319,56,70,14,53,-3,17
76,318,59,70,11,53,-6,17
350,333,212,219,7,202,-10,17
137,247,93,107,14,90,-3,17
137,244,99,109,10,92,-7,17
288,217,89,93,4,76,-13,17
287,375,31,43,12,26,-5,17
53,310,53,56,3,39,-14,17
42,297,84,89,5,72,-12,17
42,284,66,78,12,61,-5,17
156,292,175,181,6,164,-11,17
292,301,139,150,11,133,-6,17
257,315,92,101,9,84,-8,17
42,310,59,70,11,53,-6,17
198,308,61,70,9,53,-8,17
85,291,186,193,7,176,-10,17
257,269,96,110,14,93,-3,17
334,243,240,246,6,229,-11,17
228,361,253,255,2,238,-15,17
228,335,102,110,8,93,-9,17
228,333,114,120,6,103,-11,17
288,297,128,139,11,122,-6,17
288,296,133,143,10,126,-7,17
288,230,250,251,1,234,-16,17
280,253,169,173,4,156,-13,17
364,278,225,231,6,214,-11,17
341,189,56,56,0,39,-17,17
334,199,53,56,3,39,-14,17
42,302,85,85,0,68,-17,17
42,301,70,85,15,68,-2,17
72,212,180,184,4,167,-13,17
380,356,211,228,17,211,0,17
373,232,76,93,17,76,0,17
271,271,165,173,8,156,-9,17
136,249,85,93,8,76,-9,17
136,248,90,93,3,76,-14,17
340,347,195,202,7,185,-10,17
116,231,150,155,5,138,-12,17
191,362,109,116,7,99,-10,17
399,242,207,214,7,197,-10,17
312,289,244,244,0,227,-17,17
118,369,61,70,9,53,-8,17
222,268,153,159,6,142,-11,17
175,317,138,144,6,127,-11,17
431,339,196,212,16,195,-1,17
380,322,223,231,8,214,-9,17
85,323,149,156,7,139,-10,17
55,296,46,56,10,39,-7,17
55,295,43,56,13,39,-4,17
536,136,9,18,9,1,-8,17
234,314,107,115,8,98,-9,17
312,305,158,160,2,143,-15,17
30,302,72,87,15,70,-2,17
30,301,80,87,7,70,-10,17
153,300,177,187,10,170,-7,17
256,327,89,93,4,76,-13,17
241,291,184,192,8,175,-9,17
241,290,182,190,8,173,-9,17
241,289,181,189,8,172,-9,17
256,326,84,93,9,76,-8,17
117,367,68,76,8,59,-9,17
87,300,169,177,8,160,-9,17
87,298,173,182,9,165,-8,17
304,219,78,85,7,68,-10,17
153,288,166,175,9,158,-8,17
175,222,160,175,15,158,-2,17
175,302,163,172,9,155,-8,17
226,334,112,120,8,103,-9,17
17,304,56,70,14,53,-3,17
291,352,143,156,13,139,-4,17
276,279,152,162,10,145,-7,17
271,240,249,250,1,233,-16,17
60,248,72,78,6,61,-11,17
117,381,64,70,6,53,-11,17
222,327,124,133,9,116,-8,17
222,326,116,126,10,109,-7,17
166,267,175,181,6,164,-11,17
166,266,175,181,6,164,-11,17
166,265,174,180,6,163,-11,17
335,107,115,115,0,98,-17,17
335,106,114,115,1,98,-16,17
197,324,145,153,8,136,-9,17
147,282,103,112,9,95,-8,17
85,346,78,87,9,70,-8,17
85,345,80,89,9,72,-8,17
156,215,160,170,10,153,-7,17
340,246,242,248,6,231,-11,17
378,241,210,218,8,201,-9,17
143,291,154,160,6,143,-11,17
405,253,210,218,8,201,-9,17
166,271,177,184,7,167,-10,17
335,243,237,245,8,228,-9,17
380,270,209,219,10,202,-7,17
23,336,39,56,17,39,0,17
23,335,43,56,13,39,-4,17
335,325,228,230,2,213,-15,17
166,317,146,155,9,138,-8,17
252,263,96,110,14,93,-3,17
46,309,78,78,0,61,-17,17
229,245,135,141,6,124,-11,17
191,350,107,120,13,103,-4,17
76,374,46,56,10,39,-7,17
251,323,103,112,9,95,-8,17
335,273,66,76,10,59,-7,17
271,285,119,123,4,106,-13,17
85,351,70,78,8,61,-9,17
43,309,70,76,6,59,-11,17
196,347,115,123,8,106,-9,17
479,275,203,204,1,187,-16,17
78,336,46,56,10,39,-7,17
335,350,184,190,6,173,-11,17
335,349,188,195,7,178,-10,17
23,337,43,56,13,39,-4,17
222,333,119,128,9,111,-8,17
335,491,254,254,0,237,-17,17
313,194,96,99,3,82,-14,17
520,133,10,19,9,2,-8,17
139,236,154,160,6,143,-11,17
304,190,106,115,9,98,-8,17
288,302,111,124,13,107,-4,17
288,299,120,132,12,115,-5,17
132,245,170,175,5,158,-12,17
78,335,46,56,10,39,-7,17
17,281,66,76,10,59,-7,17
404,254,206,216,10,199,-7,17
302,182,254,254,0,237,-17,17
271,299,61,70,9,53,-8,17
131,351,99,102,3,85,-14,17
439,347,224,225,1,208,-16,17
439,346,211,225,14,208,-3,17
339,245,238,247,9,230,-8,17
173,230,197,199,2,182,-15,17
339,360,187,195,8,178,-9,17
339,347,197,204,7,187,-10,17
228,313,101,107,6,90,-11,17
353,76,254,254,0,237,-17,17
478,256,199,205,6,188,-11,17
155,343,78,87,9,70,-8,17
255,321,89,99,10,82,-7,17
167,369,122,122,0,105,-17,17
167,230,184,195,11,178,-6,17
278,369,29,29,0,12,-17,17
291,220,102,102,0,85,-17,17
362,280,223,229,6,212,-11,17
514,537,253,253,0,236,-17,17
470,326,215,216,1,199,-16,17
252,325,90,99,9,82,-8,17
25,276,123,134,11,117,-6,17
288,375,28,43,15,26,-2,17
101,214,66,70,4,53,-13,17
77,239,43,56,13,39,-4,17
77,238,39,56,17,39,0,17
86,207,250,252,2,235,-15,17
86,220,46,56,10,39,-7,17
477,66,32,37,5,20,-12,17
155,299,186,195,9,178,-8,17
237,313,129,137,8,120,-9,17
237,312,131,140,9,123,-8,17
213,322,124,126,2,109,-15,17
403,324,220,223,3,206,-14,17
470,532,252,253,1,236,-16,17
172,317,140,147,7,130,-10,17
253,274,155,161,6,144,-11,17
313,305,151,160,9,143,-8,17
313,302,156,160,4,143,-13,17
400,242,207,214,7,197,-10,17
363,318,213,221,8,204,-9,17
519,273,164,175,11,158,-6,17
87,249,170,178,8,161,-9,17
87,248,168,175,7,158,-10,17
216,237,141,151,10,134,-7,17
173,220,175,187,12,170,-5,17
255,307,136,144,8,127,-9,17
255,305,138,147,9,130,-8,17
352,314,59,70,11,53,-6,17
234,249,128,137,9,120,-8,17
195,363,115,123,8,106,-9,17
253,264,96,110,14,93,-3,17
31,262,167,168,1,151,-16,17
61,260,53,56,3,39,-14,17
313,301,154,160,6,143,-11,17
313,300,154,160,6,143,-11,17
378,270,217,226,9,209,-8,17
168,316,137,145,8,128,-9,17
403,321,223,223,0,206,-17,17
155,306,74,89,15,72,-2,17
271,355,70,78,8,61,-9,17
86,292,184,194,10,177,-7,17
515,269,171,177,6,160,-11,17
302,282,163,178,15,161,-2,17
168,368,119,123,4,106,-13,17
254,320,99,106,7,89,-10,17
254,316,107,116,9,99,-8,17
254,315,110,119,9,102,-8,17
352,338,208,217,9,200,-8,17
128,331,146,152,6,135,-11,17
222,288,172,173,1,156,-16,17
172,226,186,195,9,178,-8,17
172,225,195,195,0,178,-17,17
24,284,87,93,6,76,-11,17
139,342,84,87,3,70,-14,17
315,358,139,147,8,130,-9,17
155,248,148,155,7,138,-10,17
155,243,156,165,9,148,-8,17
290,340,82,87,5,70,-12,17
254,324,82,93,11,76,-6,17
254,323,85,99,14,82,-3,17
516,132,5,17,12,0,-5,17
214,278,175,184,9,167,-8,17
214,277,172,182,10,165,-7,17
155,220,145,153,8,136,-9,17
136,318,46,56,10,39,-7,17
401,242,207,214,7,197,-10,17
148,282,109,116,7,99,-10,17
400,255,214,222,8,205,-9,17
31,261,164,168,4,151,-13,17
379,356,212,228,16,211,-1,17
302,221,66,76,10,59,-7,17
139,341,84,87,3,70,-14,17
222,308,144,151,7,134,-10,17
337,244,237,246,9,229,-8,17
289,354,137,148,11,131,-6,17
378,321,223,229,6,212,-11,17
45,297,74,76,2,59,-15,17
128,343,120,126,6,109,-11,17
215,271,164,170,6,153,-11,17
401,265,220,223,3,206,-14,17
313,358,141,148,7,131,-10,17
154,229,156,159,3,142,-14,17
154,217,138,153,15,136,-2,17
253,302,156,164,8,147,-9,17
438,347,223,228,5,211,-12,17
351,315,59,70,11,53,-6,17
254,304,147,155,8,138,-9,17
195,312,46,56,10,39,-7,17
436,241,95,107,12,90,-5,17
130,347,109,112,3,95,-14,17
315,226,43,56,13,39,-4,17
170,219,186,190,4,173,-13,17
135,226,132,136,4,119,-13,17
474,255,202,207,5,190,-12,17
253,312,127,134,7,117,-10,17
86,353,68,78,10,61,-7,17
272,299,68,78,10,61,-7,17
272,287,115,123,8,106,-9,17
227,335,103,112,9,95,-8,17
171,380,66,70,4,53,-13,17
279,298,111,118,7,101,-10,17
289,360,124,133,9,116,-8,17
254,275,154,160,6,143,-11,17
290,300,133,141,8,124,-9,17
214,276,170,178,8,161,-9,17
402,253,219,226,7,209,-10,17
170,368,125,128,3,111,-14,17
108,224,61,70,9,53,-8,17
222,300,159,159,0,142,-17,17
237,251,124,132,8,115,-9,17
401,331,226,231,5,214,-12,17
401,255,210,219,9,202,-8,17
401,254,216,224,8,207,-9,17
518,273,167,177,10,160,-7,17
518,133,12,20,8,3,-9,17
253,315,116,124,8,107,-9,17
253,314,119,127,8,110,-9,17
77,379,53,56,3,39,-14,17
337,349,186,193,7,176,-10,17
254,265,93,109,16,92,-1,17
148,218,173,177,4,160,-13,17
234,286,130,141,11,124,-6,17
106,212,68,85,17,68,0,17
65,361,43,56,13,39,-4,17
437,249,200,208,8,191,-9,17
77,332,46,56,10,39,-7,17
86,345,87,95,8,78,-9,17
86,355,61,70,9,53,-8,17
227,334,110,119,9,102,-8,17
227,333,116,124,8,107,-9,17
378,338,219,224,5,207,-12,17
65,367,53,56,3,39,-14,17
194,348,115,124,9,107,-8,17
54,286,50,56,6,39,-11,17
131,245,164,175,11,158,-6,17
170,317,144,151,7,134,-10,17
170,228,195,199,4,182,-13,17
369,319,226,229,3,212,-14,17
401,516,254,254,0,237,-17,17
402,255,207,216,9,199,-8,17
60,353,46,56,10,39,-7,17
60,352,46,56,10,39,-7,17
314,311,244,248,4,231,-13,17
77,377,46,56,10,39,-7,17
77,374,46,56,10,39,-7,17
254,256,160,167,7,150,-10,17
171,219,190,190,0,173,-17,17
171,228,192,199,7,182,-10,17
77,378,50,56,6,39,-11,17
538,136,7,18,11,1,-6,17
24,315,43,56,13,39,-4,17
222,310,136,141,5,124,-12,17
314,357,147,156,9,139,-8,17
401,327,185,202,17,185,0,17
171,317,142,149,7,132,-10,17
54,310,56,56,0,39,-17,17
54,309,50,56,6,39,-11,17
254,243,163,173,10,156,-7,17
253,337,59,76,17,59,0,17
290,220,102,102,0,85,-17,17
379,233,74,89,15,72,-2,17
154,376,72,85,13,68,-4,17
388,325,221,228,7,211,-10,17
222,306,151,158,7,141,-10,17
537,136,8,18,10,1,-7,17
437,324,213,217,4,200,-13,17
54,311,56,56,0,39,-17,17
246,259,111,122,11,105,-6,17
51,278,50,56,6,39,-11,17
306,218,82,89,7,72,-10,17
159,318,135,149,14,132,-3,17
205,339,127,133,6,116,-11,17
159,317,140,152,12,135,-5,17
159,316,144,152,8,135,-9,17
113,365,70,78,8,61,-9,17
159,339,90,99,9,82,-8,17
58,246,64,78,14,61,-3,17
246,261,123,129,6,112,-11,17
231,247,136,141,5,124,-12,17
282,300,107,114,7,98,-9,16
347,86,92,98,6,82,-10,16
347,85,85,96,11,80,-5,16
51,251,66,72,6,56,-10,16
51,250,72,72,0,56,-16,16
246,260,117,126,9,110,-7,16
325,354,168,173,5,157,-11,16
265,267,163,169,6,153,-10,16
113,370,39,50,11,34,-5,16
205,341,117,125,8,109,-8,16
113,367,56,66,10,50,-6,16
113,368,50,59,9,43,-7,16
205,338,129,135,6,119,-10,16
239,306,156,164,8,148,-8,16
239,305,158,165,7,149,-9,16
230,334,99,109,10,93,-6,16
282,255,173,174,1,158,-15,16
246,269,158,165,7,149,-9,16
246,268,151,160,9,144,-7,16
246,267,146,155,9,139,-7,16
297,220,82,90,8,74,-8,16
297,213,90,101,11,85,-5,16
21,260,253,253,0,237,-16,16
159,350,116,123,7,107,-9,16
264,357,103,103,0,87,-16,16
205,313,138,144,6,128,-10,16
325,239,240,245,5,229,-11,16
415,351,209,224,15,208,-1,16
266,269,159,165,6,149,-10,16
234,284,139,150,11,134,-5,16
99,376,34,50,16,34,0,16
564,139,22,28,6,12,-10,16
77,334,43,50,7,34,-9,16
60,367,46,50,4,34,-12,16
60,366,46,50,4,34,-12,16
86,363,34,50,16,34,0,16
109,378,46,50,4,34,-12,16
154,308,76,84,8,68,-8,16
379,84,39,50,11,34,-5,16
129,219,39,50,11,34,-5,16
86,359,53,59,6,43,-10,16
86,346,85,92,7,76,-9,16
437,347,222,229,7,213,-9,16
170,379,53,66,13,50,-3,16
24,309,80,82,2,66,-14,16
128,385,254,254,0,238,-16,16
437,241,95,105,10,89,-6,16
54,327,50,50,0,34,-16,16
54,326,43,50,7,34,-9,16
54,325,39,50,11,34,-5,16
438,274,213,220,7,204,-9,16
438,249,199,207,8,191,-8,16
24,342,39,50,11,34,-5,16
518,274,175,180,5,164,-11,16
134,357,85,90,5,74,-11,16
253,313,124,130,6,114,-10,16
170,221,172,180,8,164,-8,16
86,341,96,103,7,87,-9,16
86,340,98,106,8,90,-8,16
154,349,89,98,9,82,-7,16
139,317,43,50,7,34,-9,16
195,299,89,101,12,85,-4,16
436,274,216,221,5,205,-11,16
227,336,98,106,8,90,-8,16
86,352,72,80,8,64,-8,16
109,377,39,50,11,34,-5,16
314,193,95,96,1,80,-15,16
194,222,254,254,0,238,-16,16
194,297,106,111,5,95,-11,16
65,365,53,59,6,43,-10,16
279,301,95,103,8,87,-8,16
436,324,214,218,4,202,-12,16
54,349,39,50,11,34,-5,16
290,303,127,133,6,117,-10,16
86,342,95,101,6,85,-10,16
290,292,160,166,6,150,-10,16
99,368,34,50,16,34,0,16
290,216,82,96,14,80,-2,16
78,251,46,59,13,43,-3,16
474,533,252,252,0,236,-16,16
44,359,46,50,4,34,-12,16
436,249,201,208,7,192,-9,16
352,250,227,227,0,211,-16,16
100,217,43,50,7,34,-9,16
54,287,46,50,4,34,-12,16
351,337,200,213,13,197,-3,16
313,357,148,156,8,140,-8,16
254,310,133,139,6,123,-10,16
254,303,147,156,9,140,-7,16
254,302,149,158,9,142,-7,16
315,222,46,59,13,43,-3,16
91,239,155,163,8,147,-8,16
131,221,39,50,11,34,-5,16
253,294,164,171,7,155,-9,16
86,360,46,59,13,43,-3,16
314,169,103,112,9,96,-7,16
148,283,112,119,7,103,-9,16
90,378,46,50,4,34,-12,16
90,377,34,50,16,34,0,16
363,280,218,226,8,210,-8,16
363,279,222,229,7,213,-9,16
289,265,179,183,4,167,-12,16
228,307,115,119,4,103,-12,16
378,330,222,228,6,212,-10,16
272,279,138,146,8,130,-8,16
169,228,196,198,2,182,-14,16
169,222,164,176,12,160,-4,16
44,312,61,72,11,56,-5,16
141,273,85,90,5,74,-11,16
91,354,84,92,8,76,-8,16
91,352,93,101,8,85,-8,16
91,351,96,105,9,89,-7,16
155,249,147,151,4,135,-12,16
315,234,236,242,6,226,-10,16
290,353,141,152,11,136,-5,16
290,341,84,84,0,68,-16,16
337,84,253,254,1,238,-15,16
475,345,34,50,16,34,0,16
169,218,184,186,2,170,-14,16
86,325,149,156,7,140,-9,16
388,264,211,220,9,204,-7,16
388,263,216,224,8,208,-8,16
516,133,15,20,5,4,-11,16
136,320,39,50,11,34,-5,16
253,295,162,170,8,154,-8,16
373,327,225,230,5,214,-11,16
351,266,214,220,6,204,-10,16
193,349,112,122,10,106,-6,16
193,348,118,126,8,110,-8,16
439,274,213,219,6,203,-10,16
338,349,184,192,8,176,-8,16
171,379,53,66,13,50,-3,16
303,202,112,119,7,103,-9,16
313,422,43,50,7,34,-9,16
236,313,123,131,8,115,-8,16
439,249,199,206,7,190,-9,16
439,309,43,50,7,34,-9,16
54,353,39,50,11,34,-5,16
54,352,43,50,7,34,-9,16
54,351,43,50,7,34,-9,16
54,350,50,50,0,34,-16,16
91,374,39,50,11,34,-5,16
91,373,43,50,7,34,-9,16
403,332,227,231,4,215,-12,16
155,300,179,187,8,171,-8,16
32,311,61,72,11,56,-5,16
237,314,125,134,9,118,-7,16
70,229,43,59,16,43,0,16
403,255,203,213,10,197,-6,16
114,378,39,50,11,34,-5,16
255,257,162,167,5,151,-11,16
255,277,154,160,6,144,-10,16
336,349,186,194,8,178,-8,16
144,248,133,138,5,122,-11,16
32,303,66,80,14,64,-2,16
136,289,166,171,5,155,-11,16
388,262,221,228,7,212,-9,16
232,247,131,138,7,122,-9,16
168,366,99,112,13,96,-3,16
45,360,34,50,16,34,0,16
45,359,39,50,11,34,-5,16
16,270,253,253,0,237,-16,16
289,291,157,164,7,148,-9,16
519,133,11,19,8,3,-8,16
363,238,212,219,7,203,-9,16
400,256,209,217,8,201,-8,16
153,375,68,72,4,56,-12,16
378,269,223,229,6,213,-10,16
339,180,34,50,16,34,0,16
130,376,53,59,6,43,-10,16
130,374,46,59,13,43,-3,16
435,249,202,209,7,193,-9,16
168,317,145,153,8,137,-8,16
336,243,233,244,11,228,-5,16
155,298,194,200,6,184,-10,16
403,328,185,200,15,184,-1,16
253,243,164,172,8,156,-8,16
519,53,253,253,0,237,-16,16
313,304,156,160,4,144,-12,16
313,303,157,160,3,144,-13,16
168,315,130,138,8,122,-8,16
336,290,43,50,7,34,-9,16
255,306,137,145,8,129,-8,16
352,334,220,223,3,207,-13,16
241,360,253,253,0,237,-16,16
241,351,66,82,16,66,0,16
234,250,133,141,8,125,-8,16
234,247,118,131,13,115,-3,16
369,325,223,228,5,212,-11,16
86,254,182,189,7,173,-9,16
24,287,103,103,0,87,-16,16
172,379,56,66,10,50,-6,16
100,368,39,50,11,34,-5,16
100,363,66,72,6,56,-10,16
100,362,72,80,8,64,-8,16
303,222,59,66,7,50,-9,16
303,221,64,72,8,56,-8,16
192,348,122,128,6,112,-10,16
469,326,215,216,1,200,-15,16
440,274,213,218,5,202,-11,16
147,297,188,193,5,177,-11,16
91,375,43,50,7,34,-9,16
86,230,43,50,7,34,-9,16
316,226,43,59,16,43,0,16
316,215,80,84,4,68,-12,16
155,344,72,80,8,64,-8,16
155,341,84,90,6,74,-10,16
55,246,59,72,13,56,-3,16
434,343,212,220,8,204,-8,16
196,292,161,169,8,153,-8,16
477,256,201,206,5,190,-11,16
336,196,59,66,7,50,-9,16
167,317,145,153,8,137,-8,16
167,316,138,146,8,130,-8,16
255,327,82,92,10,76,-6,16
166,379,56,66,10,50,-6,16
373,272,222,228,6,212,-10,16
120,378,39,50,11,34,-5,16
362,281,216,228,12,212,-4,16
362,238,214,221,7,205,-9,16
86,231,46,50,4,34,-12,16
23,316,56,59,3,43,-13,16
316,284,247,250,3,234,-13,16
86,232,39,50,11,34,-5,16
279,296,120,126,6,110,-10,16
77,254,46,59,13,43,-3,16
339,267,66,80,14,64,-2,16
339,235,221,226,5,210,-11,16
173,226,189,195,6,179,-10,16
46,295,50,66,16,50,0,16
339,348,190,198,8,182,-8,16
77,250,46,59,13,43,-3,16
228,314,98,105,7,89,-9,16
17,268,252,253,1,237,-15,16
141,254,136,141,5,125,-11,16
43,359,46,59,13,43,-3,16
478,275,203,203,0,187,-16,16
228,309,110,114,4,98,-12,16
100,234,145,151,6,135,-10,16
304,189,112,117,5,101,-11,16
143,321,53,66,13,50,-3,16
289,216,89,96,7,80,-9,16
312,421,50,50,0,34,-16,16
340,245,235,245,10,229,-6,16
72,373,34,50,16,34,0,16
174,220,170,182,12,166,-4,16
43,310,61,72,11,56,-5,16
560,47,254,255,1,239,-15,16
99,225,34,50,16,34,0,16
317,165,99,109,10,93,-6,16
317,164,103,111,8,95,-8,16
317,163,103,112,9,96,-7,16
369,332,224,226,2,210,-14,16
405,243,212,219,7,203,-9,16
33,293,117,118,1,102,-15,16
60,275,50,50,0,34,-16,16
212,362,99,111,12,95,-4,16
85,375,39,50,11,34,-5,16
291,308,119,128,9,112,-7,16
55,264,78,82,4,66,-12,16
196,371,254,255,1,239,-15,16
78,338,43,50,7,34,-9,16
91,378,50,50,0,34,-16,16
91,377,39,50,11,34,-5,16
85,377,46,50,4,34,-12,16
85,376,43,50,7,34,-9,16
335,470,43,50,7,34,-9,16
256,268,93,109,16,93,0,16
241,292,186,192,6,176,-10,16
166,316,138,147,9,131,-7,16
335,234,220,226,6,210,-10,16
340,178,39,50,11,34,-5,16
192,315,72,80,8,64,-8,16
25,289,90,96,6,80,-10,16
389,234,78,90,12,74,-4,16
153,349,90,98,8,82,-8,16
109,367,50,59,9,43,-7,16
109,363,74,82,8,66,-8,16
351,86,76,84,8,68,-8,16
350,507,34,50,16,34,0,16
251,322,109,115,6,99,-10,16
479,534,253,253,0,237,-16,16
256,278,151,156,5,140,-11,16
480,246,25,29,4,13,-12,16
78,377,50,59,9,43,-7,16
85,348,76,84,8,68,-8,16
301,362,124,131,7,115,-9,16
335,196,64,66,2,50,-14,16
256,315,98,106,8,90,-8,16
433,343,214,221,7,205,-9,16
335,180,43,50,7,34,-9,16
166,260,175,180,5,164,-11,16
256,306,130,138,8,122,-8,16
353,264,219,225,6,209,-10,16
373,275,209,217,8,201,-8,16
291,297,148,155,7,139,-9,16
291,296,152,159,7,143,-9,16
276,241,236,248,12,232,-4,16
91,376,43,50,7,34,-9,16
92,229,39,50,11,34,-5,16
362,91,43,50,7,34,-9,16
105,378,50,50,0,34,-16,16
67,243,61,66,5,50,-11,16
61,280,46,50,4,34,-12,16
61,276,46,50,4,34,-12,16
109,231,138,146,8,130,-8,16
69,362,46,50,4,34,-12,16
69,361,43,50,7,34,-9,16
76,331,39,50,11,34,-5,16
120,221,39,50,11,34,-5,16
67,250,50,59,9,43,-7,16
335,183,39,50,11,34,-5,16
335,182,39,50,11,34,-5,16
335,181,43,50,7,34,-9,16
166,270,175,182,7,166,-9,16
85,350,72,80,8,64,-8,16
85,349,74,82,8,66,-8,16
226,333,119,126,7,110,-9,16
291,378,39,50,11,34,-5,16
276,278,156,165,9,149,-7,16
222,324,105,111,6,95,-10,16
276,243,250,252,2,236,-14,16
197,304,53,66,13,50,-3,16
166,269,175,182,7,166,-9,16
335,108,112,115,3,99,-13,16
432,342,211,219,8,203,-8,16
156,247,155,164,9,148,-7,16
212,318,133,139,6,123,-10,16
156,220,142,152,10,136,-6,16
361,508,34,50,16,34,0,16
174,229,199,202,3,186,-13,16
468,67,34,43,9,27,-7,16
468,66,43,43,0,27,-16,16
405,328,185,200,15,184,-1,16
212,313,151,156,5,140,-11,16
212,300,186,191,5,175,-11,16
432,340,203,212,9,196,-7,16
481,274,189,205,16,189,0,16
43,232,205,208,3,192,-13,16
15,292,64,72,8,56,-8,16
15,291,59,66,7,50,-9,16
15,290,59,66,7,50,-9,16
63,280,46,50,4,34,-12,16
63,279,43,50,7,34,-9,16
15,289,61,66,5,50,-11,16
521,133,8,18,10,2,-6,16
312,364,74,84,10,68,-6,16
350,336,197,213,16,197,0,16
441,307,46,50,4,34,-12,16
291,339,87,90,3,74,-13,16
334,470,50,50,0,34,-16,16
441,274,211,217,6,201,-10,16
191,369,80,82,2,66,-14,16
389,272,210,218,8,202,-8,16
399,257,209,217,8,201,-8,16
273,275,156,165,9,149,-7,16
273,274,160,168,8,152,-8,16
521,272,155,163,8,147,-8,16
137,222,50,59,9,43,-7,16
216,334,109,117,8,101,-8,16
191,324,156,160,4,144,-12,16
334,469,46,50,4,34,-12,16
353,325,212,218,6,202,-10,16
117,366,74,82,8,66,-8,16
156,244,165,170,5,154,-11,16
175,312,107,111,4,95,-12,16
175,229,194,202,8,186,-8,16
399,256,213,221,8,205,-8,16
399,70,254,254,0,238,-16,16
303,414,254,255,1,239,-15,16
389,263,212,221,9,205,-7,16
47,288,76,80,4,64,-12,16
334,350,189,192,3,176,-13,16
406,244,217,223,6,207,-10,16
318,190,89,92,3,76,-13,16
318,161,102,112,10,96,-6,16
318,160,106,115,9,99,-7,16
318,159,106,115,9,99,-7,16
106,365,56,66,10,50,-6,16
98,377,50,50,0,34,-16,16
98,368,39,50,11,34,-5,16
55,327,39,50,11,34,-5,16
373,335,222,226,4,210,-12,16
364,318,214,222,8,206,-8,16
176,302,163,171,8,155,-8,16
243,244,159,170,11,154,-5,16
116,366,72,80,8,64,-8,16
116,365,78,84,6,68,-10,16
47,284,72,82,10,66,-6,16
42,304,70,82,12,66,-4,16
380,336,194,207,13,191,-3,16
301,212,87,96,9,80,-7,16
33,302,76,80,4,64,-12,16
33,301,80,80,0,64,-16,16
512,268,174,180,6,164,-10,16
63,360,53,59,6,43,-10,16
132,284,186,188,2,172,-14,16
406,259,209,216,7,200,-9,16
483,274,189,205,16,189,0,16
301,211,95,101,6,85,-10,16
318,234,227,240,13,224,-3,16
406,253,206,214,8,198,-8,16
144,291,155,160,5,144,-11,16
292,270,178,182,4,166,-12,16
334,187,43,50,7,34,-9,16
406,277,237,238,1,222,-15,16
85,292,181,189,8,173,-8,16
85,302,152,160,8,144,-8,16
85,301,151,161,10,145,-6,16
106,364,64,72,8,56,-8,16
482,274,189,205,16,189,0,16
42,318,56,59,3,43,-13,16
55,328,43,50,7,34,-9,16
301,281,165,173,8,157,-8,16
198,307,64,72,8,56,-8,16
55,326,34,50,16,34,0,16
47,286,78,82,4,66,-12,16
47,285,80,82,2,66,-14,16
467,66,41,43,2,27,-14,16
350,335,200,213,13,197,-3,16
368,292,46,50,4,34,-12,16
90,340,116,126,10,110,-6,16
90,339,123,128,5,112,-11,16
101,217,43,50,7,34,-9,16
42,306,66,80,14,64,-2,16
42,295,85,90,5,74,-11,16
42,285,61,72,11,56,-5,16
110,366,59,66,7,50,-9,16
238,252,123,130,7,114,-9,16
55,356,39,50,11,34,-5,16
55,355,43,50,7,34,-9,16
250,336,92,98,6,82,-10,16
251,254,156,160,4,144,-12,16
341,264,66,82,16,66,0,16
341,245,231,242,11,226,-5,16
63,281,46,50,4,34,-12,16
312,221,61,66,5,50,-11,16
250,323,109,115,6,99,-10,16
243,266,150,158,8,142,-8,16
47,296,56,66,10,50,-6,16
55,354,46,50,4,34,-12,16
110,367,50,59,9,43,-7,16
156,306,76,90,14,74,-2,16
318,235,236,242,6,226,-10,16
370,231,76,82,6,66,-10,16
164,367,99,111,12,95,-4,16
350,267,212,217,5,201,-11,16
66,250,50,59,9,43,-7,16
398,322,219,222,3,206,-13,16
522,134,16,21,5,5,-11,16
341,347,193,201,8,185,-8,16
341,331,223,225,2,209,-14,16
198,323,139,145,6,129,-10,16
484,274,189,205,16,189,0,16
257,316,90,98,8,82,-8,16
156,300,178,186,8,170,-8,16
270,304,53,59,6,43,-10,16
270,303,53,59,6,43,-10,16
257,306,125,132,7,116,-9,16
334,180,50,59,9,43,-7,16
334,179,50,59,9,43,-7,16
429,70,36,39,3,23,-13,16
79,342,39,50,11,34,-5,16
270,302,53,59,6,43,-10,16
85,294,174,180,6,164,-10,16
23,282,98,101,3,85,-13,16
318,356,156,161,5,145,-11,16
71,363,46,50,4,34,-12,16
114,371,39,50,11,34,-5,16
164,325,153,158,5,142,-11,16
510,131,0,16,16,0,0,16
211,309,165,167,2,151,-14,16
59,349,53,59,6,43,-10,16
407,244,214,222,8,206,-8,16
116,369,59,66,7,50,-9,16
240,352,68,82,14,66,-2,16
164,381,82,82,0,66,-16,16
333,242,235,244,9,228,-7,16
41,365,253,254,1,238,-15,16
250,309,148,156,8,140,-8,16
250,308,152,160,8,144,-8,16
25,343,50,50,0,34,-16,16
25,342,46,50,4,34,-12,16
25,310,82,82,0,66,-16,16
312,172,103,112,9,96,-7,16
87,328,146,153,7,137,-9,16
87,327,149,156,7,140,-9,16
350,85,72,84,12,68,-4,16
349,507,39,50,11,34,-5,16
76,240,56,59,3,43,-13,16
53,287,39,50,11,34,-5,16
333,226,34,50,16,34,0,16
333,192,28,43,15,27,-1,16
63,260,39,50,11,34,-5,16
389,510,46,50,4,34,-12,16
84,353,59,66,7,50,-9,16
84,373,39,50,11,34,-5,16
84,372,39,50,11,34,-5,16
485,258,192,197,5,181,-11,16
164,218,160,167,7,151,-9,16
361,91,43,50,7,34,-9,16
510,267,174,179,5,163,-11,16
164,211,253,253,0,237,-16,16
135,308,160,167,7,151,-9,16
293,215,85,98,13,82,-3,16
97,377,50,50,0,34,-16,16
226,306,122,133,11,117,-5,16
164,318,159,163,4,147,-12,16
79,341,43,50,7,34,-9,16
41,307,64,72,8,56,-8,16
355,94,64,66,2,50,-14,16
56,239,46,50,4,34,-12,16
407,259,213,220,7,204,-9,16
140,216,252,254,2,238,-14,16
199,323,140,148,8,132,-8,16
280,300,103,111,8,95,-8,16
101,233,139,146,7,130,-9,16
176,355,119,127,8,111,-8,16
76,250,56,59,3,43,-13,16
398,258,207,216,9,200,-7,16
398,257,213,220,7,204,-9,16
522,272,151,160,9,144,-7,16
397,259,204,214,10,198,-6,16
63,262,46,50,4,34,-12,16
63,261,46,50,4,34,-12,16
226,326,115,123,8,107,-8,16
485,335,212,228,16,212,0,16
428,70,34,38,4,22,-12,16
76,236,43,50,7,34,-9,16
250,296,175,183,8,167,-8,16
397,511,46,50,4,34,-12,16
127,376,50,59,9,43,-7,16
273,281,134,142,8,126,-8,16
87,338,110,117,7,101,-9,16
137,265,34,50,16,34,0,16
217,334,106,117,11,101,-5,16
152,308,70,80,10,64,-6,16
101,382,59,59,0,43,-16,16
258,294,137,144,7,128,-9,16
79,377,50,59,9,43,-7,16
41,315,53,59,6,43,-10,16
408,258,209,217,8,201,-8,16
210,307,173,180,7,164,-9,16
163,322,149,159,10,143,-6,16
41,293,90,92,2,76,-14,16
200,288,175,180,5,164,-11,16
355,262,225,229,4,213,-12,16
319,356,156,161,5,145,-11,16
300,204,112,117,5,101,-11,16
300,203,109,117,8,101,-8,16
300,202,106,117,11,101,-5,16
119,221,39,50,11,34,-5,16
111,378,46,50,4,34,-12,16
84,346,72,80,8,64,-8,16
111,363,74,84,10,68,-6,16
319,436,46,50,4,34,-12,16
332,482,254,254,0,238,-16,16
200,291,166,179,13,163,-3,16
355,252,225,227,2,211,-14,16
258,297,135,143,8,127,-8,16
258,292,139,146,7,130,-9,16
258,291,140,147,7,131,-9,16
258,290,141,148,7,132,-9,16
101,381,50,59,9,43,-7,16
444,305,39,50,11,34,-5,16
444,250,203,210,7,194,-9,16
465,65,35,38,3,22,-13,16
177,319,142,149,7,133,-9,16
249,328,85,96,11,80,-5,16
249,325,105,111,6,95,-10,16
258,289,142,149,7,133,-9,16
258,288,143,149,6,133,-10,16
233,315,102,109,7,93,-9,16
332,288,43,50,7,34,-9,16
332,287,43,50,7,34,-9,16
53,281,66,66,0,50,-16,16
342,94,102,114,12,98,-4,16
373,514,249,252,3,236,-13,16
61,346,50,59,9,43,-7,16
87,343,98,105,7,89,-9,16
311,231,216,232,16,216,0,16
105,233,144,148,4,132,-12,16
377,272,210,219,9,203,-7,16
189,349,122,127,5,111,-11,16
178,364,101,114,13,98,-3,16
178,317,128,136,8,120,-8,16
332,286,39,50,11,34,-5,16
486,335,215,228,13,212,-3,16
200,292,170,179,9,163,-7,16
111,369,39,50,11,34,-5,16
84,309,147,154,7,138,-9,16
200,322,138,144,6,128,-10,16
92,376,46,50,4,34,-12,16
300,222,61,72,11,56,-5,16
240,288,172,181,9,165,-7,16
41,298,72,84,12,68,-4,16
18,304,53,59,6,43,-10,16
84,307,146,153,7,137,-9,16
508,266,174,179,5,163,-11,16
84,306,145,153,8,137,-8,16
84,305,144,153,9,137,-7,16
200,287,178,182,4,166,-12,16
332,312,39,44,5,28,-11,16
332,311,34,44,10,28,-6,16
332,226,39,50,11,34,-5,16
408,326,213,219,6,203,-10,16
320,356,156,161,5,145,-11,16
226,294,138,149,11,133,-5,16
258,301,133,140,7,124,-9,16
427,248,198,205,7,189,-9,16
445,250,203,210,7,194,-9,16
75,372,59,59,0,43,-16,16
87,350,84,90,6,74,-10,16
397,257,216,223,7,207,-9,16
397,242,208,214,6,198,-10,16
311,171,110,119,9,103,-7,16
61,347,50,59,9,43,-7,16
396,511,50,50,0,34,-16,16
189,311,68,80,12,64,-4,16
427,70,29,38,9,22,-7,16
408,334,227,230,3,214,-13,16
426,523,254,254,0,238,-16,16
240,301,171,179,8,163,-8,16
258,320,74,84,10,68,-6,16
293,311,119,127,8,111,-8,16
189,310,66,80,14,64,-2,16
342,494,43,50,7,34,-9,16
102,232,130,139,9,123,-7,16
138,368,93,103,10,87,-6,16
87,363,39,50,11,34,-5,16
349,268,212,215,3,199,-13,16
73,277,53,59,6,43,-10,16
178,373,53,59,6,43,-10,16
178,372,46,59,13,43,-3,16
163,279,178,185,7,169,-9,16
41,268,80,84,4,68,-12,16
544,137,10,19,9,3,-7,16
41,267,74,90,16,74,0,16
178,371,43,59,16,43,0,16
343,184,43,50,7,34,-9,16
343,182,34,50,16,34,0,16
61,366,46,50,4,34,-12,16
61,365,39,50,11,34,-5,16
118,221,39,50,11,34,-5,16
523,272,148,156,8,140,-8,16
122,221,39,50,11,34,-5,16
189,230,182,190,8,174,-8,16
259,282,135,144,9,128,-7,16
56,287,50,59,9,43,-7,16
56,286,56,59,3,43,-13,16
56,285,50,59,9,43,-7,16
426,248,196,204,8,188,-8,16
331,354,160,172,12,156,-4,16
269,298,43,59,16,43,0,16
129,374,46,59,13,43,-3,16
321,356,154,161,7,145,-9,16
409,258,211,219,8,203,-8,16
157,306,80,92,12,76,-4,16
73,272,39,50,11,34,-5,16
152,289,158,166,8,150,-8,16
310,429,254,254,0,238,-16,16
445,345,199,215,16,199,0,16
179,317,128,133,5,117,-11,16
75,319,53,59,6,43,-10,16
75,318,53,59,6,43,-10,16
259,287,135,143,8,127,-8,16
381,332,220,227,7,211,-9,16
293,305,140,145,5,129,-11,16
321,151,109,119,10,103,-6,16
331,288,50,50,0,34,-16,16
331,287,50,50,0,34,-16,16
278,287,137,145,8,129,-8,16
278,285,144,151,7,135,-9,16
238,312,137,145,8,129,-8,16
249,260,105,112,7,96,-9,16
377,270,220,228,8,212,-8,16
377,241,210,218,8,202,-8,16
365,280,209,219,10,203,-6,16
365,239,216,222,6,206,-10,16
396,321,220,223,3,207,-13,16
115,231,144,154,10,138,-6,16
115,369,53,59,6,43,-10,16
179,306,143,149,6,133,-10,16
179,304,156,164,8,148,-8,16
84,286,190,194,4,178,-12,16
162,377,46,59,13,43,-3,16
269,279,131,135,4,119,-12,16
507,265,171,177,6,161,-10,16
269,272,154,162,8,146,-8,16
381,269,210,220,10,204,-6,16
426,70,26,38,12,22,-4,16
137,277,39,50,11,34,-5,16
137,275,34,50,16,34,0,16
137,270,34,50,16,34,0,16
137,269,34,50,16,34,0,16
29,295,68,84,16,68,0,16
137,302,162,170,8,154,-8,16
137,290,164,170,6,154,-10,16
29,300,85,96,11,80,-5,16
56,295,46,50,4,34,-12,16
259,283,136,144,8,128,-8,16
385,324,223,230,7,214,-9,16
410,258,213,220,7,204,-9,16
22,285,76,92,16,76,0,16
59,279,39,50,11,34,-5,16
59,278,46,50,4,34,-12,16
331,203,59,59,0,43,-16,16
524,274,167,169,2,153,-14,16
310,309,147,147,0,131,-16,16
29,283,123,125,2,109,-14,16
137,268,34,50,16,34,0,16
137,266,34,50,16,34,0,16
115,368,53,66,13,50,-3,16
48,322,64,66,2,50,-14,16
48,321,59,66,7,50,-9,16
65,250,53,59,6,43,-10,16
259,317,74,84,10,68,-6,16
409,352,215,225,10,209,-6,16
84,226,39,50,11,34,-5,16
35,288,70,80,10,64,-6,16
115,365,74,82,8,66,-8,16
66,253,43,50,7,34,-9,16
231,332,105,112,7,96,-9,16
286,224,66,80,14,64,-2,16
102,381,43,59,16,43,0,16
310,356,156,164,8,148,-8,16
344,179,34,50,16,34,0,16
188,314,85,90,5,74,-11,16
425,247,188,196,8,180,-8,16
140,368,98,105,7,89,-9,16
382,77,254,254,0,238,-16,16
555,139,15,19,4,3,-12,16
146,309,61,72,11,56,-5,16
260,299,118,127,9,111,-7,16
260,298,118,127,9,111,-7,16
305,193,90,101,11,85,-5,16
90,218,46,50,4,34,-12,16
234,315,107,115,8,99,-8,16
395,510,43,50,7,34,-9,16
180,307,137,143,6,127,-10,16
180,301,170,182,12,166,-4,16
525,271,137,144,7,128,-9,16
137,318,43,50,7,34,-9,16
62,243,59,66,7,50,-9,16
62,242,56,66,10,50,-6,16
209,306,178,182,4,166,-12,16
68,226,56,59,3,43,-13,16
260,290,125,133,8,117,-8,16
260,289,126,134,8,118,-8,16
219,267,164,169,5,153,-11,16
88,219,39,50,11,34,-5,16
62,233,66,66,0,50,-16,16
62,232,64,66,2,50,-14,16
365,318,215,224,9,208,-7,16
368,77,252,253,1,237,-15,16
63,248,64,72,8,56,-8,16
180,304,156,165,9,149,-7,16
461,252,206,211,5,195,-11,16
144,381,56,59,3,43,-13,16
201,344,115,123,8,107,-8,16
424,350,218,230,12,214,-4,16
107,232,144,151,7,135,-9,16
321,355,161,168,7,152,-9,16
84,230,46,50,4,34,-12,16
260,300,119,127,8,111,-8,16
80,348,43,50,7,34,-9,16
225,299,144,151,7,135,-9,16
322,216,56,66,10,50,-6,16
505,280,43,50,7,34,-9,16
410,352,214,223,9,207,-7,16
93,238,158,165,7,149,-9,16
506,263,156,166,10,150,-6,16
506,280,39,50,11,34,-5,16
260,294,120,130,10,114,-6,16
56,330,43,50,7,34,-9,16
56,329,39,50,11,34,-5,16
268,297,43,59,16,43,0,16
330,354,161,170,9,154,-7,16
121,221,39,50,11,34,-5,16
294,223,61,72,11,56,-5,16
62,241,61,66,5,50,-11,16
268,296,43,59,16,43,0,16
268,295,46,59,13,43,-3,16
35,321,34,50,16,34,0,16
322,146,111,125,14,109,-2,16
64,244,66,72,6,56,-10,16
80,349,39,50,11,34,-5,16
244,266,146,155,9,139,-7,16
244,265,142,150,8,134,-8,16
248,312,143,151,8,135,-8,16
248,311,147,154,7,138,-9,16
62,234,61,66,5,50,-11,16
52,329,46,50,4,34,-12,16
52,328,46,50,4,34,-12,16
73,287,39,50,11,34,-5,16
73,286,39,50,11,34,-5,16
73,285,39,50,11,34,-5,16
348,353,220,222,2,206,-14,16
88,218,34,50,16,34,0,16
88,217,34,50,16,34,0,16
88,214,59,59,0,43,-16,16
310,179,98,111,13,95,-3,16
310,175,109,118,9,102,-7,16
73,284,39,50,11,34,-5,16
188,228,176,183,7,167,-9,16
188,224,181,187,6,171,-10,16
240,247,146,154,8,138,-8,16
240,246,154,160,6,144,-10,16
330,240,230,242,12,226,-4,16
40,307,59,72,13,56,-3,16
162,271,125,141,16,125,0,16
162,270,125,135,10,119,-6,16
299,211,101,105,4,89,-12,16
152,212,150,157,7,141,-9,16
88,246,167,174,7,158,-9,16
394,510,43,50,7,34,-9,16
62,235,59,66,7,50,-9,16
248,265,131,139,8,123,-8,16
88,331,142,148,6,132,-10,16
88,330,145,152,7,136,-9,16
527,134,11,17,6,1,-10,16
63,232,61,66,5,50,-11,16
208,305,175,182,7,166,-9,16
83,354,50,59,9,43,-7,16
83,347,64,72,8,56,-8,16
83,380,56,59,3,43,-13,16
96,365,59,66,7,50,-9,16
424,71,37,38,1,22,-15,16
202,295,164,173,9,157,-7,16
80,377,50,59,9,43,-7,16
96,377,34,50,16,34,0,16
68,360,39,50,11,34,-5,16
151,383,61,72,11,56,-5,16
88,216,39,50,11,34,-5,16
309,358,146,153,7,137,-9,16
102,382,59,59,0,43,-16,16
52,297,39,50,11,34,-5,16
52,296,39,50,11,34,-5,16
140,329,70,72,2,56,-14,16
385,264,222,229,7,213,-9,16
268,276,133,142,9,126,-7,16
299,203,101,112,11,96,-5,16
411,258,216,222,6,206,-10,16
411,256,204,213,9,197,-7,16
52,330,43,50,7,34,-9,16
161,348,122,127,5,111,-11,16
81,230,43,50,7,34,-9,16
74,374,39,50,11,34,-5,16
52,304,34,50,16,34,0,16
348,317,56,66,10,50,-6,16
248,266,135,144,9,128,-7,16
309,219,70,80,10,64,-6,16
219,332,126,133,7,117,-9,16
181,304,157,165,8,149,-8,16
52,298,43,50,7,34,-9,16
329,354,162,170,8,154,-8,16
504,280,43,50,7,34,-9,16
504,264,168,175,7,159,-9,16
162,269,124,133,9,117,-7,16
329,471,253,253,0,237,-16,16
329,459,46,50,4,34,-12,16
229,314,90,101,11,85,-5,16
285,301,105,114,9,98,-7,16
275,276,160,169,9,153,-7,16
275,242,248,252,4,236,-12,16
526,536,252,253,1,237,-15,16
103,215,59,59,0,43,-16,16
28,321,43,50,7,34,-9,16
309,177,117,118,1,102,-15,16
26,294,80,96,16,80,0,16
140,335,82,82,0,66,-16,16
140,334,80,82,2,66,-14,16
294,348,159,170,11,154,-5,16
56,359,39,50,11,34,-5,16
161,329,117,122,5,106,-11,16
554,139,16,19,3,3,-13,16
423,246,182,189,7,173,-9,16
73,308,39,50,11,34,-5,16
73,307,39,50,11,34,-5,16
39,356,50,50,0,34,-16,16
39,355,34,50,16,34,0,16
59,213,248,253,5,237,-11,16
58,377,250,254,4,238,-12,16
58,362,39,50,11,34,-5,16
422,339,223,227,4,211,-12,16
21,324,43,50,7,34,-9,16
21,323,43,50,7,34,-9,16
21,322,43,50,7,34,-9,16
107,365,56,66,10,50,-6,16
146,292,160,171,11,155,-5,16
71,249,61,66,5,50,-11,16
423,71,33,38,5,22,-11,16
140,336,82,84,2,68,-14,16
146,283,95,105,10,89,-6,16
146,281,95,103,8,87,-8,16
359,326,221,225,4,209,-12,16
36,311,61,66,5,50,-11,16
158,317,135,151,16,135,0,16
21,321,43,50,7,34,-9,16
138,318,34,50,16,34,0,16
284,372,22,38,16,22,0,16
49,314,64,66,2,50,-14,16
181,313,87,101,14,85,-2,16
73,306,39,50,11,34,-5,16
235,314,115,123,8,107,-8,16
187,313,90,96,6,80,-10,16
49,307,43,59,16,43,0,16
73,310,39,50,11,34,-5,16
73,309,39,50,11,34,-5,16
203,312,122,130,8,114,-8,16
298,351,156,164,8,148,-8,16
492,260,184,190,6,174,-10,16
225,287,151,161,10,145,-6,16
112,364,74,82,8,66,-8,16
36,294,84,90,6,74,-10,16
244,348,66,80,14,64,-2,16
181,302,171,180,9,164,-7,16
49,315,66,66,0,50,-16,16
345,94,90,101,11,85,-5,16
374,273,212,222,10,206,-6,16
374,240,208,214,6,198,-10,16
394,260,210,219,9,203,-7,16
394,258,221,227,6,211,-10,16
366,296,43,50,7,34,-9,16
88,340,109,117,8,101,-8,16
329,110,253,254,1,238,-15,16
112,369,43,50,7,34,-9,16
19,305,43,59,16,43,0,16
231,305,85,98,13,82,-3,16
52,258,82,82,0,66,-16,16
63,244,66,72,6,56,-10,16
62,252,61,66,5,50,-11,16
274,275,160,169,9,153,-7,16
52,252,56,66,10,50,-6,16
187,285,173,177,4,161,-12,16
74,303,46,50,4,34,-12,16
74,302,43,50,7,34,-9,16
345,279,212,219,7,203,-9,16
553,138,5,18,13,2,-3,16
203,293,180,185,5,169,-11,16
329,132,114,122,8,106,-8,16
298,340,203,210,7,194,-9,16
117,230,149,155,6,139,-10,16
57,244,61,66,5,50,-11,16
134,221,43,59,16,43,0,16
459,60,253,253,0,237,-16,16
187,280,188,192,4,176,-12,16
187,235,152,165,13,149,-3,16
345,277,207,215,8,199,-8,16
284,373,28,38,10,22,-6,16
142,284,102,109,7,93,-9,16
393,511,50,50,0,34,-16,16
393,259,219,226,7,210,-9,16
345,319,50,59,9,43,-7,16
449,344,202,215,13,199,-3,16
203,317,134,139,5,123,-11,16
261,313,72,82,10,66,-6,16
62,280,50,50,0,34,-16,16
308,367,39,50,11,34,-5,16
28,310,61,72,11,56,-5,16
305,359,143,149,6,133,-10,16
141,329,56,72,16,56,0,16
220,267,160,167,7,151,-9,16
126,226,139,143,4,127,-12,16
308,219,72,80,8,64,-8,16
137,357,74,84,10,68,-6,16
393,242,211,216,5,200,-11,16
393,323,184,200,16,184,0,16
146,294,173,182,9,166,-7,16
64,259,39,50,11,34,-5,16
64,258,50,50,0,34,-16,16
83,301,141,146,5,130,-11,16
298,342,189,197,8,181,-8,16
267,243,158,171,13,155,-3,16
503,280,43,50,7,34,-9,16
503,264,170,176,6,160,-10,16
503,263,163,172,9,156,-7,16
502,537,253,253,0,237,-16,16
96,214,61,66,5,50,-11,16
19,325,39,50,11,34,-5,16
552,538,254,254,0,238,-16,16
328,353,170,178,8,162,-8,16
421,245,180,186,6,170,-10,16
93,382,46,50,4,34,-12,16
93,378,43,50,7,34,-9,16
36,318,46,59,13,43,-3,16
372,274,217,225,8,209,-8,16
36,319,56,59,3,43,-13,16
376,271,219,226,7,210,-9,16
39,311,34,50,16,34,0,16
123,378,46,59,13,43,-3,16
89,378,46,50,4,34,-12,16
89,377,34,50,16,34,0,16
305,287,173,173,0,157,-16,16
151,293,180,188,8,172,-8,16
393,262,205,215,10,199,-6,16
11,305,252,252,0,236,-16,16
74,301,39,50,11,34,-5,16
74,294,39,50,11,34,-5,16
247,270,160,167,7,151,-9,16
247,267,144,151,7,135,-9,16
182,299,192,198,6,182,-10,16
52,244,64,72,8,56,-8,16
39,307,61,72,11,56,-5,16
267,275,133,142,9,126,-7,16
117,216,39,50,11,34,-5,16
224,333,120,128,8,112,-8,16
296,220,85,92,7,76,-9,16
158,350,110,117,7,101,-9,16
502,280,43,50,7,34,-9,16
39,316,46,59,13,43,-3,16
357,236,217,223,6,207,-10,16
204,298,164,170,6,154,-10,16
277,301,87,96,9,80,-7,16
204,297,166,171,5,155,-11,16
112,378,46,50,4,34,-12,16
239,246,151,160,9,144,-7,16
239,244,163,170,7,154,-9,16
83,268,187,192,5,176,-11,16
83,304,137,144,7,128,-9,16
262,276,89,105,16,89,0,16
324,193,89,92,3,76,-13,16
83,230,43,50,7,34,-9,16
414,256,216,223,7,207,-9,16
420,328,221,225,4,209,-12,16
204,299,162,170,8,154,-8,16
113,378,43,50,7,34,-9,16
116,221,39,50,11,34,-5,16
182,308,128,136,8,120,-8,16
182,307,135,143,8,127,-8,16
182,306,142,149,7,133,-9,16
182,305,149,157,8,141,-8,16
69,244,61,66,5,50,-11,16
182,313,90,103,13,87,-3,16
182,370,61,66,5,50,-11,16
345,355,220,226,6,210,-10,16
374,299,43,50,7,34,-9,16
295,364,116,118,2,102,-14,16
204,340,125,133,8,117,-8,16
103,382,56,59,3,43,-13,16
308,180,112,115,3,99,-13,16
308,179,115,117,2,101,-14,16
308,168,253,254,1,238,-15,16
88,354,72,82,10,66,-6,16
88,352,82,90,8,74,-8,16
69,226,50,59,9,43,-7,16
274,289,118,125,7,109,-9,16
103,381,43,59,16,43,0,16
103,378,46,50,4,34,-12,16
374,332,194,210,16,194,0,16
263,277,90,103,13,87,-3,16
263,265,163,170,7,154,-9,16
501,280,43,50,7,34,-9,16
50,307,53,59,6,43,-10,16
263,285,103,111,8,95,-8,16
81,352,39,50,11,34,-5,16
232,332,102,109,7,93,-9,16
296,275,177,181,4,165,-12,16
64,362,56,59,3,43,-13,16
64,361,53,59,6,43,-10,16
64,360,50,59,9,43,-7,16
37,309,43,59,16,43,0,16
383,278,217,226,9,210,-7,16
296,212,101,106,5,90,-11,16
58,276,53,59,6,43,-10,16
414,330,197,206,9,190,-7,16
20,295,64,72,8,56,-8,16
298,363,119,126,7,110,-9,16
145,295,174,183,9,167,-7,16
140,316,50,59,9,43,-7,16
57,287,56,59,3,43,-13,16
160,327,126,133,7,117,-9,16
263,286,101,111,10,95,-6,16
50,295,50,59,9,43,-7,16
50,294,53,59,6,43,-10,16
348,77,254,254,0,238,-16,16
186,316,85,101,16,85,0,16
186,311,93,103,10,87,-6,16
186,373,72,84,12,68,-4,16
89,355,74,82,8,66,-8,16
281,300,105,112,7,96,-9,16
141,315,59,66,7,50,-9,16
346,179,43,50,7,34,-9,16
346,178,39,50,11,34,-5,16
457,66,31,36,5,20,-11,16
81,351,43,50,7,34,-9,16
183,299,197,204,7,188,-9,16
186,322,156,160,4,144,-12,16
50,287,61,66,5,50,-11,16
125,218,39,50,11,34,-5,16
69,229,50,59,9,43,-7,16
69,228,50,59,9,43,-7,16
69,227,50,59,9,43,-7,16
183,313,96,103,7,87,-9,16
247,261,117,126,9,110,-7,16
81,347,50,59,9,43,-7,16
81,346,50,59,9,43,-7,16
415,244,196,203,7,187,-9,16
83,226,43,50,7,34,-9,16
83,225,50,50,0,34,-16,16
359,81,43,50,7,34,-9,16
230,244,124,135,11,119,-5,16
392,511,50,50,0,34,-16,16
138,221,50,59,9,43,-7,16
89,230,39,50,11,34,-5,16
235,249,125,133,8,117,-8,16
391,278,229,238,9,222,-7,16
183,369,53,66,13,50,-3,16
183,310,116,123,7,107,-9,16
245,249,151,157,6,141,-10,16
347,280,223,233,10,217,-6,16
371,326,225,230,5,214,-11,16
20,312,39,50,11,34,-5,16
20,311,39,50,11,34,-5,16
82,346,59,66,7,50,-9,16
58,278,39,50,11,34,-5,16
119,378,34,50,16,34,0,16
206,311,142,150,8,134,-8,16
264,300,80,92,12,76,-4,16
327,138,106,118,12,102,-4,16
204,363,101,117,16,101,0,16
82,230,39,50,11,34,-5,16
263,322,59,72,13,56,-3,16
82,236,39,50,11,34,-5,16
326,316,234,244,10,228,-6,16
160,255,138,151,13,135,-3,16
159,229,170,173,3,157,-13,16
82,355,43,50,7,34,-9,16
82,354,43,50,7,34,-9,16
82,347,56,66,10,50,-6,16
263,318,76,80,4,64,-12,16
20,313,43,50,7,34,-9,16
66,367,46,59,13,43,-3,16
325,141,117,119,2,103,-14,16
266,273,136,146,10,130,-6,16
414,519,253,253,0,237,-16,16
224,270,162,167,5,151,-11,16
384,337,195,208,13,192,-3,16
383,340,211,215,4,199,-12,16
456,66,36,36,0,20,-16,16
347,296,46,50,4,34,-12,16
532,135,8,17,9,1,-7,16
123,377,53,59,6,43,-10,16
123,376,43,59,16,43,0,16
391,260,228,231,3,215,-13,16
62,368,43,50,7,34,-9,16
150,219,161,169,8,153,-8,16
246,339,80,96,16,80,0,16
20,314,43,50,7,34,-9,16
325,193,89,92,3,76,-13,16
159,271,130,135,5,119,-11,16
20,325,43,50,7,34,-9,16
95,216,46,50,4,34,-12,16
392,271,213,219,6,203,-10,16
392,339,212,220,8,204,-8,16
392,327,222,228,6,212,-10,16
69,230,50,59,9,43,-7,16
89,216,34,50,16,34,0,16
104,378,50,50,0,34,-16,16
220,332,127,134,7,118,-9,16
235,251,132,140,8,124,-8,16
89,245,168,174,6,158,-10,16
367,291,43,50,7,34,-9,16
205,311,135,143,8,127,-8,16
384,265,221,228,7,212,-9,16
37,317,43,50,7,34,-9,16
326,193,85,92,7,76,-9,16
108,365,56,66,10,50,-6,16
89,339,117,125,8,109,-8,16
62,354,39,50,11,34,-5,16
346,315,46,50,4,34,-12,16
346,294,46,50,4,34,-12,16
346,274,207,213,6,197,-10,16
186,229,163,174,11,158,-5,16
220,359,93,101,8,85,-8,16
367,296,43,50,7,34,-9,16
138,277,39,50,11,34,-5,16
138,276,39,50,11,34,-5,16
391,338,217,223,6,207,-10,16
57,361,46,50,4,34,-12,16
57,360,39,50,11,34,-5,16
265,281,76,92,16,76,0,16
89,337,124,131,7,115,-9,16
89,335,131,138,7,122,-9,16
138,275,39,50,11,34,-5,16
51,271,34,50,16,34,0,16
150,246,126,134,8,118,-8,16
51,264,70,72,2,56,-14,16
159,341,78,90,12,74,-4,16
51,245,56,72,16,56,0,16
375,273,209,219,10,203,-6,16
375,271,222,229,7,213,-9,16
185,229,158,169,11,153,-5,16
62,353,39,50,11,34,-5,16
371,231,76,80,4,64,-12,16
297,345,172,183,11,167,-5,16
239,307,156,162,6,146,-10,16
171,314,118,127,9,111,-7,16
171,301,174,178,4,162,-12,16
45,287,59,72,13,56,-3,16
379,268,224,230,6,214,-10,16
379,241,210,217,7,201,-9,16
517,133,14,20,6,4,-10,16
388,336,219,225,6,209,-10,16
369,275,221,228,7,212,-9,16
437,274,215,220,5,204,-11,16
347,177,34,50,16,34,0,16
246,258,106,117,11,101,-5,16
74,239,53,66,13,50,-3,16
74,238,53,66,13,50,-3,16
74,230,39,50,11,34,-5,16
367,295,50,50,0,34,-16,16
265,290,89,92,3,76,-13,16
246,262,126,132,6,117,-9,15
347,94,82,93,11,78,-4,15
104,234,148,151,3,136,-12,15
141,367,92,102,10,87,-5,15
231,246,131,139,8,124,-7,15
246,266,141,149,8,134,-7,15
138,301,164,169,5,154,-10,15
89,334,135,141,6,126,-9,15
184,295,195,203,8,188,-7,15
454,316,34,43,9,28,-6,15
391,322,185,200,15,185,0,15
58,241,53,61,8,46,-7,15
499,54,253,253,0,238,-15,15
325,413,39,43,4,28,-11,15
232,333,96,105,9,90,-6,15
233,246,123,131,8,116,-7,15
375,279,202,212,10,197,-5,15
375,286,34,43,9,28,-6,15
454,294,39,43,4,28,-11,15
51,243,66,74,8,59,-7,15
51,247,64,74,10,59,-5,15
150,309,64,74,10,59,-5,15
306,220,66,76,10,61,-5,15
306,221,61,68,7,53,-8,15
392,242,211,216,5,201,-10,15
74,256,28,43,15,28,0,15
104,383,53,68,15,53,0,15
104,387,254,254,0,239,-15,15
282,292,140,148,8,133,-7,15
297,277,178,180,2,165,-13,15
94,369,34,43,9,28,-6,15
371,292,39,43,4,28,-11,15
57,371,43,43,0,28,-15,15
205,336,133,139,6,124,-9,15
205,337,130,137,7,122,-8,15
205,342,114,120,6,105,-9,15
205,343,109,117,8,102,-7,15
374,320,226,230,4,215,-11,15
66,358,34,43,9,28,-6,15
375,241,211,219,8,204,-7,15
246,327,103,110,7,95,-8,15
74,255,39,43,4,28,-11,15
455,293,43,43,0,28,-15,15
455,66,36,36,0,21,-15,15
325,191,72,87,15,72,0,15
325,144,107,120,13,105,-2,15
417,252,204,213,9,198,-6,15
264,363,249,251,2,236,-13,15
325,190,78,87,9,72,-6,15
499,330,210,225,15,210,0,15
416,253,207,215,8,200,-7,15
391,340,204,212,8,197,-7,15
391,355,219,232,13,217,-2,15
392,79,34,43,9,28,-6,15
150,294,188,194,6,179,-9,15
455,302,39,43,4,28,-11,15
455,313,39,43,4,28,-11,15
346,275,209,215,6,200,-9,15
346,276,211,218,7,203,-8,15
346,277,213,220,7,205,-8,15
346,278,215,222,7,207,-8,15
346,282,236,242,6,227,-9,15
27,322,39,43,4,28,-11,15
264,296,85,95,10,80,-5,15
264,298,84,93,9,78,-6,15
264,299,82,93,11,78,-4,15
82,271,185,188,3,173,-12,15
549,103,12,15,3,0,-12,15
239,308,154,160,6,145,-9,15
130,245,167,173,6,158,-9,15
130,249,178,178,0,163,-15,15
297,351,152,161,9,146,-6,15
21,286,84,87,3,72,-12,15
145,381,59,61,2,46,-13,15
384,275,207,214,7,199,-8,15
159,379,70,76,6,61,-9,15
57,329,34,43,9,28,-6,15
82,281,190,195,5,180,-10,15
27,328,39,43,4,28,-11,15
27,329,39,43,4,28,-11,15
27,330,43,43,0,28,-15,15
245,327,107,114,7,99,-8,15
51,290,46,61,15,46,0,15
51,291,56,61,5,46,-10,15
51,292,56,61,5,46,-10,15
245,266,144,152,8,137,-7,15
367,306,39,43,4,28,-11,15
62,369,39,43,4,28,-11,15
62,370,34,43,9,28,-6,15
94,376,28,43,15,28,0,15
233,250,137,143,6,128,-9,15
549,138,14,19,5,4,-10,15
297,362,125,133,8,118,-7,15
415,330,199,207,8,192,-7,15
325,142,114,120,6,105,-9,15
325,143,111,120,9,105,-6,15
548,137,6,17,11,2,-4,15
62,371,28,43,15,28,0,15
307,218,80,87,7,72,-8,15
307,220,66,76,10,61,-5,15
274,360,141,145,4,130,-11,15
347,290,39,43,4,28,-11,15
346,250,246,247,1,232,-14,15
150,368,107,107,0,92,-15,15
27,321,43,43,0,28,-15,15
367,81,28,43,15,28,0,15
367,82,43,43,0,28,-15,15
367,228,28,43,15,28,0,15
392,293,43,43,0,28,-15,15
392,338,219,224,5,209,-10,15
418,251,203,211,8,196,-7,15
205,300,170,175,5,160,-10,15
417,253,210,217,7,202,-8,15
417,254,215,222,7,207,-8,15
358,227,28,43,15,28,0,15
57,339,66,68,2,53,-13,15
94,370,34,43,9,28,-6,15
94,374,39,43,4,28,-11,15
94,375,34,43,9,28,-6,15
37,322,28,43,15,28,0,15
418,329,208,220,12,205,-3,15
160,267,135,140,5,125,-10,15
358,421,43,43,0,28,-15,15
206,336,128,135,7,120,-8,15
206,337,124,133,9,118,-6,15
206,338,122,130,8,115,-7,15
206,331,141,147,6,132,-9,15
415,255,214,221,7,206,-8,15
324,413,43,43,0,28,-15,15
375,332,194,206,12,191,-3,15
574,66,14,15,1,0,-14,15
104,222,28,43,15,28,0,15
247,266,139,146,7,131,-8,15
347,329,201,207,6,192,-9,15
50,324,53,61,8,46,-7,15
456,301,34,43,9,28,-6,15
456,302,43,43,0,28,-15,15
456,313,39,43,4,28,-11,15
183,308,127,135,8,120,-7,15
327,137,109,118,9,103,-6,15
224,363,254,254,0,239,-15,15
296,341,201,209,8,194,-7,15
296,346,169,178,9,163,-6,15
296,351,150,159,9,144,-6,15
224,313,109,118,9,103,-6,15
264,315,74,76,2,61,-13,15
277,279,157,165,8,150,-7,15
142,227,134,135,1,120,-14,15
141,321,61,61,0,46,-15,15
183,311,107,116,9,101,-6,15
27,311,72,74,2,59,-13,15
297,400,254,254,0,239,-15,15
119,368,70,76,6,61,-9,15
327,139,105,116,11,101,-4,15
38,314,53,61,8,46,-7,15
38,315,50,61,11,46,-4,15
263,355,80,89,9,74,-6,15
326,413,39,43,4,28,-11,15
418,252,207,215,8,200,-7,15
418,253,213,219,6,204,-9,15
38,323,34,43,9,28,-6,15
57,315,39,43,4,28,-11,15
57,299,39,43,4,28,-11,15
391,242,210,216,6,201,-9,15
245,261,126,132,6,117,-9,15
347,317,50,61,11,46,-4,15
375,491,34,43,9,28,-6,15
391,293,43,43,0,28,-15,15
367,331,224,227,3,212,-12,15
124,369,82,87,5,72,-10,15
151,219,156,164,8,149,-7,15
393,72,252,255,3,240,-12,15
393,79,28,43,15,28,0,15
125,377,61,61,0,46,-15,15
206,332,137,144,7,129,-8,15
206,333,134,143,9,128,-6,15
496,261,177,182,5,167,-10,15
160,275,127,139,12,124,-3,15
160,309,93,102,9,87,-6,15
82,386,254,254,0,239,-15,15
500,330,210,225,15,210,0,15
206,342,109,117,8,102,-7,15
239,287,166,172,6,157,-9,15
384,291,43,43,0,28,-15,15
64,285,34,43,9,28,-6,15
207,294,186,192,6,177,-9,15
135,370,95,102,7,87,-8,15
159,218,169,177,8,162,-7,15
159,256,135,140,5,125,-10,15
70,360,39,43,4,28,-11,15
113,217,28,43,15,28,0,15
83,222,28,43,15,28,0,15
83,228,28,43,15,28,0,15
230,245,131,138,7,123,-8,15
230,246,136,142,6,127,-9,15
374,331,195,209,14,194,-1,15
247,263,127,132,5,117,-10,15
375,492,43,43,0,28,-15,15
281,298,115,124,9,109,-6,15
50,291,61,61,0,46,-15,15
346,85,92,99,7,84,-8,15
183,295,193,200,7,185,-8,15
160,328,122,132,10,117,-5,15
204,315,133,140,7,125,-8,15
551,138,10,18,8,3,-7,15
20,292,72,74,2,59,-13,15
20,293,70,74,4,59,-11,15
296,196,251,253,2,238,-13,15
81,344,53,61,8,46,-7,15
81,345,50,61,11,46,-4,15
277,285,139,148,9,133,-6,15
547,137,6,18,12,3,-3,15
247,250,156,161,5,146,-10,15
186,235,153,165,12,150,-3,15
186,281,180,190,10,175,-5,15
141,316,56,61,5,46,-10,15
457,300,39,43,4,28,-11,15
457,311,34,43,9,28,-6,15
88,375,39,43,4,28,-11,15
151,245,134,141,7,126,-8,15
274,280,142,149,7,134,-8,15
58,271,56,61,5,46,-10,15
296,362,124,133,9,118,-6,15
383,301,43,43,0,28,-15,15
327,308,21,34,13,19,-2,15
160,359,110,117,7,102,-8,15
419,329,209,221,12,206,-3,15
232,314,93,102,9,87,-6,15
371,492,34,43,9,28,-6,15
371,508,34,43,9,28,-6,15
419,251,205,213,8,198,-7,15
327,240,242,246,4,231,-11,15
324,190,82,87,5,72,-10,15
357,325,221,225,4,210,-11,15
419,521,253,253,0,238,-15,15
359,227,28,43,15,28,0,15
414,336,226,229,3,214,-12,15
414,244,200,206,6,191,-9,15
37,302,80,85,5,70,-10,15
274,288,120,127,7,112,-8,15
230,284,144,152,8,137,-7,15
124,378,46,61,15,46,0,15
529,52,254,254,0,239,-15,15
151,225,76,85,9,70,-6,15
366,364,43,43,0,28,-15,15
366,306,39,43,4,28,-11,15
89,354,78,85,7,70,-8,15
573,66,14,15,1,0,-14,15
26,321,28,43,15,28,0,15
26,322,34,43,9,28,-6,15
367,493,34,43,9,28,-6,15
366,493,34,43,9,28,-6,15
366,513,255,255,0,240,-15,15
88,350,87,95,8,80,-7,15
88,351,85,93,8,78,-7,15
414,255,211,219,8,204,-7,15
95,369,39,43,4,28,-11,15
383,275,204,211,7,196,-8,15
266,354,76,87,11,72,-4,15
103,383,53,68,15,53,0,15
66,374,34,43,9,28,-6,15
247,326,106,111,5,96,-10,15
133,375,50,61,11,46,-4,15
134,214,253,254,1,239,-14,15
457,348,43,43,0,28,-15,15
52,247,64,74,10,59,-5,15
182,295,189,197,8,182,-7,15
328,133,120,122,2,107,-13,15
420,329,214,222,8,207,-7,15
107,219,39,43,4,28,-11,15
145,294,170,179,9,164,-6,15
233,287,124,130,6,115,-9,15
384,489,39,43,4,28,-11,15
384,491,34,43,9,28,-6,15
158,381,74,76,2,61,-13,15
158,382,66,76,10,61,-5,15
345,304,28,43,15,28,0,15
88,369,34,43,9,28,-6,15
366,297,34,43,9,28,-6,15
149,307,61,74,13,59,-2,15
275,278,152,160,8,145,-7,15
382,490,43,43,0,28,-15,15
420,350,208,222,14,207,-1,15
372,82,43,43,0,28,-15,15
204,342,117,124,7,109,-8,15
204,343,112,120,8,105,-7,15
327,413,43,43,0,28,-15,15
420,245,183,188,5,173,-10,15
71,242,68,76,8,61,-7,15
328,128,106,120,14,105,-1,15
393,301,43,43,0,28,-15,15
393,340,210,216,6,201,-9,15
137,368,92,102,10,87,-5,15
308,218,80,85,5,70,-10,15
528,134,5,16,11,1,-4,15
390,337,220,225,5,210,-10,15
26,318,28,43,15,28,0,15
26,319,28,43,15,28,0,15
308,358,148,154,6,139,-9,15
58,295,34,43,9,28,-6,15
58,296,39,43,4,28,-11,15
277,362,144,157,13,142,-2,15
552,138,7,18,11,3,-4,15
552,139,18,20,2,5,-13,15
95,372,28,43,15,28,0,15
95,373,34,43,9,28,-6,15
95,374,39,43,4,28,-11,15
383,268,209,218,9,203,-6,15
64,348,39,43,4,28,-11,15
64,351,39,43,4,28,-11,15
103,364,64,68,4,53,-11,15
376,241,211,218,7,203,-8,15
376,273,207,215,8,200,-7,15
376,286,28,43,15,28,0,15
374,286,34,43,9,28,-6,15
572,66,14,15,1,0,-14,15
247,329,90,99,9,84,-6,15
458,349,34,43,9,28,-6,15
50,259,76,87,11,72,-4,15
328,306,36,40,4,25,-11,15
493,284,39,43,4,28,-11,15
239,245,160,166,6,151,-9,15
267,227,253,253,0,238,-15,15
501,537,253,253,0,238,-15,15
58,290,34,43,9,28,-6,15
58,291,34,43,9,28,-6,15
58,294,28,43,15,28,0,15
323,446,43,43,0,28,-15,15
267,274,136,146,10,131,-5,15
161,264,146,149,3,134,-12,15
493,285,34,43,9,28,-6,15
383,228,39,43,4,28,-11,15
372,240,212,218,6,203,-9,15
372,273,220,228,8,213,-7,15
135,343,28,43,15,28,0,15
262,309,76,87,11,72,-4,15
262,310,74,85,11,70,-4,15
73,319,39,43,4,28,-11,15
73,320,34,43,9,28,-6,15
73,321,28,43,15,28,0,15
105,219,28,43,15,28,0,15
105,221,28,43,15,28,0,15
52,266,64,68,4,53,-11,15
376,82,39,43,4,28,-11,15
103,376,28,43,15,28,0,15
284,301,102,111,9,96,-6,15
158,338,99,105,6,90,-9,15
158,339,98,99,1,84,-14,15
298,339,204,214,10,199,-5,15
262,283,111,118,7,103,-8,15
203,343,115,122,7,107,-8,15
121,372,46,61,15,46,0,15
384,510,28,43,15,28,0,15
37,232,251,253,2,238,-13,15
502,327,210,212,2,197,-13,15
62,283,34,43,9,28,-6,15
274,276,156,165,9,150,-6,15
28,330,34,43,9,28,-6,15
394,291,43,43,0,28,-15,15
63,242,50,61,11,46,-4,15
58,313,34,43,9,28,-6,15
58,314,34,43,9,28,-6,15
58,315,34,43,9,28,-6,15
385,275,211,215,4,200,-11,15
223,332,128,134,6,119,-9,15
208,294,186,192,6,177,-9,15
421,276,231,232,1,217,-14,15
239,254,124,132,8,117,-7,15
89,369,34,43,9,28,-6,15
26,320,28,43,15,28,0,15
74,324,34,43,9,28,-6,15
459,288,43,43,0,28,-15,15
366,81,28,43,15,28,0,15
66,286,28,43,15,28,0,15
374,271,225,230,5,215,-10,15
187,369,68,76,8,61,-7,15
459,310,43,43,0,28,-15,15
239,355,82,89,7,74,-8,15
329,131,112,122,10,107,-5,15
161,265,143,146,3,131,-12,15
262,284,111,118,7,103,-8,15
295,220,85,93,8,78,-7,15
295,273,173,182,9,167,-6,15
36,302,85,85,0,70,-15,15
158,343,72,87,15,72,0,15
449,251,207,214,7,199,-8,15
73,316,39,43,4,28,-11,15
73,317,39,43,4,28,-11,15
284,311,89,95,6,80,-9,15
103,231,125,132,7,117,-8,15
390,355,217,232,15,217,0,15
368,82,43,43,0,28,-15,15
138,323,28,43,15,28,0,15
394,300,43,43,0,28,-15,15
49,290,61,68,7,53,-8,15
181,305,149,157,8,142,-7,15
181,307,136,143,7,128,-8,15
366,82,43,43,0,28,-15,15
219,359,90,99,9,84,-6,15
413,255,207,216,9,201,-6,15
413,257,217,223,6,208,-9,15
298,341,196,203,7,188,-8,15
298,344,174,187,13,172,-2,15
385,274,204,214,10,199,-5,15
492,285,43,43,0,28,-15,15
323,216,53,61,8,46,-7,15
158,315,141,150,9,135,-6,15
96,226,34,43,9,28,-6,15
328,412,43,43,0,28,-15,15
158,316,135,150,15,135,0,15
158,327,144,146,2,131,-13,15
503,327,210,212,2,197,-13,15
370,493,39,43,4,28,-11,15
371,82,43,43,0,28,-15,15
357,85,53,61,8,46,-7,15
323,212,59,61,2,46,-13,15
413,244,203,209,6,194,-9,15
151,308,66,76,10,61,-5,15
28,326,34,43,9,28,-6,15
28,327,34,43,9,28,-6,15
28,328,34,43,9,28,-6,15
28,329,28,43,15,28,0,15
394,328,223,229,6,214,-9,15
394,301,43,43,0,28,-15,15
365,420,39,43,4,28,-11,15
365,493,34,43,9,28,-6,15
394,486,39,43,4,28,-11,15
28,314,59,68,9,53,-6,15
546,137,7,18,11,3,-4,15
491,340,34,43,9,28,-6,15
422,336,197,209,12,194,-3,15
492,286,39,43,4,28,-11,15
67,285,39,43,4,28,-11,15
67,286,39,43,4,28,-11,15
553,139,17,19,2,4,-13,15
106,387,254,254,0,239,-15,15
208,236,144,155,11,140,-4,15
323,150,106,111,5,96,-10,15
275,277,156,165,9,150,-6,15
285,302,102,110,8,95,-7,15
133,305,177,182,5,167,-10,15
73,318,39,43,4,28,-11,15
151,368,105,107,2,92,-13,15
181,299,186,193,7,178,-8,15
73,301,34,43,9,28,-6,15
460,308,43,43,0,28,-15,15
83,315,144,151,7,136,-8,15
68,232,66,68,2,53,-13,15
68,243,64,68,4,53,-11,15
96,237,163,166,3,151,-12,15
295,208,111,117,6,102,-9,15
382,302,39,43,4,28,-11,15
460,65,37,37,0,22,-15,15
103,234,143,151,8,136,-7,15
102,383,53,68,15,53,0,15
365,326,192,207,15,192,0,15
28,331,34,43,9,28,-6,15
309,356,157,164,7,149,-8,15
309,357,151,159,8,144,-7,15
152,225,80,85,5,70,-10,15
261,263,167,170,3,155,-12,15
161,338,82,95,13,80,-2,15
491,286,39,43,4,28,-11,15
329,241,242,245,3,230,-12,15
329,268,246,246,0,231,-15,15
83,312,144,151,7,136,-8,15
83,313,144,151,7,136,-8,15
58,371,28,43,15,28,0,15
274,241,245,252,7,237,-8,15
395,260,206,215,9,200,-6,15
305,317,131,131,0,116,-15,15
28,347,43,43,0,28,-15,15
28,348,39,43,4,28,-11,15
244,260,126,132,6,117,-9,15
75,244,50,61,11,46,-4,15
137,320,34,43,9,28,-6,15
62,245,66,74,8,59,-7,15
395,282,34,43,9,28,-6,15
395,283,43,43,0,28,-15,15
81,236,39,43,4,28,-11,15
161,369,105,110,5,95,-10,15
491,260,188,193,5,178,-10,15
423,247,188,195,7,180,-8,15
382,323,225,231,6,216,-9,15
66,285,43,43,0,28,-15,15
377,82,39,43,4,28,-11,15
63,245,70,76,6,61,-9,15
63,247,70,76,6,61,-9,15
390,304,43,43,0,28,-15,15
390,305,39,43,4,28,-11,15
368,81,28,43,15,28,0,15
411,335,226,229,3,214,-12,15
322,412,39,43,4,28,-11,15
96,375,39,43,4,28,-11,15
225,310,114,125,11,110,-4,15
382,266,223,229,6,214,-9,15
146,286,109,116,7,101,-8,15
385,289,43,43,0,28,-15,15
223,316,99,114,15,99,0,15
158,271,123,133,10,118,-5,15
310,189,87,89,2,74,-13,15
377,228,34,43,9,28,-6,15
374,232,76,89,13,74,-2,15
395,341,210,217,7,202,-8,15
395,290,43,43,0,28,-15,15
395,291,43,43,0,28,-15,15
461,307,43,43,0,28,-15,15
180,224,182,187,5,172,-10,15
244,268,158,164,6,149,-9,15
248,313,139,147,8,132,-7,15
356,495,28,43,15,28,0,15
356,496,43,43,0,28,-15,15
56,350,61,61,0,46,-15,15
56,351,56,61,5,46,-10,15
114,217,34,43,9,28,-6,15
490,62,29,36,7,21,-8,15
268,270,162,167,5,152,-10,15
158,274,126,131,5,116,-10,15
158,278,132,142,10,127,-5,15
322,367,34,43,9,28,-6,15
238,355,80,87,7,72,-8,15
158,222,137,146,9,131,-6,15
64,264,43,43,0,28,-15,15
56,343,61,61,0,46,-15,15
56,344,61,61,0,46,-15,15
490,327,211,214,3,199,-12,15
490,334,219,230,11,215,-4,15
180,303,164,171,7,156,-8,15
188,283,170,175,5,160,-10,15
344,94,93,105,12,90,-3,15
88,227,34,43,9,28,-6,15
310,222,53,61,8,46,-7,15
310,294,170,170,0,155,-15,15
310,295,168,170,2,155,-13,15
365,306,39,43,4,28,-11,15
96,369,39,43,4,28,-11,15
554,138,4,17,13,2,-2,15
40,298,68,76,8,61,-7,15
545,137,8,18,10,3,-5,15
385,334,222,227,5,212,-10,15
385,339,194,207,13,192,-2,15
208,303,181,187,6,172,-9,15
395,360,43,43,0,28,-15,15
87,374,39,43,4,28,-11,15
395,299,43,43,0,28,-15,15
395,300,43,43,0,28,-15,15
109,223,56,61,5,46,-10,15
152,245,139,144,5,129,-10,15
105,369,34,43,9,28,-6,15
231,334,95,105,10,90,-5,15
87,375,39,43,4,28,-11,15
88,208,251,252,1,237,-14,15
360,281,226,236,10,221,-5,15
382,278,215,223,8,208,-7,15
225,297,144,151,7,136,-8,15
225,298,144,150,6,135,-9,15
225,333,120,127,7,112,-8,15
240,255,125,132,7,117,-8,15
260,321,78,85,7,70,-8,15
395,486,43,43,0,28,-15,15
395,509,34,43,9,28,-6,15
310,358,144,151,7,136,-8,15
396,290,43,43,0,28,-15,15
396,298,43,43,0,28,-15,15
396,299,43,43,0,28,-15,15
218,332,124,130,6,115,-9,15
534,136,12,19,7,4,-8,15
127,260,186,192,6,177,-9,15
365,297,34,43,9,28,-6,15
446,311,39,43,4,28,-11,15
343,317,43,43,0,28,-15,15
115,381,64,68,4,53,-11,15
343,333,221,227,6,212,-9,15
446,325,214,217,3,202,-12,15
64,241,56,61,5,46,-10,15
64,242,46,61,15,46,0,15
360,292,39,43,4,28,-11,15
322,150,110,117,7,102,-8,15
56,327,34,43,9,28,-6,15
382,269,207,217,10,202,-5,15
157,382,61,74,13,59,-2,15
158,217,162,169,7,154,-8,15
322,190,78,87,9,72,-6,15
322,236,230,240,10,225,-5,15
360,227,28,43,15,28,0,15
360,237,213,220,7,205,-8,15
59,238,56,61,5,46,-10,15
59,239,50,61,11,46,-4,15
59,240,46,61,15,46,0,15
360,291,39,43,4,28,-11,15
385,489,39,43,4,28,-11,15
385,491,34,43,9,28,-6,15
260,314,76,85,9,70,-6,15
489,288,39,43,4,28,-11,15
489,289,39,43,4,28,-11,15
489,327,212,215,3,200,-12,15
385,510,34,43,9,28,-6,15
385,511,43,43,0,28,-15,15
285,300,111,117,6,102,-9,15
102,364,64,68,4,53,-11,15
102,376,28,43,15,28,0,15
218,365,254,254,0,239,-15,15
249,243,167,175,8,160,-7,15
189,224,176,182,6,167,-9,15
365,288,43,43,0,28,-15,15
118,229,145,150,5,135,-10,15
330,283,34,43,9,28,-6,15
64,250,50,61,11,46,-4,15
71,275,28,43,15,28,0,15
71,276,28,43,15,28,0,15
424,247,188,195,7,180,-8,15
80,352,34,43,9,28,-6,15
330,282,28,43,15,28,0,15
505,335,34,43,9,28,-6,15
118,368,68,74,6,59,-9,15
462,347,39,43,4,28,-11,15
462,348,39,43,4,28,-11,15
75,304,50,61,11,46,-4,15
462,306,43,43,0,28,-15,15
179,305,149,156,7,141,-8,15
142,344,85,85,0,70,-15,15
142,367,92,102,10,87,-5,15
221,332,128,134,6,119,-9,15
390,234,76,89,13,74,-2,15
390,242,210,216,6,201,-9,15
365,289,34,43,9,28,-6,15
61,369,34,43,9,28,-6,15
268,311,56,61,5,46,-10,15
330,409,43,43,0,28,-15,15
260,297,119,127,8,112,-7,15
71,277,34,43,9,28,-6,15
71,278,34,43,9,28,-6,15
71,279,34,43,9,28,-6,15
278,245,250,250,0,235,-15,15
97,217,34,43,9,28,-6,15
19,263,252,253,1,238,-14,15
382,228,39,43,4,28,-11,15
299,341,194,203,9,188,-6,15
293,350,153,160,7,145,-8,15
386,81,28,43,15,28,0,15
386,82,39,43,4,28,-11,15
35,318,53,61,8,46,-7,15
506,334,34,43,9,28,-6,15
84,219,28,43,15,28,0,15
84,220,28,43,15,28,0,15
84,221,28,43,15,28,0,15
365,81,28,43,15,28,0,15
365,82,43,43,0,28,-15,15
365,277,226,231,5,216,-10,15
141,314,64,74,10,59,-5,15
377,271,216,223,7,208,-8,15
134,308,166,171,5,156,-10,15
249,296,180,187,7,172,-8,15
179,300,177,182,5,167,-10,15
249,272,163,168,5,153,-10,15
52,366,34,43,9,28,-6,15
52,367,43,43,0,28,-15,15
56,315,39,43,4,28,-11,15
162,330,106,117,11,102,-4,15
162,335,93,107,14,92,-1,15
331,180,66,76,10,61,-5,15
259,321,72,85,13,70,-2,15
425,70,24,39,15,24,0,15
293,349,154,167,13,152,-2,15
84,228,39,43,4,28,-11,15
410,232,34,43,9,28,-6,15
233,333,93,102,9,87,-6,15
385,319,174,186,12,171,-3,15
370,291,34,43,9,28,-6,15
157,343,76,87,11,72,-4,15
157,344,74,85,11,70,-4,15
84,222,39,43,4,28,-11,15
278,288,134,142,8,127,-7,15
425,248,195,203,8,188,-7,15
259,355,82,87,5,72,-10,15
260,238,252,254,2,239,-13,15
56,309,34,43,9,28,-6,15
56,310,34,43,9,28,-6,15
66,258,34,43,9,28,-6,15
66,259,28,43,15,28,0,15
66,260,34,43,9,28,-6,15
376,491,34,43,9,28,-6,15
286,360,138,141,3,126,-12,15
463,293,39,43,4,28,-11,15
87,360,59,61,2,46,-13,15
87,372,28,43,15,28,0,15
87,373,34,43,9,28,-6,15
152,293,180,187,7,172,-8,15
225,357,89,93,4,78,-11,15
556,139,12,18,6,3,-9,15
163,215,162,170,8,155,-7,15
135,325,39,43,4,28,-11,15
386,274,208,216,8,201,-7,15
29,307,72,85,13,70,-2,15
396,486,43,43,0,28,-15,15
396,509,34,43,9,28,-6,15
463,294,43,43,0,28,-15,15
463,306,43,43,0,28,-15,15
463,347,43,43,0,28,-15,15
463,348,34,43,9,28,-6,15
102,234,144,151,7,136,-8,15
286,374,27,37,10,22,-5,15
29,312,53,68,15,53,0,15
355,496,39,43,4,28,-11,15
84,227,39,43,4,28,-11,15
162,347,125,132,7,117,-8,15
331,183,68,74,6,59,-9,15
381,490,39,43,4,28,-11,15
29,313,61,68,7,53,-8,15
29,314,56,68,12,53,-3,15
102,218,34,43,9,28,-6,15
102,223,34,43,9,28,-6,15
311,222,53,61,8,46,-7,15
409,257,204,213,9,198,-6,15
112,217,28,43,15,28,0,15
157,309,87,95,8,80,-7,15
356,253,225,227,2,212,-13,15
425,355,43,43,0,28,-15,15
331,282,39,43,4,28,-11,15
331,283,43,43,0,28,-15,15
355,495,34,43,9,28,-6,15
321,367,34,43,9,28,-6,15
299,342,188,196,8,181,-7,15
127,332,148,155,7,140,-8,15
127,334,145,151,6,136,-9,15
368,275,223,229,6,214,-9,15
368,279,202,211,9,196,-6,15
105,363,68,76,8,61,-7,15
189,368,64,76,12,61,-3,15
342,347,193,200,7,185,-8,15
75,329,34,43,9,28,-6,15
75,330,34,43,9,28,-6,15
464,283,43,43,0,28,-15,15
135,383,255,255,0,240,-15,15
111,373,28,43,15,28,0,15
321,191,82,89,7,74,-8,15
321,207,92,93,1,78,-14,15
487,291,39,43,4,28,-11,15
56,298,43,43,0,28,-15,15
278,284,148,154,6,139,-9,15
157,327,137,147,10,132,-5,15
249,310,148,155,7,140,-8,15
249,311,144,151,7,136,-8,15
249,312,138,147,9,132,-6,15
464,292,39,43,4,28,-11,15
464,305,39,43,4,28,-11,15
349,328,213,217,4,202,-11,15
73,244,68,74,6,59,-9,15
304,359,144,149,5,134,-10,15
111,365,66,74,8,59,-7,15
370,292,39,43,4,28,-11,15
299,362,126,133,7,118,-8,15
332,178,64,74,10,59,-5,15
135,376,64,68,4,53,-11,15
409,232,34,43,9,28,-6,15
269,270,166,171,5,156,-10,15
65,260,39,43,4,28,-11,15
299,343,182,189,7,174,-8,15
300,211,96,102,6,87,-9,15
233,314,99,107,8,92,-7,15
372,492,34,43,9,28,-6,15
41,280,85,95,10,80,-5,15
332,189,34,43,9,28,-6,15
426,249,203,210,7,195,-8,15
259,281,135,143,8,128,-7,15
331,408,39,43,4,28,-11,15
321,156,103,110,7,95,-8,15
59,290,34,43,9,28,-6,15
87,351,80,87,7,72,-8,15
76,206,251,252,1,237,-14,15
178,303,162,166,4,151,-11,15
177,312,98,107,9,92,-6,15
177,355,117,126,9,111,-6,15
444,345,202,214,12,199,-3,15
76,232,43,43,0,28,-15,15
250,243,167,175,8,160,-7,15
250,261,98,111,13,96,-2,15
249,324,109,114,5,99,-10,15
465,283,39,43,4,28,-11,15
465,292,43,43,0,28,-15,15
177,318,136,143,7,128,-8,15
444,313,43,43,0,28,-15,15
101,383,56,68,12,53,-3,15
287,220,102,102,0,87,-15,15
397,289,43,43,0,28,-15,15
59,280,34,43,9,28,-6,15
84,302,145,152,7,137,-8,15
84,303,144,152,8,137,-7,15
332,242,239,244,5,229,-10,15
240,296,180,187,7,172,-8,15
332,181,61,68,7,53,-8,15
332,182,59,68,9,53,-6,15
372,508,34,43,9,28,-6,15
293,312,116,122,6,107,-9,15
18,291,50,61,11,46,-4,15
18,292,50,61,11,46,-4,15
278,280,158,166,8,151,-7,15
34,325,34,43,9,28,-6,15
408,352,215,225,10,210,-5,15
381,228,39,43,4,28,-11,15
18,303,53,61,8,46,-7,15
557,139,9,18,9,3,-6,15
84,319,151,156,5,141,-10,15
84,300,146,156,10,141,-5,15
157,274,123,131,8,116,-7,15
111,367,53,61,8,46,-7,15
111,372,39,43,4,28,-11,15
320,219,53,61,8,46,-7,15
320,231,225,229,4,214,-11,15
320,190,74,87,13,72,-2,15
200,290,173,178,5,163,-10,15
258,299,136,142,6,127,-9,15
258,302,130,138,8,123,-7,15
226,295,138,147,9,132,-6,15
35,241,202,208,6,193,-9,15
408,244,213,220,7,205,-8,15
84,304,144,152,8,137,-7,15
523,133,5,16,11,1,-4,15
87,340,103,111,8,96,-7,15
364,420,39,43,4,28,-11,15
373,492,39,43,4,28,-11,15
373,508,34,43,9,28,-6,15
250,295,178,184,6,169,-9,15
250,297,172,180,8,165,-7,15
76,234,43,43,0,28,-15,15
176,375,50,61,11,46,-4,15
427,249,204,211,7,196,-8,15
163,369,116,117,1,102,-14,15
486,282,43,43,0,28,-15,15
486,283,34,43,9,28,-6,15
59,333,34,43,9,28,-6,15
332,183,61,68,7,53,-8,15
332,184,61,68,7,53,-8,15
223,288,170,173,3,158,-12,15
276,300,87,95,8,80,-7,15
386,288,43,43,0,28,-15,15
522,326,28,43,15,28,0,15
273,276,153,160,7,145,-8,15
273,278,146,153,7,138,-8,15
48,219,250,254,4,239,-11,15
364,329,225,226,1,211,-14,15
152,372,56,61,5,46,-10,15
152,373,50,61,11,46,-4,15
152,375,64,68,4,53,-11,15
522,133,6,17,11,2,-4,15
332,350,190,196,6,181,-9,15
258,283,144,150,6,135,-9,15
258,284,144,150,6,135,-9,15
258,285,144,150,6,135,-9,15
258,286,143,150,7,135,-8,15
200,344,117,124,7,109,-8,15
80,236,39,43,4,28,-11,15
80,238,28,43,15,28,0,15
486,291,39,43,4,28,-11,15
397,485,39,43,4,28,-11,15
397,487,34,43,9,28,-6,15
190,324,158,163,5,148,-10,15
76,233,43,43,0,28,-15,15
280,301,96,105,9,90,-6,15
238,286,160,166,6,151,-9,15
386,299,43,43,0,28,-15,15
140,248,134,139,5,124,-10,15
543,137,10,19,9,4,-6,15
386,340,199,207,8,192,-7,15
223,292,178,179,1,164,-14,15
320,158,106,111,5,96,-10,15
320,216,68,68,0,53,-15,15
320,217,64,68,4,53,-11,15
360,364,39,43,4,28,-11,15
14,324,252,252,0,237,-15,15
377,321,225,230,5,215,-10,15
76,244,56,61,5,46,-10,15
350,88,84,87,3,72,-12,15
53,298,34,43,9,28,-6,15
53,299,39,43,4,28,-11,15
443,314,39,43,4,28,-11,15
190,315,82,85,3,70,-12,15
243,256,117,124,7,109,-8,15
398,230,39,43,4,28,-11,15
398,231,28,43,15,28,0,15
153,214,164,164,0,149,-15,15
41,357,39,43,4,28,-11,15
56,247,61,68,7,53,-8,15
226,307,118,129,11,114,-4,15
226,327,120,130,10,115,-5,15
258,287,143,149,6,134,-9,15
258,298,136,142,6,127,-9,15
111,223,53,61,8,46,-7,15
34,308,64,74,10,59,-5,15
34,309,70,74,4,59,-11,15
84,348,70,76,6,61,-9,15
258,281,143,150,7,135,-8,15
258,282,143,150,7,135,-8,15
84,355,50,61,11,46,-4,15
34,323,34,43,9,28,-6,15
34,324,34,43,9,28,-6,15
427,338,196,209,13,194,-2,15
332,405,39,43,4,28,-11,15
258,270,93,107,14,92,-1,15
176,318,139,145,6,130,-9,15
176,319,143,151,8,136,-7,15
250,327,89,99,10,84,-5,15
128,254,180,182,2,167,-13,15
30,260,164,171,7,156,-8,15
312,170,109,116,7,101,-8,15
386,298,43,43,0,28,-15,15
485,283,39,43,4,28,-11,15
333,182,53,61,8,46,-7,15
333,183,53,61,8,46,-7,15
293,298,151,159,8,144,-7,15
293,299,149,156,7,141,-8,15
293,301,149,151,2,136,-13,15
18,293,50,61,11,46,-4,15
232,298,78,93,15,78,0,15
389,273,215,222,7,207,-8,15
341,318,39,43,4,28,-11,15
250,310,144,152,8,137,-7,15
250,311,140,148,8,133,-7,15
250,312,136,144,8,129,-7,15
73,243,72,74,2,59,-13,15
53,313,34,43,9,28,-6,15
53,314,39,43,4,28,-11,15
443,250,203,210,7,195,-8,15
176,300,177,182,5,167,-10,15
146,376,59,61,2,46,-13,15
407,253,203,212,9,197,-6,15
319,217,61,68,7,53,-8,15
156,372,56,68,12,53,-3,15
97,375,28,43,15,28,0,15
360,494,28,43,15,28,0,15
85,222,43,43,0,28,-15,15
270,244,163,173,10,158,-5,15
270,270,170,175,5,160,-10,15
270,272,156,165,9,150,-6,15
270,276,142,149,7,134,-8,15
276,295,110,116,6,101,-9,15
146,377,50,61,11,46,-4,15
55,360,34,43,9,28,-6,15
55,361,34,43,9,28,-6,15
79,349,34,43,9,28,-6,15
354,422,43,43,0,28,-15,15
354,496,34,43,9,28,-6,15
354,497,43,43,0,28,-15,15
278,302,87,95,8,80,-7,15
146,379,56,61,5,46,-10,15
243,265,145,153,8,138,-7,15
243,267,155,161,6,146,-9,15
101,364,61,68,7,53,-8,15
101,218,34,43,9,28,-6,15
101,376,34,43,9,28,-6,15
25,322,39,43,4,28,-11,15
128,266,194,199,5,184,-10,15
312,174,99,110,11,95,-4,15
164,312,125,129,4,114,-11,15
333,286,34,43,9,28,-6,15
333,287,34,43,9,28,-6,15
333,288,39,43,4,28,-11,15
226,289,144,153,9,138,-6,15
333,189,39,43,4,28,-11,15
34,285,72,74,2,59,-13,15
34,286,68,74,6,59,-9,15
34,306,61,68,7,53,-8,15
288,219,101,102,1,87,-14,15
288,220,102,102,0,87,-15,15
288,221,102,102,0,87,-15,15
377,490,28,43,15,28,0,15
377,491,39,43,4,28,-11,15
251,273,159,165,6,150,-9,15
398,330,227,231,4,216,-11,15
398,342,211,218,7,203,-8,15
398,343,206,214,8,199,-7,15
273,246,163,171,8,156,-7,15
153,225,82,85,3,70,-12,15
312,222,53,61,8,46,-7,15
156,343,80,87,7,72,-8,15
65,280,34,43,9,28,-6,15
380,490,39,43,4,28,-11,15
380,511,34,43,9,28,-6,15
164,314,130,141,11,126,-4,15
333,243,243,246,3,231,-12,15
333,272,56,61,5,46,-10,15
364,306,39,43,4,28,-11,15
176,310,96,107,11,92,-4,15
176,311,95,107,12,92,-3,15
466,253,205,209,4,194,-11,15
442,274,211,216,5,201,-10,15
341,94,109,114,5,99,-10,15
251,295,172,180,8,165,-7,15
139,353,68,76,8,61,-7,15
370,277,205,214,9,199,-6,15
111,217,34,43,9,28,-6,15
270,354,76,85,9,70,-6,15
257,321,76,85,9,70,-6,15
484,258,195,199,4,184,-11,15
373,82,43,43,0,28,-15,15
319,159,102,111,9,96,-6,15
156,339,85,95,10,80,-5,15
116,368,59,68,9,53,-6,15
442,250,204,211,7,196,-8,15
288,295,137,146,9,131,-6,15
229,243,120,134,14,119,-1,15
53,352,34,43,9,28,-6,15
164,378,46,61,15,46,0,15
483,342,39,43,4,28,-11,15
483,343,34,43,9,28,-6,15
135,289,170,178,8,163,-7,15
484,335,213,227,14,212,-1,15
484,336,221,227,6,212,-9,15
333,350,192,194,2,179,-13,15
85,293,177,184,7,169,-8,15
389,305,39,43,4,28,-11,15
389,326,224,230,6,215,-9,15
312,297,150,164,14,149,-1,15
153,293,181,187,6,172,-9,15
467,67,37,43,6,28,-9,15
340,346,201,208,7,193,-8,15
340,348,187,197,10,182,-5,15
175,314,116,122,6,107,-9,15
280,246,248,252,4,237,-11,15
61,288,28,43,15,28,0,15
238,250,115,129,14,114,-1,15
292,313,107,116,9,101,-6,15
65,265,39,43,4,28,-11,15
226,298,136,144,8,129,-7,15
42,251,117,120,3,105,-12,15
198,343,127,134,7,119,-8,15
521,271,151,158,7,143,-8,15
364,280,213,222,9,207,-6,15
174,384,253,253,0,238,-15,15
467,347,34,43,9,28,-6,15
398,485,39,43,4,28,-11,15
398,487,34,43,9,28,-6,15
312,357,148,156,8,141,-7,15
312,358,142,148,6,133,-9,15
521,134,17,21,4,6,-11,15
257,302,136,143,7,128,-8,15
257,305,128,134,6,119,-9,15
558,139,8,18,10,3,-5,15
292,308,126,133,7,118,-8,15
292,309,125,131,6,116,-9,15
542,137,12,19,7,4,-8,15
92,353,92,99,7,84,-8,15
386,509,34,43,9,28,-6,15
85,260,186,190,4,175,-11,15
238,245,160,166,6,151,-9,15
399,230,43,43,0,28,-15,15
399,231,34,43,9,28,-6,15
399,255,217,224,7,209,-8,15
217,233,253,253,0,238,-15,15
242,360,253,253,0,238,-15,15
340,320,34,43,9,28,-6,15
76,335,34,43,9,28,-6,15
128,255,178,182,4,167,-11,15
136,368,92,102,10,87,-5,15
30,323,39,43,4,28,-11,15
399,258,204,213,9,198,-6,15
399,265,209,217,8,202,-7,15
63,372,34,43,9,28,-6,15
42,296,89,89,0,74,-15,15
42,307,70,76,6,61,-9,15
42,308,72,76,4,61,-11,15
226,299,135,144,9,129,-6,15
174,317,138,144,6,129,-9,15
350,344,212,222,10,207,-5,15
90,353,85,93,8,78,-7,15
87,293,191,193,2,178,-13,15
334,189,34,43,9,28,-6,15
353,496,28,43,15,28,0,15
211,318,137,141,4,126,-11,15
511,268,176,182,6,167,-9,15
511,278,28,43,15,28,0,15
511,279,43,43,0,28,-15,15
110,364,68,74,6,59,-9,15
59,371,34,43,9,28,-6,15
378,229,34,43,9,28,-6,15
378,228,34,43,9,28,-6,15
350,422,39,43,4,28,-11,15
566,141,21,34,13,19,-2,15
174,222,163,173,10,158,-5,15
174,365,96,110,14,95,-1,15
351,82,66,74,8,59,-7,15
441,250,204,211,7,196,-8,15
33,314,50,61,11,46,-4,15
301,221,68,76,8,61,-7,15
92,350,105,111,6,96,-9,15
354,89,68,74,6,59,-9,15
116,381,66,68,2,53,-13,15
117,209,254,255,1,240,-14,15
387,263,220,226,6,211,-9,15
251,308,147,156,9,141,-6,15
288,362,115,126,11,111,-4,15
363,420,39,43,4,28,-11,15
364,77,253,253,0,238,-15,15
364,81,28,43,15,28,0,15
364,82,43,43,0,28,-15,15
30,320,53,61,8,46,-7,15
55,315,34,43,9,28,-6,15
334,288,34,43,9,28,-6,15
55,324,43,43,0,28,-15,15
55,325,39,43,4,28,-11,15
353,497,43,43,0,28,-15,15
380,335,191,206,15,191,0,15
406,258,204,213,9,198,-6,15
33,313,46,61,15,46,0,15
399,295,43,43,0,28,-15,15
67,228,61,61,0,46,-15,15
77,234,28,43,15,28,0,15
77,235,34,43,9,28,-6,15
339,501,252,253,1,238,-14,15
77,206,251,252,1,237,-14,15
468,326,215,216,1,201,-14,15
53,353,34,43,9,28,-6,15
77,225,53,61,8,46,-7,15
226,336,101,107,6,92,-9,15
380,228,39,43,4,28,-11,15
106,363,70,76,6,61,-9,15
373,240,210,216,6,201,-9,15
380,339,219,222,3,207,-12,15
198,292,163,168,5,153,-10,15
354,81,61,61,0,46,-15,15
334,242,231,243,12,228,-3,15
482,342,43,43,0,28,-15,15
198,283,182,190,8,175,-7,15
251,326,89,99,10,84,-5,15
174,219,176,182,6,167,-9,15
53,366,28,43,15,28,0,15
53,367,34,43,9,28,-6,15
288,300,116,127,11,112,-4,15
288,301,115,125,10,110,-5,15
399,296,43,43,0,28,-15,15
30,310,70,74,4,59,-11,15
30,312,53,68,15,53,0,15
399,516,254,254,0,239,-15,15
389,230,28,43,15,28,0,15
388,339,199,210,11,195,-4,15
90,354,82,89,7,74,-8,15
85,305,152,159,7,144,-8,15
85,306,153,159,6,144,-9,15
278,368,28,29,1,14,-14,15
292,219,99,102,3,87,-12,15
292,223,64,74,10,59,-5,15
98,218,28,43,15,28,0,15
165,327,156,160,4,145,-11,15
165,341,142,147,5,132,-10,15
165,311,116,125,9,110,-6,15
276,283,142,149,7,134,-8,15
136,250,80,89,9,74,-6,15
512,278,28,43,15,28,0,15
33,303,70,76,6,61,-9,15
256,317,95,102,7,87,-8,15
117,369,59,68,9,53,-6,15
318,217,53,68,15,53,0,15
33,325,34,43,9,28,-6,15
85,303,152,159,7,144,-8,15
85,304,152,159,7,144,-8,15
303,360,135,144,9,129,-6,15
77,232,39,43,4,28,-11,15
77,233,28,43,15,28,0,15
368,306,39,43,4,28,-11,15
313,222,50,61,11,46,-4,15
79,248,46,61,15,46,0,15
79,232,39,43,4,28,-11,15
79,233,39,43,4,28,-11,15
79,234,39,43,4,28,-11,15
55,298,39,43,4,28,-11,15
291,312,107,116,9,101,-6,15
98,366,61,61,0,46,-15,15
380,294,39,43,4,28,-11,15
380,331,222,228,6,213,-9,15
257,280,148,154,6,139,-9,15
431,341,212,218,6,203,-9,15
215,333,116,124,8,109,-7,15
565,137,6,17,11,2,-4,15
228,310,107,111,4,96,-11,15
339,349,183,191,8,176,-7,15
339,488,43,43,0,28,-15,15
54,245,64,74,10,59,-5,15
440,250,205,212,7,197,-8,15
131,376,56,61,5,46,-10,15
469,309,39,43,4,28,-11,15
469,287,39,43,4,28,-11,15
469,288,43,43,0,28,-15,15
192,350,107,118,11,103,-4,15
387,274,213,219,6,204,-9,15
387,297,34,43,9,28,-6,15
387,298,39,43,4,28,-11,15
23,306,85,85,0,70,-15,15
291,377,34,43,9,28,-6,15
65,285,28,43,15,28,0,15
256,318,93,99,6,84,-9,15
42,357,39,43,4,28,-11,15
481,342,43,43,0,28,-15,15
241,288,178,186,8,171,-7,15
79,235,39,43,4,28,-11,15
79,236,39,43,4,28,-11,15
405,277,237,237,0,222,-15,15
60,263,28,43,15,28,0,15
512,279,43,43,0,28,-15,15
106,369,39,43,4,28,-11,15
98,375,34,43,9,28,-6,15
85,321,152,159,7,144,-8,15
85,322,151,157,6,142,-9,15
33,305,61,74,13,59,-2,15
387,265,209,218,9,203,-6,15
387,273,209,216,7,201,-8,15
173,311,103,110,7,95,-8,15
173,317,139,145,6,130,-9,15
105,387,254,254,0,239,-15,15
289,219,102,102,0,87,-15,15
153,373,46,61,15,46,0,15
173,221,171,178,7,163,-8,15
173,222,167,175,8,160,-7,15
470,254,203,207,4,192,-11,15
470,287,43,43,0,28,-15,15
46,250,87,89,2,74,-13,15
212,319,126,137,11,122,-4,15
212,326,124,131,7,116,-8,15
85,347,76,85,9,70,-6,15
317,235,240,242,2,227,-13,15
55,304,34,43,9,28,-6,15
165,349,139,145,6,130,-9,15
165,350,140,145,5,130,-10,15
432,341,207,215,8,200,-7,15
317,191,92,93,1,78,-14,15
317,219,53,61,8,46,-7,15
317,356,156,161,5,146,-10,15
405,254,203,212,9,197,-6,15
405,261,212,219,7,204,-8,15
291,298,144,151,7,136,-8,15
432,249,203,210,7,195,-8,15
165,348,141,145,4,130,-11,15
481,257,197,202,5,187,-10,15
353,313,61,68,7,53,-8,15
276,277,160,167,7,152,-8,15
369,493,39,43,4,28,-11,15
370,82,43,43,0,28,-15,15
339,296,43,43,0,28,-15,15
339,297,43,43,0,28,-15,15
339,298,39,43,4,28,-11,15
46,282,76,87,11,72,-4,15
339,321,34,43,9,28,-6,15
100,365,53,61,8,46,-7,15
115,217,34,43,9,28,-6,15
172,371,74,87,13,72,-2,15
215,334,109,117,8,102,-7,15
197,282,187,195,8,180,-7,15
55,284,53,61,8,46,-7,15
480,274,189,204,15,189,0,15
480,342,39,43,4,28,-11,15
433,342,208,216,8,201,-7,15
55,305,34,43,9,28,-6,15
55,307,39,43,4,28,-11,15
197,309,53,61,8,46,-7,15
432,354,39,43,4,28,-11,15
17,282,70,74,4,59,-11,15
291,295,156,162,6,147,-9,15
513,279,39,43,4,28,-11,15
33,294,118,118,0,103,-15,15
166,274,183,187,4,172,-11,15
17,292,46,61,15,46,0,15
17,293,46,61,15,46,0,15
380,233,72,87,15,72,0,15
373,274,213,220,7,205,-8,15
256,302,140,148,8,133,-7,15
256,303,136,145,9,130,-6,15
256,305,132,140,8,125,-7,15
87,250,173,179,6,164,-9,15
87,251,176,181,5,166,-10,15
400,231,34,43,9,28,-6,15
153,372,50,61,11,46,-4,15
172,314,117,126,9,111,-6,15
242,266,153,160,7,145,-8,15
253,239,252,253,1,238,-14,15
215,329,128,130,2,115,-13,15
61,263,28,43,15,28,0,15
362,94,34,43,9,28,-6,15
362,95,39,43,4,28,-11,15
222,328,131,135,4,120,-11,15
63,345,39,43,4,28,-11,15
479,274,190,204,14,189,-1,15
353,81,59,61,2,46,-13,15
301,361,130,137,7,122,-8,15
387,325,224,230,6,215,-9,15
387,335,221,227,6,212,-9,15
404,358,43,43,0,28,-15,15
303,230,236,240,4,225,-11,15
90,374,34,43,9,28,-6,15
100,364,59,68,9,53,-6,15
90,375,34,43,9,28,-6,15
148,296,192,197,5,182,-10,15
148,297,193,197,4,182,-11,15
368,493,39,43,4,28,-11,15
361,494,28,43,15,28,0,15
404,261,208,216,8,201,-7,15
291,309,118,126,8,111,-7,15
99,218,34,43,9,28,-6,15
379,490,34,43,9,28,-6,15
166,337,150,155,5,140,-10,15
271,272,159,167,8,152,-7,15
271,274,152,160,8,145,-7,15
362,92,34,43,9,28,-6,15
236,314,120,129,9,114,-6,15
87,226,28,43,15,28,0,15
87,227,34,43,9,28,-6,15
338,367,43,43,0,28,-15,15
253,293,164,171,7,156,-8,15
172,301,173,177,4,162,-11,15
373,331,194,206,12,191,-3,15
289,266,182,183,1,168,-14,15
289,290,160,167,7,152,-8,15
400,294,43,43,0,28,-15,15
400,295,43,43,0,28,-15,15
400,326,186,200,14,185,-1,15
400,254,219,225,6,210,-9,15
404,231,39,43,4,28,-11,15
60,288,39,43,4,28,-11,15
196,348,110,117,7,102,-8,15
291,307,123,129,6,114,-9,15
60,289,43,43,0,28,-15,15
60,290,39,43,4,28,-11,15
85,352,66,74,8,59,-7,15
271,300,61,68,7,53,-8,15
514,269,174,179,5,164,-10,15
32,313,53,61,8,46,-7,15
234,281,154,157,3,142,-12,15
379,491,43,43,0,28,-15,15
335,395,34,43,9,28,-6,15
72,250,53,61,8,46,-7,15
222,332,128,134,6,119,-9,15
222,334,111,120,9,105,-6,15
91,362,59,68,9,53,-6,15
404,243,213,220,7,205,-8,15
289,305,116,124,8,109,-7,15
378,490,28,43,15,28,0,15
378,491,43,43,0,28,-15,15
131,281,190,191,1,176,-14,15
438,353,39,43,4,28,-11,15
154,212,147,162,15,147,0,15
154,225,82,87,5,72,-10,15
196,308,53,61,8,46,-7,15
196,314,59,68,9,53,-6,15
196,315,61,74,13,59,-2,15
167,228,195,195,0,180,-15,15
352,496,28,43,15,28,0,15
352,497,43,43,0,28,-15,15
196,344,127,134,7,119,-8,15
99,366,59,61,2,46,-13,15
291,267,175,184,9,169,-6,15
514,133,18,21,3,6,-12,15
363,82,43,43,0,28,-15,15
363,92,34,43,9,28,-6,15
253,304,152,160,8,145,-7,15
338,244,234,244,10,229,-5,15
303,208,103,111,8,96,-7,15
369,81,28,43,15,28,0,15
369,82,43,43,0,28,-15,15
314,168,105,114,9,99,-6,15
401,231,34,43,9,28,-6,15
255,316,102,110,8,95,-7,15
336,269,59,68,9,53,-6,15
72,273,39,43,4,28,-11,15
234,282,150,156,6,141,-9,15
379,516,254,254,0,239,-15,15
373,273,216,225,9,210,-6,15
291,219,101,102,1,87,-14,15
196,306,56,61,5,46,-10,15
196,307,56,61,5,46,-10,15
316,356,156,161,5,146,-10,15
302,212,85,95,10,80,-5,15
403,283,43,43,0,28,-15,15
32,325,34,43,9,28,-6,15
477,275,203,203,0,188,-15,15
255,304,140,147,7,132,-8,15
336,235,223,230,7,215,-8,15
336,244,241,246,5,231,-10,15
401,253,222,228,6,213,-9,15
338,245,241,247,6,232,-9,15
338,268,64,76,12,61,-3,15
338,348,191,198,7,183,-8,15
134,374,50,61,11,46,-4,15
253,301,158,164,6,149,-9,15
45,317,53,61,8,46,-7,15
351,344,214,225,11,210,-4,15
378,302,39,43,4,28,-11,15
143,346,80,87,7,72,-8,15
143,347,80,87,7,72,-8,15
100,218,34,43,9,28,-6,15
100,224,34,43,9,28,-6,15
129,323,164,170,6,155,-9,15
403,358,39,43,4,28,-11,15
195,348,112,120,8,105,-7,15
316,166,103,111,8,96,-7,15
32,314,61,61,0,46,-15,15
403,359,39,43,4,28,-11,15
316,233,226,236,10,221,-5,15
86,226,39,43,4,28,-11,15
86,227,39,43,4,28,-11,15
351,345,222,227,5,212,-10,15
351,351,224,228,4,213,-11,15
351,360,215,227,12,212,-3,15
45,319,66,68,2,53,-13,15
253,325,85,95,10,80,-5,15
471,340,221,229,8,214,-7,15
54,298,28,43,15,28,0,15
352,76,254,254,0,239,-15,15
253,320,105,110,5,95,-10,15
351,361,221,227,6,212,-9,15
351,495,39,43,4,28,-11,15
363,81,28,43,15,28,0,15
154,287,175,181,6,166,-9,15
290,306,118,126,8,111,-7,15
379,293,28,43,15,28,0,15
379,294,39,43,4,28,-11,15
336,350,178,188,10,173,-5,15
434,249,203,209,6,194,-9,15
434,274,219,222,3,207,-12,15
336,270,64,68,4,53,-11,15
255,302,145,151,6,136,-9,15
255,303,142,149,7,134,-8,15
168,228,195,197,2,182,-13,15
435,274,218,221,3,206,-12,15
435,324,214,219,5,204,-10,15
54,356,34,43,9,28,-6,15
279,287,142,149,7,134,-8,15
515,133,17,20,3,5,-12,15
154,300,178,187,9,172,-6,15
314,179,85,95,10,80,-5,15
45,303,59,74,15,59,0,15
86,372,39,43,4,28,-11,15
86,373,43,43,0,28,-15,15
314,222,50,61,11,46,-4,15
272,300,66,74,8,59,-7,15
86,350,78,85,7,70,-8,15
237,285,156,161,5,146,-10,15
401,293,43,43,0,28,-15,15
401,294,43,43,0,28,-15,15
110,224,59,68,9,53,-6,15
136,304,163,168,5,153,-10,15
403,231,39,43,4,28,-11,15
403,243,214,220,6,205,-9,15
44,283,85,85,0,70,-15,15
169,231,178,190,12,175,-3,15
336,397,39,43,4,28,-11,15
254,336,59,74,15,59,0,15
403,261,205,213,8,198,-7,15
302,222,61,68,7,53,-8,15
401,323,221,223,2,208,-13,15
228,243,132,135,3,120,-12,15
351,496,34,43,9,28,-6,15
351,497,39,43,4,28,-11,15
77,338,34,43,9,28,-6,15
253,311,132,138,6,123,-9,15
401,256,205,214,9,199,-6,15
388,273,212,219,7,204,-8,15
25,249,251,253,2,238,-13,15
155,242,158,165,7,150,-8,15
315,356,156,161,5,146,-10,15
539,136,6,16,10,1,-5,15
515,330,34,43,9,28,-6,15
110,223,53,61,8,46,-7,15
108,223,56,61,5,46,-10,15
54,284,61,61,0,46,-15,15
54,314,28,43,15,28,0,15
437,353,39,43,4,28,-11,15
338,181,34,43,9,28,-6,15
517,303,28,43,15,28,0,15
362,420,39,43,4,28,-11,15
60,369,28,43,15,28,0,15
272,275,152,160,8,145,-7,15
272,277,145,153,8,138,-7,15
272,278,142,150,8,135,-7,15
272,280,133,142,9,127,-6,15
155,218,136,151,15,136,0,15
213,327,126,130,4,115,-11,15
337,183,34,43,9,28,-6,15
337,102,112,114,2,99,-13,15
379,271,209,217,8,202,-7,15
290,312,103,111,8,96,-7,15
515,537,253,253,0,238,-15,15
169,317,145,151,6,136,-9,15
78,245,53,61,8,46,-7,15
169,368,123,125,2,110,-13,15
475,293,39,43,4,28,-11,15
475,294,34,43,9,28,-6,15
44,301,64,74,10,59,-5,15
44,309,70,76,6,61,-9,15
475,303,43,43,0,28,-15,15
45,311,72,76,4,61,-11,15
54,305,39,43,4,28,-11,15
54,306,28,43,15,28,0,15
45,282,76,87,11,72,-4,15
78,206,252,252,0,237,-15,15
77,362,39,43,4,28,-11,15
86,349,80,87,7,72,-8,15
139,301,162,166,4,151,-11,15
170,380,64,68,4,53,-11,15
171,214,252,253,1,238,-14,15
106,219,34,43,9,28,-6,15
290,219,102,102,0,87,-15,15
379,285,34,43,9,28,-6,15
234,283,144,153,9,138,-6,15
234,285,134,145,11,130,-4,15
388,321,185,199,14,184,-1,15
517,132,4,15,11,0,-4,15
272,272,161,170,9,155,-6,15
272,273,160,167,7,152,-8,15
272,274,156,164,8,149,-7,15
254,305,145,152,7,137,-8,15
352,265,218,222,4,207,-11,15
169,314,122,130,8,115,-7,15
31,312,59,68,9,53,-6,15
402,231,39,43,4,28,-11,15
402,232,28,43,15,28,0,15
290,259,249,249,0,234,-15,15
290,266,177,183,6,168,-9,15
436,353,43,43,0,28,-15,15
474,282,39,43,4,28,-11,15
474,283,39,43,4,28,-11,15
474,294,43,43,0,28,-15,15
474,303,39,43,4,28,-11,15
474,304,39,43,4,28,-11,15
254,292,158,167,9,152,-6,15
60,344,56,61,5,46,-10,15
86,343,92,99,7,84,-8,15
315,162,116,117,1,102,-14,15
315,163,117,117,0,102,-15,15
315,166,106,116,10,101,-5,15
214,271,170,178,8,163,-7,15
214,273,169,175,6,160,-9,15
78,232,39,43,4,28,-11,15
337,348,192,199,7,184,-8,15
290,310,111,118,7,103,-8,15
290,311,107,116,9,101,-6,15
474,244,27,31,4,16,-11,15
242,257,124,132,8,117,-7,15
170,307,96,110,14,95,-1,15
65,357,28,43,15,28,0,15
65,358,28,43,15,28,0,15
131,213,253,253,0,238,-15,15
78,225,53,61,8,46,-7,15
148,217,173,177,4,162,-11,15
369,278,202,212,10,197,-5,15
154,373,46,61,15,46,0,15
154,375,68,76,8,61,-7,15
374,491,28,43,15,28,0,15
231,285,137,144,7,129,-8,15
141,368,99,105,6,90,-9,15
185,293,185,190,5,175,-10,15
347,271,207,212,5,197,-10,15
347,174,34,43,9,28,-6,15
51,288,59,61,2,46,-13,15
575,66,14,15,1,0,-14,15
374,492,39,43,4,28,-11,15
453,344,213,223,10,208,-5,15
454,66,32,36,4,21,-11,15
347,247,224,234,10,220,-4,14
575,513,0,14,14,0,0,14
282,358,145,155,10,141,-4,14
454,67,30,36,6,22,-8,14
282,301,101,109,8,95,-6,14
575,65,0,14,14,0,0,14
239,312,142,148,6,134,-8,14
239,311,145,151,6,137,-8,14
239,310,149,154,5,140,-9,14
239,309,152,158,6,144,-8,14
159,309,90,98,8,84,-6,14
575,517,0,14,14,0,0,14
184,313,101,103,2,89,-12,14
185,235,154,165,11,151,-3,14
62,357,53,53,0,39,-14,14
391,327,224,230,6,216,-8,14
159,331,119,129,10,115,-4,14
113,364,76,82,6,68,-8,14
282,291,143,149,6,135,-8,14
574,515,0,14,14,0,0,14
51,244,59,70,11,56,-3,14
184,350,124,131,7,117,-7,14
89,342,109,115,6,101,-8,14
306,222,56,64,8,50,-6,14
108,363,74,80,6,66,-8,14
185,281,182,190,8,176,-6,14
347,278,220,227,7,213,-7,14
246,243,164,174,10,160,-4,14
402,261,203,211,8,197,-6,14
315,152,253,254,1,240,-13,14
302,319,116,125,9,111,-5,14
436,275,206,219,13,205,-1,14
214,275,169,174,5,160,-9,14
60,349,46,53,7,39,-7,14
60,350,43,53,10,39,-4,14
315,164,116,117,1,103,-13,14
214,270,170,178,8,164,-6,14
45,250,84,90,6,76,-8,14
473,339,219,232,13,218,-1,14
195,300,85,92,7,78,-7,14
254,276,156,161,5,147,-9,14
474,339,219,232,13,218,-1,14
242,247,156,156,0,142,-14,14
436,347,221,229,8,215,-6,14
290,304,124,130,6,116,-8,14
290,307,117,124,7,110,-7,14
290,308,114,123,9,109,-5,14
254,306,144,150,6,136,-8,14
254,309,136,142,6,128,-8,14
475,67,31,37,6,23,-8,14
475,244,27,31,4,17,-10,14
436,250,208,214,6,200,-8,14
169,313,117,125,8,111,-6,14
31,321,46,53,7,39,-7,14
516,537,253,253,0,239,-14,14
169,379,53,64,11,50,-3,14
131,244,158,170,12,156,-2,14
402,243,214,220,6,206,-8,14
70,251,43,53,10,39,-4,14
60,351,43,53,10,39,-4,14
314,234,238,242,4,228,-10,14
77,333,46,53,7,39,-7,14
352,87,76,82,6,68,-8,14
171,221,173,180,7,166,-7,14
77,365,46,53,7,39,-7,14
86,347,84,90,6,76,-8,14
86,357,56,64,8,50,-6,14
362,328,225,227,2,213,-12,14
314,356,156,161,5,147,-9,14
222,309,141,144,3,130,-11,14
24,314,43,53,10,39,-4,14
473,244,27,30,3,16,-11,14
338,166,46,53,7,39,-7,14
517,270,171,173,2,159,-12,14
517,273,170,178,8,164,-6,14
272,271,167,173,6,159,-8,14
194,325,155,160,5,146,-9,14
194,347,120,126,6,112,-8,14
91,241,166,170,4,156,-10,14
195,325,154,159,5,145,-9,14
254,327,80,90,10,76,-4,14
228,245,138,142,4,128,-10,14
272,234,250,252,2,238,-12,14
155,241,158,165,7,151,-7,14
337,235,222,228,6,214,-8,14
78,242,50,53,3,39,-11,14
290,291,163,167,4,153,-10,14
214,274,168,174,6,160,-8,14
379,322,226,231,5,217,-9,14
379,335,194,205,11,191,-3,14
44,297,76,80,4,66,-10,14
44,308,64,78,14,64,0,14
107,387,254,254,0,240,-14,14
539,50,254,255,1,241,-13,14
279,284,151,158,7,144,-7,14
279,285,149,155,6,141,-8,14
254,318,105,110,5,96,-9,14
435,343,210,217,7,203,-7,14
168,379,50,64,14,50,0,14
388,242,211,217,6,203,-8,14
388,261,227,231,4,217,-10,14
86,323,155,160,5,146,-9,14
86,324,151,158,7,144,-7,14
437,525,254,254,0,240,-14,14
438,250,206,213,7,199,-7,14
65,368,43,53,10,39,-4,14
379,83,46,53,7,39,-7,14
378,356,212,226,14,212,0,14
314,178,89,96,7,82,-7,14
45,309,76,78,2,64,-12,14
314,226,39,53,14,39,0,14
32,290,124,125,1,111,-13,14
336,351,173,184,11,170,-3,14
168,313,119,126,7,112,-7,14
168,314,125,131,6,117,-8,14
403,252,221,226,5,212,-9,14
32,291,116,124,8,110,-6,14
227,337,92,101,9,87,-5,14
227,355,82,92,10,78,-4,14
228,237,254,254,0,240,-14,14
401,344,207,214,7,200,-7,14
237,252,127,134,7,120,-7,14
388,272,207,215,8,201,-6,14
303,191,115,115,0,101,-14,14
213,282,189,190,1,176,-13,14
114,379,46,53,7,39,-7,14
213,320,122,126,4,112,-10,14
91,349,103,110,7,96,-7,14
91,353,89,96,7,82,-7,14
91,356,76,84,8,70,-6,14
336,475,46,53,7,39,-7,14
232,245,124,137,13,123,-1,14
232,246,124,136,12,122,-2,14
279,286,145,151,6,137,-8,14
279,288,138,145,7,131,-7,14
234,251,139,143,4,129,-10,14
155,277,130,140,10,126,-4,14
32,308,76,82,6,68,-8,14
401,263,209,215,6,201,-8,14
314,177,92,98,6,84,-8,14
338,347,198,204,6,190,-8,14
351,314,56,64,8,50,-6,14
351,339,217,221,4,207,-10,14
213,321,124,126,2,112,-12,14
155,293,180,187,7,173,-7,14
195,347,117,124,7,110,-7,14
379,362,39,53,14,39,0,14
316,162,112,117,5,103,-9,14
316,163,111,117,6,103,-8,14
316,170,93,99,6,85,-8,14
154,284,183,183,0,169,-14,14
154,285,180,183,3,169,-11,14
31,302,70,80,10,66,-4,14
32,302,76,80,4,66,-10,14
144,238,139,145,6,131,-8,14
290,360,123,130,7,116,-7,14
518,132,4,14,10,0,-4,14
255,317,99,107,8,93,-6,14
255,318,99,106,7,92,-7,14
167,366,98,110,12,96,-2,14
129,317,179,181,2,167,-12,14
291,268,179,183,4,169,-10,14
291,305,126,132,6,118,-8,14
44,232,203,206,3,192,-11,14
539,535,254,255,1,241,-13,14
147,296,188,193,5,179,-9,14
302,211,93,99,6,85,-8,14
167,379,53,64,11,50,-3,14
434,324,214,219,5,205,-9,14
434,342,205,214,9,200,-5,14
55,244,61,64,3,50,-11,14
167,306,92,106,14,92,0,14
438,346,213,224,11,210,-3,14
253,303,155,161,6,147,-8,14
154,243,150,158,8,144,-6,14
313,356,156,161,5,147,-9,14
196,325,153,159,6,145,-8,14
336,197,56,64,8,50,-6,14
167,313,123,129,6,115,-8,14
16,333,251,252,1,238,-13,14
279,295,124,129,5,115,-9,14
136,278,50,53,3,39,-11,14
154,293,180,187,7,173,-7,14
400,331,228,231,3,217,-11,14
313,436,253,253,0,239,-14,14
369,280,196,210,14,196,0,14
314,166,111,116,5,102,-9,14
154,298,195,200,5,186,-9,14
196,342,136,143,7,129,-7,14
196,343,131,138,7,124,-7,14
43,308,76,78,2,64,-12,14
291,306,124,131,7,117,-7,14
155,345,66,78,12,64,-2,14
155,381,59,70,11,56,-3,14
316,235,242,242,0,228,-14,14
540,136,6,15,9,1,-5,14
540,137,14,19,5,5,-9,14
241,293,187,192,5,178,-9,14
68,249,43,53,10,39,-4,14
400,257,205,213,8,199,-6,14
400,342,215,221,6,207,-8,14
400,343,211,217,6,203,-8,14
400,354,220,226,6,212,-8,14
131,310,175,182,7,168,-7,14
439,250,206,212,6,198,-8,14
172,227,182,192,10,178,-4,14
400,266,217,223,6,209,-8,14
85,355,56,64,8,50,-6,14
317,162,105,112,7,98,-7,14
433,249,203,209,6,195,-8,14
166,336,151,156,5,142,-9,14
166,338,148,154,6,140,-8,14
317,168,93,101,8,87,-6,14
271,275,149,156,7,142,-7,14
253,292,165,171,6,157,-8,14
253,255,159,164,5,150,-9,14
46,220,247,253,6,239,-8,14
271,354,72,78,6,64,-8,14
316,298,229,233,4,219,-10,14
404,277,236,237,1,223,-13,14
242,264,144,151,7,137,-7,14
242,265,148,155,7,141,-7,14
87,292,193,194,1,180,-13,14
400,263,202,213,11,199,-3,14
63,358,50,53,3,39,-11,14
166,312,120,128,8,114,-6,14
43,277,93,98,5,84,-9,14
387,339,195,206,11,192,-3,14
271,277,143,149,6,135,-8,14
271,284,122,126,4,112,-10,14
303,211,92,98,6,84,-8,14
25,278,133,139,6,125,-8,14
303,319,123,128,5,114,-9,14
378,271,212,220,8,206,-6,14
242,288,184,190,6,176,-8,14
242,289,186,192,6,178,-8,14
351,236,222,227,5,213,-9,14
128,330,150,154,4,140,-10,14
335,179,46,53,7,39,-7,14
335,197,56,64,8,50,-6,14
241,312,144,151,7,137,-7,14
241,314,135,143,8,129,-6,14
197,308,56,64,8,50,-6,14
405,244,219,224,5,210,-9,14
405,252,214,220,6,206,-8,14
256,279,151,158,7,144,-7,14
353,87,72,80,8,66,-6,14
256,304,134,142,8,128,-6,14
166,230,183,193,10,179,-4,14
87,252,180,184,4,170,-10,14
363,319,219,225,6,211,-8,14
215,332,122,129,7,115,-7,14
60,278,50,53,3,39,-11,14
197,305,56,64,8,50,-6,14
226,335,106,112,6,98,-8,14
43,224,250,253,3,239,-11,14
317,214,84,84,0,70,-14,14
276,285,134,144,10,130,-4,14
541,137,13,19,6,5,-8,14
301,222,61,70,9,56,-5,14
291,299,141,147,6,133,-8,14
432,343,216,222,6,208,-8,14
335,178,50,53,3,39,-11,14
252,304,156,164,8,150,-6,14
252,313,127,133,6,119,-8,14
143,368,102,106,4,92,-10,14
289,230,247,250,3,236,-11,14
232,286,129,137,8,123,-6,14
226,332,124,130,6,116,-8,14
256,323,76,84,8,70,-6,14
256,324,74,84,10,70,-4,14
241,287,176,184,8,170,-6,14
212,316,137,145,8,131,-6,14
212,285,192,194,2,180,-12,14
156,243,165,170,5,156,-9,14
33,311,56,70,14,56,0,14
85,320,155,160,5,146,-9,14
110,368,46,53,7,39,-7,14
351,87,80,84,4,70,-10,14
143,313,61,70,9,56,-5,14
275,300,85,90,5,76,-9,14
173,301,173,177,4,163,-10,14
242,313,143,149,6,135,-8,14
242,314,138,145,7,131,-7,14
368,324,224,228,4,214,-10,14
389,264,208,216,8,202,-6,14
520,134,18,22,4,8,-10,14
313,178,95,99,4,85,-10,14
313,226,39,53,14,39,0,14
153,338,112,115,3,101,-11,14
313,232,224,233,9,219,-5,14
79,242,46,53,7,39,-7,14
257,258,166,170,4,156,-10,14
353,336,218,223,5,209,-9,14
431,342,215,221,6,207,-8,14
276,280,150,157,7,143,-7,14
77,247,64,64,0,50,-14,14
469,254,205,209,4,195,-10,14
77,246,61,64,3,50,-11,14
46,304,59,70,11,56,-3,14
165,312,123,129,6,115,-8,14
165,326,156,160,4,146,-10,14
197,341,138,145,7,131,-7,14
197,342,134,141,7,127,-7,14
197,343,129,136,7,122,-7,14
197,344,124,131,7,117,-7,14
276,282,144,151,7,137,-7,14
276,284,138,146,8,132,-6,14
117,371,43,53,10,39,-4,14
405,345,208,215,7,201,-7,14
317,447,254,254,0,240,-14,14
318,158,111,116,5,102,-9,14
90,355,76,84,8,70,-6,14
303,359,143,149,6,135,-8,14
252,274,159,164,5,150,-9,14
192,362,109,115,6,101,-8,14
61,279,50,53,3,39,-11,14
399,342,214,220,6,206,-8,14
399,343,207,215,8,201,-6,14
378,272,208,216,8,202,-6,14
77,211,127,140,13,126,-1,14
77,227,46,53,7,39,-7,14
197,346,116,123,7,109,-7,14
197,347,112,119,7,105,-7,14
197,348,106,115,9,101,-5,14
144,295,172,178,6,164,-8,14
380,362,39,53,14,39,0,14
431,249,204,210,6,196,-8,14
288,303,110,120,10,106,-4,14
173,379,59,64,5,50,-9,14
136,370,102,103,1,89,-13,14
278,362,145,156,11,142,-3,14
76,365,43,53,10,39,-4,14
251,309,144,152,8,138,-6,14
191,348,125,130,5,116,-9,14
143,294,164,172,8,158,-6,14
566,140,27,34,7,20,-7,14
399,326,185,199,14,185,0,14
312,434,254,254,0,240,-14,14
431,274,223,225,2,211,-12,14
431,275,212,225,13,211,-1,14
334,273,61,70,9,56,-5,14
232,302,76,90,14,76,0,14
292,297,151,158,7,144,-7,14
292,298,147,155,8,141,-6,14
406,252,212,217,5,203,-9,14
406,254,201,210,9,196,-5,14
61,277,50,53,3,39,-11,14
251,311,137,144,7,130,-7,14
76,378,39,53,14,39,0,14
174,301,172,177,5,163,-9,14
351,85,70,80,10,66,-4,14
132,242,160,170,10,156,-4,14
156,287,173,181,8,167,-6,14
156,291,167,176,9,162,-5,14
211,319,130,139,9,125,-5,14
92,351,101,107,6,93,-8,14
241,244,158,167,9,153,-5,14
92,239,157,164,7,150,-7,14
92,240,163,169,6,155,-8,14
60,247,70,78,8,64,-6,14
156,298,190,197,7,183,-7,14
132,243,167,170,3,156,-11,14
132,244,167,170,3,156,-11,14
304,221,64,70,6,56,-8,14
304,222,56,64,8,50,-6,14
87,294,189,191,2,177,-12,14
87,295,185,189,4,175,-10,14
87,296,180,186,6,172,-8,14
85,290,191,194,3,180,-11,14
511,131,0,14,14,0,0,14
361,319,214,219,5,205,-9,14
241,251,120,128,8,114,-6,14
165,276,182,184,2,170,-12,14
406,260,212,219,7,205,-7,14
406,261,215,221,6,207,-8,14
110,365,61,70,9,56,-5,14
87,297,175,183,8,169,-6,14
136,375,56,64,8,50,-6,14
251,310,140,148,8,134,-6,14
42,294,90,90,0,76,-14,14
198,345,117,124,7,110,-7,14
198,347,109,116,7,102,-7,14
430,249,204,211,7,197,-7,14
430,274,225,226,1,212,-13,14
430,275,213,226,13,212,-1,14
334,183,46,53,7,39,-7,14
334,184,46,53,7,39,-7,14
257,301,138,144,6,130,-8,14
90,351,95,101,6,87,-8,14
174,311,101,109,8,95,-6,14
73,226,43,53,10,39,-4,14
73,227,39,53,14,39,0,14
175,301,171,177,6,163,-8,14
90,352,89,96,7,82,-7,14
304,220,68,78,10,64,-4,14
69,370,46,53,7,39,-7,14
364,239,217,222,5,208,-9,14
467,326,215,216,1,202,-13,14
350,339,221,221,0,207,-14,14
257,303,133,140,7,126,-7,14
165,300,178,184,6,170,-8,14
354,264,224,229,5,215,-9,14
198,348,105,112,7,98,-7,14
406,325,218,222,4,208,-10,14
370,274,226,230,4,216,-10,14
153,291,163,173,10,159,-4,14
191,361,101,110,9,96,-5,14
251,314,125,132,7,118,-7,14
312,314,244,247,3,233,-11,14
238,253,125,132,7,118,-7,14
222,364,253,254,1,240,-13,14
175,313,111,116,5,102,-9,14
66,251,43,53,10,39,-4,14
153,298,195,200,5,186,-9,14
406,345,210,216,6,202,-8,14
292,312,111,119,8,105,-6,14
97,361,74,78,4,64,-10,14
198,341,136,143,7,129,-7,14
198,342,131,138,7,124,-7,14
198,344,122,129,7,115,-7,14
429,349,228,236,8,222,-6,14
114,364,78,84,6,70,-8,14
42,277,98,103,5,89,-9,14
334,171,59,64,5,50,-9,14
216,332,124,129,5,115,-9,14
521,274,169,170,1,156,-13,14
273,273,164,170,6,156,-8,14
120,368,74,80,6,66,-8,14
47,287,80,80,0,66,-14,14
389,242,211,216,5,202,-9,14
148,372,61,64,3,50,-11,14
90,365,39,53,14,39,0,14
334,172,56,64,8,50,-6,14
164,369,117,120,3,106,-11,14
226,362,254,255,1,241,-13,14
144,316,64,64,0,50,-14,14
144,317,61,64,3,50,-11,14
42,279,90,98,8,84,-6,14
116,371,43,53,10,39,-4,14
300,362,126,132,6,118,-8,14
90,344,107,115,8,101,-6,14
137,246,92,106,14,92,0,14
175,311,98,109,11,95,-3,14
251,294,173,181,8,167,-6,14
251,296,169,178,9,164,-5,14
251,297,167,175,8,161,-6,14
257,323,70,84,14,70,0,14
211,315,145,151,6,137,-8,14
361,238,216,222,6,208,-8,14
361,280,227,230,3,216,-11,14
319,158,109,116,7,102,-7,14
270,282,125,128,3,114,-11,14
156,341,90,92,2,78,-12,14
251,304,160,167,7,153,-7,14
251,305,156,164,8,150,-6,14
251,306,154,161,7,147,-7,14
251,307,151,158,7,144,-7,14
466,326,215,216,1,202,-13,14
228,336,95,103,8,89,-6,14
236,249,119,129,10,115,-4,14
156,342,87,90,3,76,-11,14
156,344,72,80,8,66,-6,14
156,345,70,80,10,66,-4,14
333,200,50,53,3,39,-11,14
114,369,50,53,3,39,-11,14
354,325,215,220,5,206,-9,14
429,249,205,211,6,197,-8,14
164,300,177,184,7,170,-7,14
164,310,110,116,6,102,-8,14
312,226,43,53,10,39,-4,14
217,268,167,169,2,155,-12,14
312,231,219,230,11,216,-3,14
175,309,98,109,11,95,-3,14
175,355,123,128,5,114,-9,14
341,80,254,254,0,240,-14,14
443,274,210,215,5,201,-9,14
190,361,99,110,11,96,-3,14
250,322,112,117,5,103,-9,14
280,288,142,148,6,134,-8,14
90,337,128,134,6,120,-8,14
398,256,217,223,6,209,-8,14
114,365,72,78,6,64,-8,14
232,303,78,90,12,76,-2,14
232,304,82,92,10,78,-4,14
293,271,177,178,1,164,-13,14
381,233,72,84,12,70,-2,14
135,307,160,167,7,153,-7,14
276,294,114,119,5,105,-9,14
312,195,99,103,4,89,-10,14
312,218,74,82,8,68,-6,14
176,301,169,177,8,163,-6,14
350,236,223,227,4,213,-10,14
442,325,215,218,3,204,-11,14
176,232,175,186,11,172,-3,14
147,247,128,131,3,117,-11,14
407,252,208,215,7,201,-7,14
270,275,145,152,7,138,-7,14
407,288,53,53,0,39,-14,14
85,233,43,53,10,39,-4,14
276,299,90,99,9,85,-5,14
428,332,216,222,6,208,-8,14
428,349,226,236,10,222,-4,14
144,318,56,64,8,50,-6,14
300,325,122,123,1,109,-13,14
386,319,180,188,8,174,-6,14
466,60,254,254,0,240,-14,14
243,264,141,148,7,134,-7,14
176,354,126,131,5,117,-9,14
128,221,39,53,14,39,0,14
312,158,252,253,1,239,-13,14
153,229,155,156,1,142,-13,14
312,171,107,112,5,98,-9,14
236,252,132,138,6,124,-8,14
199,343,124,131,7,117,-7,14
163,375,43,53,10,39,-4,14
333,181,56,64,8,50,-6,14
293,297,155,161,6,147,-8,14
293,300,148,153,5,139,-9,14
97,365,59,64,5,50,-9,14
232,299,78,90,12,76,-2,14
176,356,114,123,9,109,-5,14
250,307,156,161,5,147,-9,14
66,249,59,64,5,50,-9,14
226,308,114,125,11,111,-3,14
34,311,64,70,6,56,-8,14
157,215,162,170,8,156,-6,14
84,347,70,78,8,64,-6,14
332,464,43,53,10,39,-4,14
333,111,107,115,8,101,-6,14
333,178,59,64,5,50,-9,14
333,179,59,64,5,50,-9,14
407,289,50,53,3,39,-11,14
56,244,56,64,8,50,-6,14
240,302,168,174,6,160,-8,14
333,112,110,115,5,101,-9,14
522,274,167,169,2,155,-12,14
153,245,143,148,5,134,-9,14
398,259,202,211,9,197,-5,14
398,265,207,214,7,200,-7,14
101,234,146,151,5,137,-9,14
280,297,118,125,7,111,-7,14
280,298,114,120,6,106,-8,14
280,299,109,115,6,101,-8,14
276,293,116,123,7,109,-7,14
319,451,255,255,0,241,-14,14
408,257,203,211,8,197,-6,14
408,259,216,221,5,207,-9,14
233,316,103,110,7,96,-7,14
233,317,103,110,7,96,-7,14
287,363,112,124,12,110,-2,14
377,329,223,229,6,215,-8,14
53,292,46,53,7,39,-7,14
153,220,148,157,9,143,-5,14
333,180,59,64,5,50,-9,14
135,304,168,174,6,160,-8,14
311,357,148,156,8,142,-6,14
311,358,143,149,6,135,-8,14
233,332,101,107,6,93,-8,14
80,242,43,53,10,39,-4,14
200,343,123,129,6,115,-8,14
427,323,217,217,0,203,-14,14
427,332,214,221,7,207,-7,14
200,289,174,178,4,164,-10,14
130,278,190,193,3,179,-11,14
76,246,50,64,14,50,0,14
76,247,59,64,5,50,-9,14
76,256,46,53,7,39,-7,14
76,257,46,53,7,39,-7,14
350,179,46,53,7,39,-7,14
73,236,64,70,6,56,-8,14
443,325,215,218,3,204,-11,14
250,294,180,186,6,172,-8,14
250,304,164,170,6,156,-8,14
465,326,215,217,2,203,-12,14
275,282,140,147,7,133,-7,14
275,283,137,144,7,130,-7,14
163,367,98,109,11,95,-3,14
210,306,180,182,2,168,-12,14
293,310,126,130,4,116,-10,14
381,270,206,214,8,200,-6,14
300,219,85,90,5,76,-9,14
223,299,149,159,10,145,-4,14
275,284,134,142,8,128,-6,14
63,253,61,64,3,50,-11,14
273,277,150,156,6,142,-8,14
311,356,156,162,6,148,-8,14
397,342,209,216,7,202,-7,14
65,249,56,64,8,50,-6,14
293,313,110,117,7,103,-7,14
226,297,136,144,8,130,-6,14
293,306,137,142,5,128,-9,14
210,296,175,184,9,170,-5,14
84,310,149,154,5,140,-9,14
84,318,151,156,5,142,-9,14
111,368,46,53,7,39,-7,14
320,218,53,64,11,50,-3,14
320,355,161,168,7,154,-7,14
200,342,127,134,7,120,-7,14
240,300,177,181,4,167,-10,14
258,300,135,141,6,127,-8,14
157,245,169,173,4,159,-10,14
273,287,120,126,6,112,-8,14
275,281,143,150,7,136,-7,14
87,349,85,92,7,78,-7,14
73,248,66,70,4,56,-10,14
75,365,46,53,7,39,-7,14
229,290,137,140,3,126,-11,14
229,291,135,137,2,123,-12,14
177,300,176,181,5,167,-9,14
177,301,167,177,10,163,-4,14
444,325,215,217,2,203,-12,14
76,227,46,53,7,39,-7,14
250,260,96,110,14,96,0,14
177,320,149,155,6,141,-8,14
177,354,124,130,6,116,-8,14
287,211,253,253,0,239,-14,14
217,332,122,129,7,115,-7,14
163,310,107,115,8,101,-6,14
163,313,126,131,5,117,-9,14
61,354,50,53,3,39,-11,14
61,355,50,53,3,39,-11,14
321,159,96,106,10,92,-4,14
299,337,207,217,10,203,-4,14
146,313,64,70,6,56,-8,14
409,326,215,220,5,206,-9,14
129,345,114,117,3,103,-11,14
225,336,102,109,7,95,-7,14
258,322,70,84,14,70,0,14
41,279,84,98,14,84,0,14
163,309,102,110,8,96,-6,14
157,300,177,184,7,170,-7,14
355,325,218,224,6,210,-8,14
355,338,218,223,5,209,-9,14
320,454,255,255,0,241,-14,14
87,346,90,98,8,84,-6,14
189,365,137,138,1,124,-13,14
178,300,177,181,4,167,-10,14
321,160,96,103,7,89,-7,14
321,188,70,84,14,70,0,14
157,292,176,181,5,167,-9,14
426,71,38,38,0,24,-14,14
278,282,152,160,8,146,-6,14
269,273,150,156,6,142,-8,14
269,274,147,152,5,138,-9,14
269,276,138,145,7,131,-7,14
249,308,156,162,6,148,-8,14
249,309,152,158,6,144,-8,14
178,311,93,106,13,92,-1,14
178,318,133,142,9,128,-5,14
349,331,211,217,6,203,-8,14
138,346,72,78,6,64,-8,14
105,362,74,80,6,66,-8,14
87,341,101,109,8,95,-6,14
87,342,99,106,7,92,-7,14
87,344,95,101,6,87,-8,14
87,345,92,99,7,85,-7,14
127,331,151,157,6,143,-8,14
269,277,134,142,8,128,-6,14
269,278,132,139,7,125,-7,14
409,244,212,219,7,205,-7,14
84,265,188,192,4,178,-10,14
259,329,56,70,14,56,0,14
59,277,50,53,3,39,-11,14
275,279,149,156,7,142,-7,14
275,290,120,126,6,112,-8,14
178,320,149,155,6,141,-8,14
133,243,170,170,0,156,-14,14
22,281,89,99,10,85,-4,14
146,296,183,188,5,174,-9,14
146,297,184,188,4,174,-10,14
299,351,158,165,7,151,-7,14
386,263,223,228,5,214,-9,14
331,310,35,42,7,28,-7,14
331,242,244,244,0,230,-14,14
381,362,39,53,14,39,0,14
65,251,46,53,7,39,-7,14
225,334,112,120,8,106,-6,14
65,237,59,70,11,56,-3,14
523,274,167,167,0,153,-14,14
311,218,76,82,6,68,-8,14
178,354,122,128,6,114,-8,14
249,313,135,143,8,129,-6,14
249,314,132,139,7,125,-7,14
65,239,61,70,9,56,-5,14
225,337,99,106,7,92,-7,14
144,369,106,106,0,92,-14,14
356,236,219,224,5,210,-9,14
425,331,214,221,7,207,-7,14
163,216,165,169,4,155,-10,14
488,259,192,196,4,182,-10,14
386,266,208,217,9,203,-5,14
386,273,204,213,9,199,-5,14
386,275,214,218,4,204,-10,14
105,364,61,70,9,56,-5,14
377,273,205,213,8,199,-6,14
189,351,107,116,9,102,-5,14
189,361,98,110,12,96,-2,14
396,341,212,218,6,204,-8,14
396,342,207,214,7,200,-7,14
331,126,112,120,8,106,-6,14
35,313,64,64,0,50,-14,14
410,256,201,210,9,196,-5,14
35,285,74,82,8,68,-6,14
59,247,78,78,0,64,-14,14
209,294,186,192,6,178,-8,14
425,71,38,38,0,24,-14,14
425,249,202,209,7,195,-7,14
356,260,226,228,2,214,-12,14
445,325,214,217,3,203,-11,14
141,301,160,163,3,149,-11,14
179,216,252,253,1,239,-13,14
524,133,3,15,12,1,-2,14
524,53,253,253,0,239,-14,14
152,294,186,194,8,180,-6,14
65,238,59,70,11,56,-3,14
201,345,109,117,8,103,-6,14
294,212,102,110,8,96,-6,14
93,353,93,101,8,87,-6,14
299,272,246,246,0,232,-14,14
555,138,3,16,13,2,-1,14
225,328,130,134,4,120,-10,14
293,378,39,42,3,28,-11,14
410,244,210,217,7,203,-7,14
410,329,192,202,10,188,-4,14
142,368,102,106,4,92,-10,14
249,297,177,184,7,170,-7,14
48,290,66,70,4,56,-10,14
249,259,99,110,11,96,-3,14
189,229,183,188,5,174,-9,14
488,327,213,215,2,201,-12,14
259,318,72,82,10,68,-4,14
234,333,93,101,8,87,-6,14
162,309,101,107,6,93,-8,14
162,319,162,163,1,149,-13,14
330,352,178,184,6,170,-8,14
68,230,56,64,8,50,-6,14
64,249,56,64,8,50,-6,14
424,250,207,214,7,200,-7,14
424,248,195,202,7,188,-7,14
35,311,66,70,4,56,-10,14
118,366,76,82,6,68,-8,14
365,295,50,53,3,39,-11,14
396,329,224,230,6,216,-8,14
330,473,253,254,1,240,-13,14
331,104,253,253,0,239,-14,14
260,295,120,128,8,114,-6,14
260,296,120,128,8,114,-6,14
188,351,111,119,8,105,-6,14
64,248,61,70,9,56,-5,14
322,185,74,80,6,66,-8,14
382,277,210,217,7,203,-7,14
322,191,84,92,8,78,-6,14
424,340,222,227,5,213,-9,14
260,315,74,84,10,70,-4,14
489,334,217,230,13,216,-1,14
424,249,201,208,7,194,-7,14
188,361,96,109,13,95,-1,14
446,251,209,215,6,201,-8,14
570,66,14,14,0,0,-14,14
152,298,194,200,6,186,-8,14
87,356,64,70,6,56,-8,14
365,281,207,217,10,203,-4,14
90,244,170,174,4,160,-10,14
138,353,64,70,6,56,-8,14
305,191,98,106,8,92,-6,14
244,244,164,170,6,156,-8,14
244,248,151,156,5,142,-9,14
75,265,43,53,10,39,-4,14
75,266,43,53,10,39,-4,14
179,320,149,155,6,141,-8,14
396,257,220,225,5,211,-9,14
310,317,240,251,11,237,-3,14
396,267,210,217,7,203,-7,14
122,217,39,53,14,39,0,14
137,301,167,172,5,158,-9,14
310,357,149,157,8,143,-6,14
244,257,117,123,6,109,-8,14
179,312,92,99,7,85,-7,14
115,371,39,53,14,39,0,14
208,304,178,184,6,170,-8,14
62,231,53,64,11,50,-3,14
105,365,56,64,8,50,-6,14
48,320,53,64,11,50,-3,14
179,354,118,125,7,111,-7,14
87,378,53,53,0,39,-14,14
273,301,70,78,8,64,-6,14
360,238,218,224,6,210,-8,14
80,345,46,53,7,39,-7,14
40,308,56,64,8,50,-6,14
240,251,114,128,14,114,0,14
330,182,74,80,6,66,-8,14
330,183,74,80,6,66,-8,14
80,344,46,53,7,39,-7,14
202,292,182,187,5,173,-9,14
424,107,28,35,7,21,-7,14
248,314,136,143,7,129,-7,14
180,305,149,157,8,143,-6,14
447,251,208,215,7,201,-7,14
188,282,170,178,8,164,-6,14
376,337,222,226,4,212,-10,14
179,382,253,254,1,240,-13,14
310,218,76,82,6,68,-8,14
310,219,70,78,8,64,-6,14
240,244,159,167,8,153,-6,14
65,240,61,70,9,56,-5,14
294,273,178,181,3,167,-11,14
294,312,117,124,7,110,-7,14
294,214,90,99,9,85,-5,14
299,219,87,90,3,76,-11,14
385,341,207,213,6,199,-8,14
83,348,64,70,6,56,-8,14
447,237,28,35,7,21,-7,14
330,132,107,116,9,102,-5,14
145,223,66,70,4,56,-10,14
145,224,68,78,10,64,-4,14
411,248,213,218,5,204,-9,14
411,249,210,216,6,202,-8,14
208,309,156,164,8,150,-6,14
411,244,209,215,6,201,-8,14
83,355,46,53,7,39,-7,14
370,333,224,227,3,213,-11,14
299,213,84,96,12,82,-2,14
56,341,59,64,5,50,-9,14
423,249,200,207,7,193,-7,14
423,250,206,213,7,199,-7,14
202,343,117,124,7,110,-7,14
202,344,114,120,6,106,-8,14
188,226,180,186,6,172,-8,14
52,310,46,53,7,39,-7,14
571,66,14,14,0,0,-14,14
390,263,208,217,9,203,-5,14
119,229,146,151,5,137,-9,14
119,366,78,84,6,70,-8,14
329,352,178,184,6,170,-8,14
423,66,252,253,1,239,-13,14
423,107,28,35,7,21,-7,14
223,305,158,158,0,144,-14,14
158,309,87,96,9,82,-5,14
374,274,210,216,6,202,-8,14
374,275,205,213,8,199,-6,14
142,323,53,64,11,50,-3,14
188,349,123,128,5,114,-9,14
344,246,226,238,12,224,-2,14
158,272,119,130,11,116,-3,14
71,251,50,53,3,39,-11,14
161,349,124,129,5,115,-9,14
161,328,117,126,9,112,-5,14
140,331,76,78,2,64,-12,14
140,333,78,80,2,66,-12,14
140,337,84,84,0,70,-14,14
19,312,46,53,7,39,-7,14
19,313,50,53,3,39,-11,14
382,332,223,228,5,214,-9,14
64,366,43,53,10,39,-4,14
63,231,50,64,14,50,0,14
75,246,50,64,14,50,0,14
75,247,59,64,5,50,-9,14
180,320,150,155,5,141,-9,14
188,225,181,186,5,172,-9,14
151,374,53,64,11,50,-3,14
394,340,212,218,6,204,-8,14
394,341,207,214,7,200,-7,14
64,367,43,53,10,39,-4,14
64,368,39,53,14,39,0,14
491,327,210,213,3,199,-11,14
161,359,112,117,5,103,-9,14
56,355,50,53,3,39,-11,14
422,246,184,189,5,175,-9,14
422,250,205,212,7,198,-7,14
329,239,228,239,11,225,-3,14
527,135,16,19,3,5,-11,14
88,329,148,154,6,140,-8,14
62,236,56,64,8,50,-6,14
62,244,61,70,9,56,-5,14
390,273,218,224,6,210,-8,14
75,226,46,53,7,39,-7,14
238,315,124,132,8,118,-6,14
412,244,206,213,7,199,-7,14
412,248,207,215,8,201,-6,14
412,249,204,213,9,199,-5,14
411,352,214,220,6,206,-8,14
83,314,144,151,7,137,-7,14
36,288,72,80,8,66,-6,14
36,290,72,84,12,70,-2,14
112,363,78,84,6,70,-8,14
422,107,28,35,7,21,-7,14
181,234,166,173,7,159,-7,14
285,252,248,248,0,234,-14,14
142,291,152,157,5,143,-9,14
285,295,135,143,8,129,-6,14
151,373,50,64,14,50,0,14
88,300,172,178,6,164,-8,14
122,377,50,53,3,39,-11,14
122,378,43,53,10,39,-4,14
412,332,194,204,10,190,-4,14
412,346,213,219,6,205,-8,14
161,327,120,128,8,114,-6,14
329,226,39,53,14,39,0,14
19,314,50,53,3,39,-11,14
268,244,160,169,9,155,-5,14
281,289,143,149,6,135,-8,14
376,328,227,231,4,217,-10,14
52,311,39,53,14,39,0,14
151,372,61,64,3,50,-11,14
248,271,162,167,5,153,-9,14
348,330,207,213,6,199,-8,14
448,251,208,214,6,200,-8,14
385,267,207,216,9,202,-5,14
267,312,53,64,11,50,-3,14
36,306,53,64,11,50,-3,14
36,307,61,64,3,50,-11,14
295,332,101,107,6,93,-8,14
261,314,70,80,10,66,-4,14
323,191,87,92,5,78,-9,14
146,282,95,103,8,89,-6,14
161,267,137,140,3,126,-11,14
40,226,249,253,4,239,-10,14
357,86,56,64,8,50,-6,14
421,330,211,220,9,206,-5,14
323,214,59,64,5,50,-9,14
323,215,56,64,8,50,-6,14
309,218,78,84,6,70,-8,14
88,247,170,176,6,162,-8,14
49,322,50,64,14,50,0,14
49,323,61,64,3,50,-11,14
187,314,90,96,6,82,-8,14
74,318,43,53,10,39,-4,14
248,243,165,174,9,160,-5,14
187,323,160,163,3,149,-11,14
284,312,85,92,7,78,-7,14
284,357,140,152,12,138,-2,14
12,312,253,253,0,239,-14,14
274,279,145,152,7,138,-7,14
309,182,99,109,10,95,-4,14
88,346,95,101,6,87,-8,14
348,314,50,53,3,39,-11,14
181,306,143,149,6,135,-8,14
394,261,206,215,9,201,-5,14
394,269,211,220,9,206,-5,14
533,136,14,19,5,5,-9,14
244,330,98,103,5,89,-9,14
374,241,212,220,8,206,-6,14
187,340,153,160,7,146,-7,14
187,350,119,125,6,111,-8,14
49,313,56,64,8,50,-6,14
203,318,137,141,4,127,-10,14
329,127,119,119,0,105,-14,14
329,128,119,119,0,105,-14,14
161,266,140,143,3,129,-11,14
295,214,90,98,8,84,-6,14
295,223,61,70,9,56,-5,14
207,341,107,116,9,102,-5,14
413,330,194,204,10,190,-4,14
181,363,98,110,12,96,-2,14
49,321,50,64,14,50,0,14
274,247,168,170,2,156,-12,14
274,274,165,170,5,156,-9,14
28,304,96,98,2,84,-12,14
274,277,153,160,7,146,-7,14
274,278,150,156,6,142,-8,14
62,253,53,64,11,50,-3,14
89,364,43,53,10,39,-4,14
223,334,112,120,8,106,-6,14
421,250,203,211,8,197,-6,14
421,251,209,216,7,202,-7,14
328,352,178,184,6,170,-8,14
268,226,253,253,0,239,-14,14
323,238,242,245,3,231,-11,14
83,283,195,197,2,183,-12,14
413,346,215,221,6,207,-8,14
533,135,7,15,8,1,-6,14
284,251,242,248,6,234,-8,14
142,287,116,124,8,110,-6,14
12,280,252,252,0,238,-14,14
284,300,109,116,7,102,-7,14
231,306,87,98,11,84,-3,14
298,279,175,180,5,166,-9,14
262,282,111,117,6,103,-8,14
421,329,218,223,5,209,-9,14
203,344,110,117,7,103,-7,14
161,261,142,150,8,136,-6,14
161,263,149,150,1,136,-13,14
121,368,78,82,4,68,-10,14
88,343,101,109,8,95,-6,14
88,344,99,106,7,92,-7,14
366,276,226,231,5,217,-9,14
366,295,50,53,3,39,-11,14
203,367,253,254,1,240,-13,14
420,330,209,218,9,204,-5,14
420,335,196,208,12,194,-2,14
421,107,28,35,7,21,-7,14
203,342,120,126,6,112,-8,14
420,251,207,214,7,200,-7,14
239,251,114,128,14,114,0,14
112,381,59,64,5,50,-9,14
207,310,150,156,6,142,-8,14
39,303,78,80,2,66,-12,14
39,308,56,64,8,50,-6,14
19,319,46,53,7,39,-7,14
372,272,225,230,5,216,-9,14
328,226,39,53,14,39,0,14
74,316,43,53,10,39,-4,14
572,542,254,254,0,240,-14,14
149,373,50,64,14,50,0,14
149,378,59,64,5,50,-9,14
151,294,187,194,7,180,-7,14
151,298,194,199,5,185,-9,14
21,299,56,64,8,50,-6,14
298,219,87,92,5,78,-9,14
382,340,214,218,4,204,-10,14
295,351,148,157,9,143,-5,14
295,362,123,132,9,118,-5,14
62,279,50,53,3,39,-11,14
449,343,205,215,10,201,-4,14
142,285,109,115,6,101,-8,14
103,362,72,80,8,66,-6,14
187,232,192,194,2,180,-12,14
181,370,59,64,5,50,-9,14
74,315,43,53,10,39,-4,14
281,363,147,149,2,135,-12,14
573,65,0,14,14,0,0,14
74,317,43,53,10,39,-4,14
247,312,147,153,6,139,-8,14
88,363,39,53,14,39,0,14
305,222,56,64,8,50,-6,14
420,107,28,35,7,21,-7,14
160,380,76,80,4,66,-10,14
160,382,72,80,8,66,-6,14
39,299,61,70,9,56,-5,14
203,340,128,134,6,120,-8,14
383,265,225,230,5,216,-9,14
39,284,85,92,7,78,-7,14
305,325,232,234,2,220,-12,14
393,339,214,221,7,207,-7,14
63,211,252,252,0,238,-14,14
244,356,84,96,12,82,-2,14
450,251,206,213,7,199,-7,14
182,296,192,198,6,184,-8,14
187,227,176,180,4,166,-10,14
328,134,111,120,9,106,-5,14
328,181,78,90,12,76,-2,14
328,182,84,90,6,76,-8,14
113,379,50,53,3,39,-11,14
113,381,59,64,5,50,-9,14
204,341,120,128,8,114,-6,14
298,362,126,133,7,119,-7,14
187,228,174,177,3,163,-11,14
187,229,167,176,9,162,-5,14
186,351,116,123,7,109,-7,14
458,60,253,254,1,240,-13,14
281,299,111,117,6,103,-8,14
158,383,61,70,9,56,-5,14
135,368,90,101,11,87,-3,14
502,263,166,174,8,160,-6,14
502,264,172,177,5,163,-9,14
327,352,178,184,6,170,-8,14
207,332,132,141,9,127,-5,14
324,144,116,120,4,106,-10,14
324,148,103,110,7,96,-7,14
324,149,103,107,4,93,-10,14
324,212,61,64,3,50,-11,14
324,187,89,90,1,76,-13,14
324,188,82,90,8,76,-6,14
88,355,70,78,8,64,-6,14
247,313,143,150,7,136,-7,14
449,527,252,253,1,239,-13,14
50,256,70,78,8,64,-6,14
274,282,136,143,7,129,-7,14
274,283,133,140,7,126,-7,14
274,287,124,130,6,116,-8,14
142,239,131,138,7,124,-7,14
230,283,146,154,8,140,-6,14
182,309,123,128,5,114,-9,14
346,94,85,96,11,82,-3,14
151,224,70,82,12,68,-2,14
393,258,223,229,6,215,-8,14
89,350,93,99,6,85,-8,14
89,351,90,96,6,82,-8,14
89,361,56,64,8,50,-6,14
149,368,107,107,0,93,-14,14
450,343,210,215,5,201,-9,14
186,379,252,252,0,238,-14,14
149,372,61,64,3,50,-11,14
573,516,0,14,14,0,0,14
274,281,139,145,6,131,-8,14
296,213,93,101,8,87,-6,14
232,315,96,103,7,89,-7,14
296,223,59,70,11,56,-3,14
419,252,211,217,6,203,-8,14
160,322,132,144,12,130,-2,14
324,189,80,90,10,76,-4,14
327,353,171,178,7,164,-7,14
160,340,82,92,10,78,-4,14
495,261,179,184,5,170,-9,14
359,237,216,223,7,209,-7,14
414,327,221,224,3,210,-11,14
37,289,72,82,10,68,-4,14
37,291,74,78,4,64,-10,14
37,292,66,78,12,64,-2,14
247,260,112,123,11,109,-3,14
281,296,125,132,7,118,-7,14
281,297,120,128,8,114,-6,14
183,296,197,203,6,189,-8,14
50,311,43,53,10,39,-4,14
20,296,61,70,9,56,-5,14
327,226,39,53,14,39,0,14
277,281,151,158,7,144,-7,14
277,283,146,152,6,138,-8,14
277,286,135,144,9,130,-5,14
146,228,145,145,0,131,-14,14
186,280,189,192,3,178,-11,14
283,225,66,78,12,64,-2,14
281,301,98,107,9,93,-5,14
348,83,78,84,6,70,-8,14
573,515,0,14,14,0,0,14
307,310,139,147,8,133,-6,14
159,250,165,170,5,156,-9,14
160,290,172,178,6,164,-8,14
206,334,133,139,6,125,-8,14
207,302,177,184,7,170,-7,14
324,354,170,173,3,159,-11,14
415,254,210,217,7,203,-7,14
384,324,226,231,5,217,-9,14
359,85,46,53,7,39,-7,14
135,375,53,64,11,50,-3,14
327,146,95,106,11,92,-3,14
205,296,171,180,9,166,-5,14
327,181,82,90,8,76,-6,14
359,76,254,254,0,240,-14,14
392,355,220,232,12,218,-2,14
66,368,50,53,3,39,-11,14
574,65,0,14,14,0,0,14
247,264,130,137,7,123,-7,14
247,265,134,141,7,127,-7,14
183,314,89,101,12,87,-2,14
392,278,231,238,7,224,-7,14
150,352,87,96,9,82,-5,14
150,372,64,64,0,50,-14,14
150,373,50,64,14,50,0,14
121,378,39,53,14,39,0,14
327,140,105,115,10,101,-4,14
326,452,43,53,10,39,-4,14
326,453,39,53,14,39,0,14
89,349,95,101,6,87,-8,14
89,332,142,148,6,134,-8,14
391,270,203,213,10,199,-4,14
347,315,50,53,3,39,-11,14
74,270,43,53,10,39,-4,14
451,251,207,213,6,199,-8,14
451,343,210,215,5,201,-9,14
347,345,201,212,11,198,-3,14
277,294,116,124,8,110,-6,14
277,295,114,120,6,106,-8,14
383,356,217,228,11,214,-3,14
264,302,76,90,14,76,0,14
326,226,39,53,14,39,0,14
326,238,229,240,11,226,-3,14
224,269,161,165,4,151,-10,14
277,278,162,166,4,152,-10,14
51,310,43,53,10,39,-4,14
51,311,39,53,14,39,0,14
51,312,50,53,3,39,-11,14
51,313,53,53,0,39,-14,14
392,259,223,229,6,215,-8,14
325,125,249,253,4,239,-10,14
37,314,61,64,3,50,-11,14
418,245,189,194,5,180,-9,14
550,103,11,14,3,0,-11,14
550,138,12,18,6,4,-8,14
224,286,153,164,11,150,-3,14
358,88,59,64,5,50,-9,14
82,353,46,53,7,39,-7,14
82,370,43,53,10,39,-4,14
57,358,50,53,3,39,-11,14
160,260,136,143,7,129,-7,14
206,312,142,149,7,135,-7,14
206,330,143,149,6,135,-8,14
392,340,207,214,7,200,-7,14
230,310,90,99,9,85,-5,14
264,295,87,96,9,82,-5,14
392,270,208,216,8,202,-6,14
306,190,95,103,8,89,-6,14
245,328,103,109,6,95,-8,14
245,265,139,146,7,132,-7,14
306,191,93,101,8,87,-6,14
94,380,46,53,7,39,-7,14
233,281,145,156,11,142,-3,14
417,351,212,223,11,209,-3,14
264,301,78,90,12,76,-2,14
82,371,46,53,7,39,-7,14
205,344,105,112,7,98,-7,14
415,333,194,205,11,191,-3,14
224,241,136,139,3,125,-11,14
274,302,74,80,6,66,-8,14
124,227,143,146,3,132,-11,14
224,302,148,152,4,138,-10,14
224,325,109,117,8,103,-6,14
205,314,140,144,4,130,-10,14
205,335,135,142,7,128,-7,14
145,372,56,70,14,56,0,14
548,138,15,19,4,5,-10,14
297,340,200,210,10,196,-4,14
297,363,119,126,7,112,-7,14
384,277,214,221,7,207,-7,14
326,137,118,119,1,105,-13,14
326,141,110,119,9,105,-5,14
417,331,199,206,7,192,-7,14
417,337,224,227,3,213,-11,14
264,292,90,98,8,84,-6,14
264,293,89,98,9,84,-5,14
264,294,89,98,9,84,-5,14
245,269,160,165,5,151,-9,14
184,235,156,166,10,152,-4,14
455,251,206,210,4,196,-10,14
94,238,163,166,3,152,-11,14
371,240,214,219,5,205,-9,14
325,145,106,116,10,102,-4,14
94,382,46,53,7,39,-7,14
325,146,105,110,5,96,-9,14
266,268,163,169,6,155,-8,14
325,226,39,53,14,39,0,14
325,189,87,90,3,76,-11,14
416,254,212,219,7,205,-7,14
27,246,252,253,1,239,-13,14
138,278,39,53,14,39,0,14
150,295,194,199,5,185,-9,14
346,279,217,223,6,209,-8,14
104,362,74,80,6,66,-8,14
282,245,236,244,8,230,-6,14
265,354,74,84,10,70,-4,14
140,301,160,164,4,150,-10,14
67,361,50,53,3,39,-11,14
239,313,136,143,7,129,-7,14
159,359,107,115,8,101,-6,14
499,262,178,180,2,166,-12,14
416,330,202,208,6,194,-8,14
416,351,210,223,13,209,-1,14
230,335,95,103,8,89,-6,14
246,249,155,160,5,146,-9,14
185,349,127,133,6,119,-8,14
245,331,89,98,9,84,-5,14
185,312,99,107,8,93,-6,14
74,226,46,53,7,39,-7,14
51,262,68,78,10,64,-4,14
185,314,92,101,9,87,-5,14
62,346,43,53,10,39,-4,14
246,265,137,144,7,130,-7,14
347,84,84,92,8,78,-6,14
574,514,0,14,14,0,0,14
575,516,14,14,0,0,-14,14
575,515,14,14,0,0,-14,14
282,290,144,150,6,136,-8,14
282,297,124,129,5,115,-9,14
282,298,117,125,8,111,-6,14
282,299,112,119,7,105,-7,14
138,291,161,167,6,153,-8,14
574,516,14,14,0,0,-14,14
74,269,43,53,10,39,-4,14
346,355,218,226,8,212,-6,14
302,320,119,125,6,111,-8,14
302,360,136,143,7,129,-7,14
170,314,119,128,9,114,-5,14
437,250,207,213,6,199,-8,14
147,372,61,64,3,50,-11,14
148,223,66,78,12,64,-2,14
402,327,185,199,14,185,0,14
575,514,14,14,0,0,-14,14
141,333,68,80,12,66,-2,14
141,331,68,78,10,64,-4,14
574,513,0,14,14,0,0,14
184,314,92,101,9,87,-5,14
184,315,87,101,14,87,0,14
347,179,50,53,3,39,-11,14
51,282,39,53,14,39,0,14
282,296,128,134,6,120,-8,14
575,54,28,34,6,21,-7,13
575,538,16,29,13,16,0,13
66,345,21,34,13,21,0,13
375,96,28,34,6,21,-7,13
375,95,28,34,6,21,-7,13
141,342,85,87,2,74,-11,13
282,294,135,141,6,128,-7,13
303,212,85,93,8,80,-5,13
303,210,95,102,7,89,-6,13
303,209,99,106,7,93,-6,13
388,486,21,34,13,21,0,13
453,528,253,255,2,242,-11,13
51,263,72,72,0,59,-13,13
388,414,28,34,6,21,-7,13
68,280,28,34,6,21,-7,13
68,275,21,34,13,21,0,13
68,274,28,34,6,21,-7,13
368,414,28,34,6,21,-7,13
275,354,61,66,5,53,-8,13
368,304,28,34,6,21,-7,13
275,301,80,87,7,74,-6,13
536,285,28,34,6,21,-7,13
104,363,66,74,8,61,-5,13
536,284,34,34,0,21,-13,13
537,284,28,34,6,21,-7,13
537,283,34,34,0,21,-13,13
537,137,18,20,2,7,-11,13
388,326,226,231,5,218,-8,13
63,286,28,34,6,21,-7,13
63,274,21,34,13,21,0,13
63,269,21,34,13,21,0,13
90,350,96,103,7,90,-6,13
389,271,203,212,9,199,-4,13
389,314,28,34,6,21,-7,13
90,345,106,112,6,99,-7,13
90,343,110,116,6,103,-7,13
90,361,61,66,5,53,-8,13
148,379,59,66,7,53,-6,13
184,321,156,158,2,145,-11,13
347,272,209,213,4,200,-9,13
51,277,53,56,3,43,-10,13
347,87,95,98,3,85,-10,13
452,470,34,34,0,21,-13,13
304,209,96,103,7,90,-6,13
304,201,112,112,0,99,-13,13
63,268,28,34,6,21,-7,13
63,267,28,34,6,21,-7,13
63,266,21,34,13,21,0,13
389,336,221,226,5,213,-8,13
389,315,21,34,13,21,0,13
368,288,21,34,13,21,0,13
90,349,99,106,7,93,-6,13
138,370,103,103,0,90,-13,13
90,338,125,130,5,117,-8,13
90,336,131,137,6,124,-7,13
90,335,135,141,6,128,-7,13
90,334,138,144,6,131,-7,13
535,285,28,34,6,21,-7,13
304,218,84,89,5,76,-8,13
185,280,190,193,3,180,-10,13
538,137,16,19,3,6,-10,13
302,368,34,34,0,21,-13,13
302,367,28,34,6,21,-7,13
91,339,126,129,3,116,-10,13
535,57,21,34,13,21,0,13
275,289,124,128,4,115,-9,13
275,287,127,133,6,120,-7,13
275,280,145,152,7,139,-6,13
149,208,250,253,3,240,-10,13
149,246,126,132,6,119,-7,13
246,326,109,114,5,101,-8,13
185,351,117,124,7,111,-6,13
185,350,123,129,6,116,-7,13
538,283,28,34,6,21,-7,13
538,282,34,34,0,21,-13,13
63,299,28,34,6,21,-7,13
63,297,34,34,0,21,-13,13
63,296,28,34,6,21,-7,13
389,414,28,34,6,21,-7,13
234,332,99,106,7,93,-6,13
390,284,43,56,13,43,0,13
305,218,84,89,5,76,-8,13
534,135,5,14,9,1,-4,13
305,192,96,102,6,89,-7,13
534,57,21,34,13,21,0,13
533,531,28,34,6,21,-7,13
305,288,171,173,2,160,-11,13
275,275,165,169,4,156,-9,13
50,364,28,34,6,21,-7,13
454,469,28,34,6,21,-7,13
104,381,46,56,10,43,-3,13
122,228,144,148,4,135,-9,13
63,295,21,34,13,21,0,13
63,287,21,34,13,21,0,13
388,315,21,34,13,21,0,13
388,314,34,34,0,21,-13,13
139,291,156,162,6,149,-7,13
302,359,143,148,5,135,-8,13
390,413,28,34,6,21,-7,13
68,366,56,59,3,46,-10,13
68,365,53,59,6,46,-7,13
26,304,90,98,8,85,-5,13
245,326,110,116,6,103,-7,13
452,390,34,34,0,21,-13,13
452,343,212,216,4,203,-9,13
51,299,50,56,6,43,-7,13
185,354,109,116,7,103,-6,13
347,277,218,224,6,211,-7,13
68,352,34,34,0,21,-13,13
390,507,28,34,6,21,-7,13
390,414,28,34,6,21,-7,13
390,340,198,209,11,196,-2,13
123,210,254,255,1,242,-12,13
122,386,253,254,1,241,-12,13
367,414,34,34,0,21,-13,13
302,321,123,125,2,112,-11,13
302,318,116,124,8,111,-5,13
369,303,28,34,6,21,-7,13
369,289,21,34,13,21,0,13
574,54,28,34,6,21,-7,13
452,251,206,212,6,199,-7,13
346,318,50,59,9,46,-4,13
50,356,28,34,6,21,-7,13
50,355,28,34,6,21,-7,13
50,354,21,34,13,21,0,13
183,349,131,137,6,124,-7,13
74,250,53,59,6,46,-7,13
74,249,56,66,10,53,-3,13
89,347,98,105,7,92,-6,13
89,346,99,106,7,93,-6,13
533,57,21,34,13,21,0,13
532,531,34,34,0,21,-13,13
532,289,28,34,6,21,-7,13
532,288,28,34,6,21,-7,13
455,388,34,34,0,21,-13,13
455,383,34,34,0,21,-13,13
451,390,28,34,6,21,-7,13
347,279,222,228,6,215,-7,13
51,294,46,56,10,43,-3,13
51,293,53,59,6,46,-7,13
51,289,53,59,6,46,-7,13
50,363,28,34,6,21,-7,13
230,321,98,105,7,92,-6,13
230,311,89,98,9,85,-4,13
231,248,138,144,6,131,-7,13
150,218,164,169,5,156,-8,13
306,192,92,98,6,85,-7,13
235,248,120,128,8,115,-5,13
391,273,221,225,4,212,-9,13
391,263,206,213,7,200,-6,13
108,366,50,59,9,46,-4,13
89,331,145,151,6,138,-7,13
186,289,176,180,4,167,-9,13
452,238,28,34,6,21,-7,13
51,320,50,59,9,46,-4,13
51,319,53,59,6,46,-7,13
51,309,50,56,6,43,-7,13
346,236,225,228,3,215,-10,13
247,243,164,173,9,160,-4,13
118,371,46,56,10,43,-3,13
108,367,50,56,6,43,-7,13
391,413,34,34,0,21,-13,13
391,412,28,34,6,21,-7,13
391,346,215,220,5,207,-8,13
391,345,211,217,6,204,-7,13
369,288,21,34,13,21,0,13
539,137,15,19,4,6,-9,13
107,380,50,59,9,46,-4,13
387,415,34,34,0,21,-13,13
387,414,28,34,6,21,-7,13
451,470,28,34,6,21,-7,13
183,309,123,128,5,115,-8,13
245,255,110,118,8,105,-5,13
347,282,237,243,6,230,-7,13
50,362,34,34,0,21,-13,13
246,331,85,95,10,82,-3,13
108,232,145,151,6,138,-7,13
89,333,138,144,6,131,-7,13
531,290,28,34,6,21,-7,13
531,289,34,34,0,21,-13,13
532,57,21,34,13,21,0,13
531,531,34,34,0,21,-13,13
51,322,53,59,6,46,-7,13
51,321,50,59,9,46,-4,13
283,308,85,93,8,80,-5,13
283,307,85,93,8,80,-5,13
283,306,85,93,8,80,-5,13
283,293,141,148,7,135,-6,13
283,292,144,151,7,138,-6,13
142,251,132,139,7,126,-6,13
306,288,167,173,6,160,-7,13
89,343,106,112,6,99,-7,13
62,362,50,59,9,46,-4,13
62,361,53,59,6,46,-7,13
62,360,53,59,6,46,-7,13
68,367,50,59,9,46,-4,13
367,304,28,34,6,21,-7,13
530,531,34,34,0,21,-13,13
73,358,28,34,6,21,-7,13
73,357,28,34,6,21,-7,13
451,385,34,34,0,21,-13,13
455,469,28,34,6,21,-7,13
456,388,34,34,0,21,-13,13
51,326,50,56,6,43,-7,13
27,304,85,98,13,85,0,13
306,358,149,154,5,141,-8,13
220,358,85,93,8,80,-5,13
531,58,21,34,13,21,0,13
531,57,28,34,6,21,-7,13
391,485,21,34,13,21,0,13
91,355,80,87,7,74,-6,13
91,346,107,115,8,102,-5,13
302,210,98,105,7,92,-6,13
89,246,172,175,3,162,-10,13
530,311,28,34,6,21,-7,13
530,290,28,34,6,21,-7,13
367,288,21,34,13,21,0,13
367,287,28,34,6,21,-7,13
307,187,93,103,10,90,-3,13
456,469,34,34,0,21,-13,13
456,468,28,34,6,21,-7,13
235,282,153,157,4,144,-9,13
235,252,136,141,5,128,-8,13
307,221,61,66,5,53,-8,13
27,312,72,72,0,59,-13,13
62,324,34,34,0,21,-13,13
62,323,28,34,6,21,-7,13
62,325,28,34,6,21,-7,13
302,194,114,115,1,102,-12,13
234,280,156,158,2,145,-11,13
387,355,217,228,11,215,-2,13
63,325,28,34,6,21,-7,13
63,324,28,34,6,21,-7,13
50,309,46,56,10,43,-3,13
50,308,50,56,6,43,-7,13
51,355,34,34,0,21,-13,13
51,354,28,34,6,21,-7,13
451,238,28,34,6,21,-7,13
186,340,155,161,6,148,-7,13
392,412,28,34,6,21,-7,13
529,283,21,34,13,21,0,13
530,58,21,34,13,21,0,13
529,531,28,34,6,21,-7,13
307,313,138,141,3,128,-10,13
125,370,84,85,1,72,-12,13
307,358,149,154,5,141,-8,13
230,247,139,144,5,131,-8,13
73,367,50,56,6,43,-7,13
73,366,46,56,10,43,-3,13
183,294,188,195,7,182,-6,13
346,87,98,102,4,89,-9,13
182,381,254,254,0,241,-13,13
50,293,56,59,3,46,-10,13
69,225,50,56,6,43,-7,13
274,284,130,137,7,124,-6,13
63,323,28,34,6,21,-7,13
539,281,28,34,6,21,-7,13
68,262,21,34,13,21,0,13
68,261,28,34,6,21,-7,13
369,358,219,220,1,207,-12,13
62,299,28,34,6,21,-7,13
88,348,92,98,6,85,-7,13
308,221,61,66,5,53,-8,13
62,294,21,34,13,21,0,13
393,341,204,212,8,199,-5,13
393,338,220,225,5,212,-8,13
52,216,250,252,2,239,-11,13
142,250,132,139,7,126,-6,13
142,249,133,139,6,126,-7,13
374,327,227,231,4,218,-9,13
393,328,225,230,5,217,-8,13
88,356,66,74,8,61,-5,13
366,319,224,228,4,215,-9,13
23,317,56,59,3,46,-10,13
68,273,28,34,6,21,-7,13
68,271,28,34,6,21,-7,13
68,270,28,34,6,21,-7,13
68,269,28,34,6,21,-7,13
528,293,28,34,6,21,-7,13
137,370,103,103,0,90,-13,13
528,283,34,34,0,21,-13,13
62,296,34,34,0,21,-13,13
62,295,28,34,6,21,-7,13
69,266,34,34,0,21,-13,13
133,374,46,59,13,46,0,13
450,470,28,34,6,21,-7,13
450,391,28,34,6,21,-7,13
308,292,167,167,0,154,-13,13
393,269,209,217,8,204,-5,13
69,233,64,66,2,53,-11,13
301,368,28,34,6,21,-7,13
301,360,137,143,6,130,-7,13
151,295,194,199,5,186,-8,13
308,357,153,159,6,146,-7,13
308,356,159,164,5,151,-8,13
393,411,28,34,6,21,-7,13
125,373,53,59,6,46,-7,13
69,275,28,34,6,21,-7,13
69,274,34,34,0,21,-13,13
458,65,24,31,7,18,-6,13
283,301,102,109,7,96,-6,13
283,300,109,114,5,101,-8,13
283,298,119,125,6,112,-7,13
375,417,21,34,13,21,0,13
374,310,21,34,13,21,0,13
374,309,28,34,6,21,-7,13
374,308,28,34,6,21,-7,13
374,307,28,34,6,21,-7,13
88,345,98,103,5,90,-8,13
88,341,106,112,6,99,-7,13
69,265,34,34,0,21,-13,13
69,264,28,34,6,21,-7,13
62,286,28,34,6,21,-7,13
62,285,28,34,6,21,-7,13
62,284,28,34,6,21,-7,13
62,273,21,34,13,21,0,13
62,269,21,34,13,21,0,13
62,268,21,34,13,21,0,13
62,265,21,34,13,21,0,13
186,353,107,115,8,102,-5,13
186,350,119,127,8,114,-5,13
527,293,28,34,6,21,-7,13
62,272,21,34,13,21,0,13
62,270,28,34,6,21,-7,13
366,280,205,214,9,201,-4,13
219,358,85,93,8,80,-5,13
182,294,185,193,8,180,-5,13
52,243,70,72,2,59,-11,13
52,242,70,72,2,59,-11,13
244,354,78,85,7,72,-6,13
457,468,28,34,6,21,-7,13
457,387,28,34,6,21,-7,13
28,320,43,56,13,43,0,13
527,294,34,34,0,21,-13,13
235,332,98,105,7,92,-6,13
235,315,114,120,6,107,-7,13
137,327,21,34,13,21,0,13
137,326,21,34,13,21,0,13
137,325,21,34,13,21,0,13
23,319,50,59,9,46,-4,13
23,318,53,59,6,46,-7,13
276,276,165,169,4,156,-9,13
301,324,123,123,0,110,-13,13
573,54,28,34,6,21,-7,13
573,53,34,34,0,21,-13,13
573,52,28,34,6,21,-7,13
247,315,136,142,6,129,-7,13
247,314,139,145,6,132,-7,13
245,244,162,170,8,157,-5,13
450,238,28,34,6,21,-7,13
88,248,173,178,5,165,-8,13
309,220,64,72,8,59,-5,13
394,507,28,34,6,21,-7,13
394,411,34,34,0,21,-13,13
394,346,209,215,6,202,-7,13
137,328,21,34,13,21,0,13
69,280,28,34,6,21,-7,13
69,279,21,34,13,21,0,13
69,276,28,34,6,21,-7,13
126,374,46,56,10,43,-3,13
88,328,151,156,5,143,-8,13
345,305,28,34,6,21,-7,13
449,342,210,216,6,203,-7,13
449,470,34,34,0,21,-13,13
449,391,28,34,6,21,-7,13
104,215,56,59,3,46,-10,13
103,387,254,254,0,241,-13,13
573,55,28,34,6,21,-7,13
526,295,34,34,0,21,-13,13
394,339,216,223,7,210,-6,13
69,304,28,34,6,21,-7,13
92,220,28,34,6,21,-7,13
541,136,5,14,9,1,-4,13
541,54,21,34,13,21,0,13
387,262,224,229,5,216,-8,13
387,242,212,217,5,204,-8,13
68,268,34,34,0,21,-13,13
68,264,28,34,6,21,-7,13
73,323,28,34,6,21,-7,13
247,345,64,74,10,61,-3,13
134,226,133,137,4,124,-9,13
458,382,34,34,0,21,-13,13
74,329,28,34,6,21,-7,13
49,356,28,34,6,21,-7,13
458,468,28,34,6,21,-7,13
52,250,68,72,4,59,-9,13
247,311,151,156,5,143,-8,13
68,263,28,34,6,21,-7,13
387,315,21,34,13,21,0,13
387,314,34,34,0,21,-13,13
395,257,222,227,5,214,-8,13
309,309,146,147,1,134,-12,13
62,249,66,72,6,59,-7,13
137,324,28,34,6,21,-7,13
229,332,112,118,6,105,-7,13
229,315,89,98,9,85,-4,13
458,387,28,34,6,21,-7,13
73,327,28,34,6,21,-7,13
73,326,28,34,6,21,-7,13
73,325,28,34,6,21,-7,13
449,386,34,34,0,21,-13,13
73,324,28,34,6,21,-7,13
395,267,207,214,7,201,-6,13
525,287,28,34,6,21,-7,13
310,184,93,98,5,85,-8,13
310,174,111,116,5,103,-8,13
152,219,156,159,3,146,-10,13
62,250,68,72,4,59,-9,13
387,307,34,34,0,21,-13,13
276,281,147,153,6,140,-7,13
541,300,28,34,6,21,-7,13
23,315,53,56,3,43,-10,13
23,314,50,56,6,43,-7,13
49,362,21,34,13,21,0,13
247,330,85,95,10,82,-3,13
133,286,178,183,5,170,-8,13
103,363,68,74,6,61,-7,13
386,487,21,34,13,21,0,13
386,486,21,34,13,21,0,13
152,244,141,147,6,134,-7,13
525,316,21,34,13,21,0,13
525,296,28,34,6,21,-7,13
74,333,28,34,6,21,-7,13
187,361,95,106,11,93,-2,13
187,352,109,116,7,103,-6,13
449,274,205,210,5,197,-8,13
345,252,245,247,2,234,-11,13
345,249,247,247,0,234,-13,13
459,66,30,37,7,24,-6,13
49,364,28,34,6,21,-7,13
49,363,21,34,13,21,0,13
525,133,2,14,12,1,-1,13
395,342,204,212,8,199,-5,13
395,340,214,220,6,207,-7,13
365,303,21,34,13,21,0,13
365,302,21,34,13,21,0,13
525,286,34,34,0,21,-13,13
127,264,194,199,5,186,-8,13
127,263,190,196,6,183,-7,13
127,261,188,193,5,180,-8,13
395,484,21,34,13,21,0,13
449,252,213,219,6,206,-7,13
365,322,227,228,1,215,-12,13
386,485,28,34,6,21,-7,13
386,415,28,34,6,21,-7,13
387,272,204,212,8,199,-5,13
92,352,96,102,6,89,-7,13
301,210,99,106,7,93,-6,13
301,203,117,119,2,106,-11,13
524,324,28,34,6,21,-7,13
524,317,28,34,6,21,-7,13
365,301,21,34,13,21,0,13
365,300,28,34,6,21,-7,13
365,299,28,34,6,21,-7,13
365,298,28,34,6,21,-7,13
127,226,140,143,3,130,-10,13
49,331,21,34,13,21,0,13
284,259,178,183,5,170,-8,13
284,258,183,183,0,170,-13,13
376,287,28,34,6,21,-7,13
376,270,223,229,6,216,-7,13
396,269,216,224,8,211,-5,13
396,266,206,213,7,200,-6,13
395,507,28,34,6,21,-7,13
87,357,61,66,5,53,-8,13
87,355,66,72,6,59,-7,13
524,288,21,34,13,21,0,13
524,287,34,34,0,21,-13,13
139,344,80,85,5,72,-8,13
61,348,50,56,6,43,-7,13
396,507,28,34,6,21,-7,13
396,410,34,34,0,21,-13,13
49,309,43,56,13,43,0,13
49,305,66,66,0,53,-13,13
49,304,66,66,0,53,-13,13
459,387,28,34,6,21,-7,13
348,280,228,235,7,222,-6,13
523,297,28,34,6,21,-7,13
152,295,192,199,7,186,-6,13
311,185,85,93,8,80,-5,13
311,184,89,95,6,82,-7,13
300,368,28,34,6,21,-7,13
92,354,87,93,6,80,-7,13
386,414,21,34,13,21,0,13
223,285,151,164,13,151,0,13
396,348,213,219,6,206,-7,13
396,347,209,215,6,202,-7,13
523,287,34,34,0,21,-13,13
348,270,211,215,4,202,-9,13
49,316,59,66,7,53,-6,13
345,85,96,103,7,90,-6,13
187,365,139,141,2,128,-11,13
187,349,124,129,5,116,-8,13
49,330,21,34,13,21,0,13
49,329,34,34,0,21,-13,13
127,333,146,152,6,139,-7,13
127,330,152,159,7,146,-6,13
523,289,28,34,6,21,-7,13
523,288,28,34,6,21,-7,13
311,305,156,160,4,147,-9,13
61,337,28,34,6,21,-7,13
61,336,28,34,6,21,-7,13
248,259,109,112,3,99,-10,13
52,294,50,56,6,43,-7,13
52,292,53,56,3,43,-10,13
52,291,46,56,10,43,-3,13
52,290,46,56,10,43,-3,13
229,336,93,102,9,89,-4,13
66,280,34,34,0,21,-13,13
66,279,28,34,6,21,-7,13
66,278,28,34,6,21,-7,13
87,348,87,93,6,80,-7,13
87,347,87,95,8,82,-5,13
139,354,66,74,8,61,-5,13
300,361,131,137,6,124,-7,13
300,360,137,143,6,130,-7,13
273,286,123,128,5,115,-8,13
273,284,126,133,7,120,-6,13
273,283,129,136,7,123,-6,13
523,59,28,34,6,21,-7,13
127,374,46,56,10,43,-3,13
522,289,34,34,0,21,-13,13
74,336,28,34,6,21,-7,13
74,335,28,34,6,21,-7,13
74,334,28,34,6,21,-7,13
447,471,34,34,0,21,-13,13
133,306,173,180,7,167,-6,13
397,266,209,215,6,202,-7,13
397,348,211,218,7,205,-6,13
397,341,214,220,6,207,-7,13
273,282,131,139,8,126,-5,13
522,299,28,34,6,21,-7,13
30,251,164,167,3,154,-10,13
522,290,34,34,0,21,-13,13
397,410,34,34,0,21,-13,13
522,59,28,34,6,21,-7,13
142,283,101,102,1,89,-12,13
142,282,99,102,3,89,-10,13
142,277,92,95,3,82,-10,13
284,305,93,98,5,85,-8,13
344,334,220,227,7,214,-6,13
344,313,21,34,13,21,0,13
344,303,28,34,6,21,-7,13
348,311,21,34,13,21,0,13
448,386,28,34,6,21,-7,13
152,368,102,105,3,92,-10,13
236,283,154,158,4,145,-9,13
140,236,149,156,7,143,-6,13
23,272,144,154,10,141,-3,13
146,372,59,66,7,53,-6,13
284,293,144,150,6,137,-7,13
572,56,21,34,13,21,0,13
572,55,28,34,6,21,-7,13
61,318,21,34,13,21,0,13
61,316,28,34,6,21,-7,13
61,315,28,34,6,21,-7,13
61,314,28,34,6,21,-7,13
398,266,211,218,7,205,-6,13
137,237,156,160,4,147,-9,13
152,367,98,105,7,92,-6,13
397,325,184,197,13,184,0,13
61,320,28,34,6,21,-7,13
61,319,28,34,6,21,-7,13
87,326,152,157,5,144,-8,13
87,323,158,164,6,151,-7,13
61,321,28,34,6,21,-7,13
312,188,87,89,2,76,-11,13
312,183,85,95,10,82,-3,13
312,182,89,95,6,82,-7,13
312,181,90,95,5,82,-8,13
460,381,34,34,0,21,-13,13
52,309,53,56,3,43,-10,13
52,308,56,56,0,43,-13,13
75,225,46,59,13,46,0,13
398,255,221,226,5,213,-8,13
386,325,226,231,5,218,-8,13
386,315,21,34,13,21,0,13
386,314,34,34,0,21,-13,13
386,308,28,34,6,21,-7,13
223,276,159,164,5,151,-8,13
223,268,156,161,5,148,-8,13
273,241,248,252,4,239,-9,13
273,240,243,249,6,236,-7,13
273,239,238,249,11,236,-2,13
273,222,254,254,0,241,-13,13
61,284,28,34,6,21,-7,13
153,295,192,199,7,186,-6,13
521,300,34,34,0,21,-13,13
75,251,50,56,6,43,-7,13
248,329,85,95,10,82,-3,13
348,329,207,213,6,200,-7,13
312,233,233,237,4,224,-9,13
128,267,196,199,3,186,-10,13
312,356,156,161,5,148,-8,13
364,298,28,34,6,21,-7,13
300,324,120,123,3,110,-10,13
398,483,21,34,13,21,0,13
69,354,28,34,6,21,-7,13
69,353,28,34,6,21,-7,13
69,352,28,34,6,21,-7,13
520,301,28,34,6,21,-7,13
461,241,28,28,0,15,-13,13
461,68,36,40,4,27,-9,13
461,67,29,40,11,27,-2,13
180,354,116,123,7,110,-6,13
75,252,46,56,10,43,-3,13
521,59,28,34,6,21,-7,13
136,358,84,87,3,74,-10,13
399,254,222,227,5,214,-8,13
276,292,119,125,6,112,-7,13
386,355,215,228,13,215,0,13
386,342,206,213,7,200,-6,13
386,341,202,210,8,197,-5,13
87,301,164,172,8,159,-5,13
399,264,203,212,9,199,-4,13
572,54,34,34,0,21,-13,13
572,53,28,34,6,21,-7,13
572,52,21,34,13,21,0,13
284,295,134,142,8,129,-5,13
109,232,145,151,6,138,-7,13
313,171,101,109,8,96,-5,13
136,369,101,103,2,90,-11,13
399,266,214,220,6,207,-7,13
61,283,28,34,6,21,-7,13
313,180,87,95,8,82,-5,13
520,274,170,173,3,160,-10,13
520,272,158,164,6,151,-7,13
520,271,156,161,5,148,-8,13
61,270,28,34,6,21,-7,13
61,269,34,34,0,21,-13,13
61,268,21,34,13,21,0,13
399,483,21,34,13,21,0,13
399,409,34,34,0,21,-13,13
313,289,243,244,1,231,-12,13
520,53,253,253,0,240,-13,13
75,237,50,56,6,43,-7,13
75,236,46,56,10,43,-3,13
180,306,143,149,6,136,-7,13
180,353,119,125,6,112,-7,13
248,325,109,112,3,99,-10,13
446,471,34,34,0,21,-13,13
313,220,66,72,6,59,-7,13
400,243,214,220,6,207,-7,13
237,244,166,173,7,160,-6,13
519,271,160,167,7,154,-6,13
399,349,212,219,7,206,-6,13
140,250,129,132,3,119,-10,13
344,144,50,56,6,43,-7,13
180,234,167,173,6,160,-7,13
244,264,138,145,7,132,-6,13
248,310,151,157,6,144,-7,13
370,290,28,34,6,21,-7,13
370,288,21,34,13,21,0,13
386,307,34,34,0,21,-13,13
61,265,28,34,6,21,-7,13
61,264,28,34,6,21,-7,13
87,253,184,187,3,174,-10,13
519,328,28,34,6,21,-7,13
400,253,224,229,5,216,-8,13
236,356,85,87,2,74,-11,13
236,332,96,103,7,90,-6,13
363,281,212,223,11,210,-2,13
281,290,138,146,8,133,-5,13
281,288,145,151,6,138,-7,13
281,246,244,249,5,236,-8,13
363,278,228,232,4,219,-9,13
518,537,253,253,0,240,-13,13
61,267,21,34,13,21,0,13
519,59,21,34,13,21,0,13
400,409,34,34,0,21,-13,13
400,349,211,218,7,205,-6,13
400,344,206,212,6,199,-7,13
128,376,50,56,6,43,-7,13
92,355,84,89,5,76,-8,13
313,350,184,193,9,180,-4,13
154,244,148,156,8,143,-5,13
154,208,251,253,2,240,-11,13
154,291,163,174,11,161,-2,13
518,315,28,34,6,21,-7,13
518,314,28,34,6,21,-7,13
136,327,28,34,6,21,-7,13
314,167,106,114,8,101,-5,13
314,165,116,116,0,103,-13,13
48,355,28,34,6,21,-7,13
461,381,34,34,0,21,-13,13
128,374,46,56,10,43,-3,13
61,236,50,59,9,46,-4,13
518,59,21,34,13,21,0,13
518,58,34,34,0,21,-13,13
517,537,253,253,0,240,-13,13
518,272,164,173,9,160,-4,13
518,271,167,173,6,160,-7,13
401,243,214,220,6,207,-7,13
61,245,64,72,8,59,-5,13
136,328,28,34,6,21,-7,13
314,176,92,98,6,85,-7,13
314,175,95,98,3,85,-10,13
215,270,165,170,5,157,-8,13
214,366,254,254,0,241,-13,13
52,353,28,34,6,21,-7,13
52,352,28,34,6,21,-7,13
52,351,28,34,6,21,-7,13
52,350,28,34,6,21,-7,13
66,366,56,59,3,46,-10,13
66,365,56,59,3,46,-10,13
66,362,53,56,3,43,-10,13
374,287,28,34,6,21,-7,13
374,242,219,224,5,211,-8,13
66,289,34,34,0,21,-13,13
66,288,34,34,0,21,-13,13
48,316,56,66,10,53,-3,13
48,364,34,34,0,21,-13,13
48,363,34,34,0,21,-13,13
48,362,34,34,0,21,-13,13
48,356,28,34,6,21,-7,13
52,354,28,34,6,21,-7,13
401,266,223,225,2,212,-11,13
223,289,173,174,1,161,-12,13
300,213,82,93,11,80,-2,13
136,334,21,34,13,21,0,13
136,333,21,34,13,21,0,13
86,356,59,66,7,53,-6,13
237,250,118,128,10,115,-3,13
401,349,210,217,7,204,-6,13
86,348,82,87,5,74,-8,13
517,316,28,34,6,21,-7,13
517,315,34,34,0,21,-13,13
214,335,107,114,7,101,-6,13
214,333,115,122,7,109,-6,13
314,350,185,193,8,180,-5,13
248,344,64,74,10,61,-3,13
343,334,214,227,13,214,0,13
446,237,28,34,6,21,-7,13
401,482,21,34,13,21,0,13
516,527,28,34,6,21,-7,13
516,526,28,34,6,21,-7,13
31,310,72,74,2,61,-11,13
517,274,177,180,3,167,-10,13
517,59,28,34,6,21,-7,13
517,58,34,34,0,21,-13,13
314,375,28,34,6,21,-7,13
401,511,21,34,13,21,0,13
401,510,28,34,6,21,-7,13
52,348,21,34,13,21,0,13
52,347,21,34,13,21,0,13
52,341,21,34,13,21,0,13
376,333,191,204,13,191,0,13
376,321,226,230,4,217,-9,13
285,296,130,137,7,124,-6,13
285,259,176,183,7,170,-6,13
60,360,46,59,13,46,0,13
60,359,53,59,6,46,-7,13
60,354,50,56,6,43,-7,13
129,212,253,253,0,240,-13,13
299,368,28,34,6,21,-7,13
68,225,53,56,3,43,-10,13
402,344,209,215,6,202,-7,13
315,167,102,111,9,98,-4,13
315,165,111,116,5,103,-8,13
60,345,53,59,6,46,-7,13
214,269,170,178,8,165,-5,13
189,283,164,170,6,157,-7,13
249,252,156,160,4,147,-9,13
48,330,28,34,6,21,-7,13
48,329,28,34,6,21,-7,13
48,328,34,34,0,21,-13,13
343,320,46,56,10,43,-3,13
343,314,21,34,13,21,0,13
52,349,21,34,13,21,0,13
272,276,149,156,7,143,-6,13
402,321,223,223,0,210,-13,13
402,264,215,222,7,209,-6,13
402,403,34,34,0,21,-13,13
402,349,208,215,7,202,-6,13
402,511,34,34,0,21,-13,13
402,510,28,34,6,21,-7,13
189,228,180,188,8,175,-5,13
52,340,21,34,13,21,0,13
52,339,28,34,6,21,-7,13
52,338,28,34,6,21,-7,13
52,337,28,34,6,21,-7,13
75,303,50,56,6,43,-7,13
462,380,28,34,6,21,-7,13
385,487,21,34,13,21,0,13
385,486,21,34,13,21,0,13
385,485,34,34,0,21,-13,13
385,415,28,34,6,21,-7,13
315,176,85,95,10,82,-3,13
272,286,118,124,6,111,-7,13
516,59,28,34,6,21,-7,13
516,317,28,34,6,21,-7,13
516,316,34,34,0,21,-13,13
516,305,34,34,0,21,-13,13
136,279,50,56,6,43,-7,13
376,417,28,34,6,21,-7,13
445,522,21,34,13,21,0,13
445,521,28,34,6,21,-7,13
445,520,21,34,13,21,0,13
343,307,28,34,6,21,-7,13
343,303,34,34,0,21,-13,13
179,233,171,180,9,167,-4,13
249,298,175,182,7,169,-6,13
70,230,43,56,13,43,0,13
515,317,34,34,0,21,-13,13
515,527,34,34,0,21,-13,13
515,526,28,34,6,21,-7,13
272,237,241,250,9,237,-4,13
93,220,34,34,0,21,-13,13
93,219,34,34,0,21,-13,13
93,218,21,34,13,21,0,13
93,352,99,105,6,92,-7,13
93,351,102,109,7,96,-6,13
142,314,59,72,13,59,0,13
237,315,123,129,6,116,-7,13
86,321,157,164,7,151,-6,13
402,482,21,34,13,21,0,13
32,292,112,118,6,105,-7,13
403,264,217,223,6,210,-7,13
86,291,189,194,5,181,-8,13
315,376,28,34,6,21,-7,13
60,319,34,34,0,21,-13,13
60,314,34,34,0,21,-13,13
60,313,28,34,6,21,-7,13
155,287,175,181,6,168,-7,13
349,314,53,56,3,43,-10,13
349,249,224,232,8,219,-5,13
349,236,223,227,4,214,-9,13
343,187,46,56,10,43,-3,13
463,69,32,41,9,28,-4,13
249,295,183,188,5,175,-8,13
134,307,167,173,6,160,-7,13
86,302,159,164,5,151,-8,13
146,300,160,172,12,159,-1,13
93,239,162,165,3,152,-10,13
64,269,28,34,6,21,-7,13
64,268,34,34,0,21,-13,13
64,267,28,34,6,21,-7,13
370,325,225,230,5,217,-8,13
385,356,225,228,3,215,-10,13
48,313,59,66,7,53,-6,13
463,380,28,34,6,21,-7,13
53,246,74,74,0,61,-13,13
53,245,72,74,2,61,-11,13
48,291,64,66,2,53,-11,13
243,314,141,147,6,134,-7,13
385,355,215,228,13,215,0,13
403,344,210,216,6,203,-7,13
316,174,87,95,8,82,-5,13
155,291,164,175,11,162,-2,13
129,272,193,197,4,184,-9,13
60,321,28,34,6,21,-7,13
515,59,28,34,6,21,-7,13
514,527,34,34,0,21,-13,13
514,526,28,34,6,21,-7,13
60,312,21,34,13,21,0,13
60,305,28,34,6,21,-7,13
60,303,28,34,6,21,-7,13
155,308,76,85,9,72,-4,13
316,167,101,106,5,93,-8,13
343,144,50,59,9,46,-4,13
571,55,34,34,0,21,-13,13
571,54,28,34,6,21,-7,13
571,53,21,34,13,21,0,13
571,52,21,34,13,21,0,13
66,290,21,34,13,21,0,13
231,316,92,98,6,85,-7,13
129,322,167,173,6,160,-7,13
129,318,173,180,7,167,-6,13
129,316,180,183,3,170,-10,13
129,315,181,184,3,171,-10,13
362,279,226,231,5,218,-8,13
60,285,28,34,6,21,-7,13
60,282,28,34,6,21,-7,13
213,278,182,185,3,172,-10,13
343,110,90,95,5,82,-8,13
349,301,28,34,6,21,-7,13
249,315,129,136,7,123,-6,13
213,277,178,183,5,170,-8,13
60,302,28,34,6,21,-7,13
60,301,28,34,6,21,-7,13
33,237,252,252,0,239,-13,13
514,59,28,34,6,21,-7,13
513,527,34,34,0,21,-13,13
513,526,28,34,6,21,-7,13
271,301,59,66,7,53,-6,13
385,342,210,215,5,202,-8,13
545,138,18,20,2,7,-11,13
299,202,103,109,6,96,-7,13
299,201,107,114,7,101,-6,13
385,314,34,34,0,21,-13,13
385,309,28,34,6,21,-7,13
571,56,28,34,6,21,-7,13
75,337,28,34,6,21,-7,13
464,69,31,41,10,28,-3,13
463,530,253,254,1,241,-12,13
189,371,78,89,11,76,-2,13
73,250,53,59,6,46,-7,13
73,249,59,66,7,53,-6,13
178,355,116,124,8,111,-5,13
385,308,28,34,6,21,-7,13
403,482,28,34,6,21,-7,13
404,252,218,223,5,210,-8,13
570,57,21,34,13,21,0,13
570,56,28,34,6,21,-7,13
316,379,28,34,6,21,-7,13
316,378,28,34,6,21,-7,13
316,377,28,34,6,21,-7,13
404,345,206,213,7,200,-6,13
404,344,211,218,7,205,-6,13
212,337,106,114,8,101,-5,13
212,336,110,116,6,103,-7,13
317,160,112,115,3,102,-10,13
155,350,98,102,4,89,-9,13
85,358,50,56,6,43,-7,13
317,170,89,95,6,82,-7,13
317,169,90,98,8,85,-5,13
317,167,96,103,7,90,-6,13
317,166,98,105,7,92,-6,13
243,354,78,85,7,72,-6,13
53,242,66,72,6,59,-7,13
445,274,209,213,4,200,-9,13
445,251,210,215,5,202,-8,13
445,237,28,34,6,21,-7,13
444,522,28,34,6,21,-7,13
444,521,34,34,0,21,-13,13
134,288,178,180,2,167,-11,13
178,312,93,102,9,89,-4,13
317,161,106,112,6,99,-7,13
404,260,204,212,8,199,-5,13
107,366,50,56,6,43,-7,13
513,318,34,34,0,21,-13,13
513,308,28,34,6,21,-7,13
271,276,145,152,7,139,-6,13
212,325,122,129,7,116,-6,13
513,269,176,181,5,168,-8,13
156,221,150,153,3,140,-10,13
513,133,19,21,2,8,-11,13
405,260,207,215,8,202,-5,13
405,259,205,212,7,199,-6,13
212,317,134,141,7,128,-6,13
444,472,34,34,0,21,-13,13
177,373,50,56,6,43,-7,13
342,333,219,227,8,214,-5,13
75,367,50,56,6,43,-7,13
75,366,46,56,10,43,-3,13
178,301,167,177,10,164,-3,13
156,242,165,169,4,156,-9,13
512,527,28,34,6,21,-7,13
512,526,28,34,6,21,-7,13
70,280,34,34,0,21,-13,13
70,279,28,34,6,21,-7,13
70,278,28,34,6,21,-7,13
342,307,28,34,6,21,-7,13
342,301,28,34,6,21,-7,13
73,245,66,72,6,59,-7,13
444,520,21,34,13,21,0,13
405,333,228,230,2,217,-11,13
370,418,28,34,6,21,-7,13
370,413,34,34,0,21,-13,13
146,285,101,111,10,98,-3,13
546,138,18,19,1,6,-12,13
317,380,28,34,6,21,-7,13
512,331,34,34,0,21,-13,13
156,249,147,153,6,140,-7,13
211,362,99,105,6,92,-7,13
60,249,70,72,2,59,-11,13
70,264,28,34,6,21,-7,13
70,261,28,34,6,21,-7,13
405,511,28,34,6,21,-7,13
405,510,28,34,6,21,-7,13
464,326,216,217,1,204,-12,13
281,244,230,240,10,227,-3,13
281,217,253,253,0,240,-13,13
570,55,34,34,0,21,-13,13
570,54,28,34,6,21,-7,13
570,52,21,34,13,21,0,13
271,270,173,175,2,162,-11,13
136,247,92,95,3,82,-10,13
512,131,0,13,13,0,0,13
318,165,95,103,8,90,-5,13
318,164,96,103,7,90,-6,13
318,163,98,105,7,92,-6,13
349,344,207,216,9,203,-4,13
133,226,133,137,4,124,-9,13
132,375,50,59,9,46,-4,13
132,374,46,59,13,46,0,13
243,360,253,253,0,240,-13,13
249,336,87,98,11,85,-2,13
464,379,34,34,0,21,-13,13
318,162,99,106,7,93,-6,13
405,344,213,219,6,206,-7,13
60,236,56,59,3,46,-10,13
70,267,28,34,6,21,-7,13
70,266,28,34,6,21,-7,13
70,265,21,34,13,21,0,13
85,307,153,158,5,145,-8,13
318,212,84,87,3,74,-10,13
211,331,126,132,6,119,-7,13
156,293,181,187,6,174,-7,13
286,295,137,143,6,130,-7,13
286,261,179,183,4,170,-9,13
76,225,50,59,9,46,-4,13
298,346,168,176,8,163,-5,13
546,287,21,34,13,21,0,13
371,95,28,34,6,21,-7,13
371,94,28,34,6,21,-7,13
511,331,34,34,0,21,-13,13
511,311,28,34,6,21,-7,13
211,337,110,116,6,103,-7,13
110,232,146,151,5,138,-8,13
511,274,182,188,6,175,-7,13
511,269,180,187,7,174,-6,13
298,338,203,214,11,201,-2,13
64,276,21,34,13,21,0,13
177,302,164,169,5,156,-8,13
444,274,209,214,5,201,-8,13
141,291,151,156,5,143,-8,13
286,300,114,118,4,105,-9,13
85,261,186,190,4,177,-9,13
318,236,241,242,1,229,-12,13
156,308,80,87,7,74,-6,13
211,338,106,114,8,101,-5,13
510,332,34,34,0,21,-13,13
406,406,28,34,6,21,-7,13
238,251,120,127,7,114,-6,13
238,244,166,173,7,160,-6,13
237,356,87,87,0,74,-13,13
318,352,178,184,6,171,-7,13
361,288,28,34,6,21,-7,13
406,511,28,34,6,21,-7,13
569,58,21,34,13,21,0,13
569,57,28,34,6,21,-7,13
444,251,210,216,6,203,-7,13
342,149,50,56,6,43,-7,13
250,273,163,167,4,154,-9,13
342,95,102,109,7,96,-6,13
250,305,161,167,6,154,-7,13
211,314,151,155,4,142,-9,13
211,311,159,164,5,151,-8,13
270,306,56,59,3,46,-10,13
270,305,56,59,3,46,-10,13
319,156,111,116,5,103,-8,13
319,155,111,116,5,103,-8,13
211,302,195,195,0,182,-13,13
59,359,56,59,3,46,-10,13
59,352,53,56,3,43,-10,13
59,351,53,56,3,43,-10,13
59,350,50,56,6,43,-7,13
59,348,53,59,6,46,-7,13
59,342,61,66,5,53,-8,13
59,341,61,66,5,53,-8,13
59,360,59,59,0,46,-13,13
34,305,61,66,5,53,-8,13
270,277,139,145,6,132,-7,13
465,379,34,34,0,21,-13,13
443,388,34,34,0,21,-13,13
349,340,212,221,9,208,-4,13
349,339,220,221,1,208,-12,13
377,269,226,230,4,217,-9,13
510,268,178,183,5,170,-8,13
510,311,28,34,6,21,-7,13
319,161,99,106,7,93,-6,13
319,157,111,116,5,103,-8,13
210,338,110,116,6,103,-7,13
250,290,182,187,5,174,-8,13
569,56,34,34,0,21,-13,13
569,55,28,34,6,21,-7,13
569,54,21,34,13,21,0,13
286,301,110,115,5,102,-8,13
231,321,101,106,5,93,-8,13
298,368,28,34,6,21,-7,13
298,223,56,66,10,53,-3,13
298,211,105,106,1,93,-12,13
547,138,17,19,2,6,-11,13
384,333,224,228,4,215,-9,13
384,314,34,34,0,21,-13,13
384,309,28,34,6,21,-7,13
64,288,21,34,13,21,0,13
64,287,21,34,13,21,0,13
64,286,34,34,0,21,-13,13
443,472,34,34,0,21,-13,13
349,361,214,226,12,213,-1,13
47,354,28,34,6,21,-7,13
47,353,28,34,6,21,-7,13
250,303,167,173,6,160,-7,13
250,293,181,186,5,173,-8,13
270,274,150,155,5,142,-8,13
270,281,128,131,3,118,-10,13
407,260,216,222,6,209,-7,13
407,406,34,34,0,21,-13,13
407,352,215,225,10,212,-3,13
407,345,211,217,6,204,-7,13
84,380,50,56,6,43,-7,13
509,332,34,34,0,21,-13,13
509,313,28,34,6,21,-7,13
509,312,28,34,6,21,-7,13
250,316,123,129,6,116,-7,13
250,315,125,132,7,119,-6,13
47,321,64,66,2,53,-11,13
47,320,59,66,7,53,-6,13
47,319,59,66,7,53,-6,13
76,253,50,56,6,43,-7,13
76,252,56,56,0,43,-13,13
156,389,251,253,2,240,-11,13
84,379,46,56,10,43,-3,13
319,234,226,236,10,223,-3,13
319,382,28,34,6,21,-7,13
319,352,178,184,6,171,-7,13
156,381,64,72,8,59,-5,13
94,219,28,34,6,21,-7,13
277,287,132,141,9,128,-4,13
277,241,233,244,11,231,-2,13
377,288,21,34,13,21,0,13
176,320,149,155,6,142,-7,13
76,251,56,56,0,43,-13,13
76,249,59,59,0,46,-13,13
341,348,185,195,10,182,-3,13
547,537,252,253,1,240,-12,13
70,314,28,34,6,21,-7,13
210,319,133,141,8,128,-5,13
509,58,28,34,6,21,-7,13
136,228,138,146,8,133,-5,13
136,227,133,141,8,128,-5,13
509,267,176,180,4,167,-9,13
277,250,170,170,0,157,-13,13
64,296,21,34,13,21,0,13
384,486,28,34,6,21,-7,13
384,485,34,34,0,21,-13,13
384,415,28,34,6,21,-7,13
341,346,199,206,7,193,-6,13
250,314,129,135,6,122,-7,13
250,313,132,138,6,125,-7,13
250,306,158,164,6,151,-7,13
287,221,102,102,0,89,-13,13
101,380,46,56,10,43,-3,13
66,269,21,34,13,21,0,13
66,268,21,34,13,21,0,13
66,267,28,34,6,21,-7,13
297,368,28,34,6,21,-7,13
111,362,84,87,3,74,-10,13
157,216,159,164,5,151,-8,13
320,159,103,109,6,96,-7,13
442,472,28,34,6,21,-7,13
47,329,28,34,6,21,-7,13
190,316,85,85,0,72,-13,13
53,294,56,56,0,43,-13,13
53,293,53,56,3,43,-10,13
508,333,34,34,0,21,-13,13
508,332,34,34,0,21,-13,13
320,157,103,111,8,98,-5,13
320,155,110,116,6,103,-7,13
320,154,111,116,5,103,-8,13
269,309,56,59,3,46,-10,13
210,308,167,173,6,160,-7,13
59,321,34,34,0,21,-13,13
59,313,28,34,6,21,-7,13
35,234,252,252,0,239,-13,13
320,352,178,184,6,171,-7,13
47,312,66,72,6,59,-7,13
47,306,46,59,13,46,0,13
442,388,34,34,0,21,-13,13
443,251,210,216,6,203,-7,13
132,354,93,93,0,80,-13,13
320,351,184,191,7,178,-6,13
408,233,28,34,6,21,-7,13
59,312,34,34,0,21,-13,13
59,311,28,34,6,21,-7,13
59,305,28,34,6,21,-7,13
59,283,28,34,6,21,-7,13
59,282,28,34,6,21,-7,13
507,526,28,34,6,21,-7,13
507,525,28,34,6,21,-7,13
507,524,28,34,6,21,-7,13
321,158,98,106,8,93,-5,13
94,353,95,102,7,89,-6,13
94,352,101,106,5,93,-8,13
371,290,28,34,6,21,-7,13
371,277,203,212,9,199,-4,13
243,313,145,151,6,138,-7,13
53,309,53,56,3,43,-10,13
251,244,160,167,7,154,-6,13
47,328,34,34,0,21,-13,13
47,327,28,34,6,21,-7,13
70,310,28,34,6,21,-7,13
70,309,28,34,6,21,-7,13
70,308,28,34,6,21,-7,13
70,302,28,34,6,21,-7,13
321,157,101,106,5,93,-8,13
321,155,103,111,8,98,-5,13
321,154,105,112,7,99,-6,13
84,301,146,152,6,139,-7,13
408,346,207,214,7,201,-6,13
269,299,43,56,13,43,0,13
210,303,187,195,8,182,-5,13
116,232,154,157,3,144,-10,13
350,302,28,34,6,21,-7,13
287,297,126,133,7,120,-6,13
287,295,137,143,6,130,-7,13
229,289,140,143,3,130,-10,13
374,96,28,34,6,21,-7,13
374,95,21,34,13,21,0,13
210,297,180,183,3,170,-10,13
70,313,28,34,6,21,-7,13
70,312,28,34,6,21,-7,13
70,311,28,34,6,21,-7,13
129,376,53,56,3,43,-10,13
157,291,170,176,6,163,-7,13
569,52,21,34,13,21,0,13
568,541,253,254,1,241,-12,13
350,301,34,34,0,21,-13,13
176,224,156,169,13,156,0,13
341,195,50,56,6,43,-7,13
341,194,50,56,6,43,-7,13
442,251,210,216,6,203,-7,13
269,306,50,56,6,43,-7,13
269,305,46,56,10,43,-3,13
269,304,46,56,10,43,-3,13
371,273,225,230,5,217,-8,13
64,299,28,34,6,21,-7,13
64,298,34,34,0,21,-13,13
64,297,28,34,6,21,-7,13
384,264,225,230,5,217,-8,13
341,149,53,59,6,46,-7,13
287,312,95,102,7,89,-6,13
287,311,96,105,9,92,-4,13
360,301,28,34,6,21,-7,13
269,244,164,170,6,157,-7,13
321,237,240,243,3,230,-10,13
70,301,28,34,6,21,-7,13
70,300,28,34,6,21,-7,13
157,299,183,190,7,177,-6,13
409,405,34,34,0,21,-13,13
321,384,28,34,6,21,-7,13
409,259,217,222,5,209,-8,13
67,367,46,59,13,46,0,13
67,366,59,59,0,46,-13,13
140,291,154,158,4,145,-9,13
209,295,180,186,6,173,-7,13
506,526,28,34,6,21,-7,13
506,524,28,34,6,21,-7,13
409,346,209,215,6,202,-7,13
409,480,21,34,13,21,0,13
35,312,61,66,5,53,-8,13
175,356,116,123,7,110,-6,13
350,314,53,59,6,46,-7,13
243,255,115,122,7,109,-6,13
191,243,152,160,8,147,-5,13
251,303,164,169,5,156,-8,13
321,351,184,191,7,178,-6,13
409,401,34,34,0,21,-13,13
506,315,28,34,6,21,-7,13
410,233,28,34,6,21,-7,13
506,265,172,177,5,164,-8,13
268,310,53,59,6,46,-7,13
268,309,50,59,9,46,-4,13
209,303,184,191,7,178,-6,13
441,519,21,34,13,21,0,13
53,336,21,34,13,21,0,13
350,332,215,220,5,207,-8,13
287,359,137,140,3,127,-10,13
280,296,123,128,5,115,-8,13
280,289,138,145,7,132,-6,13
410,331,190,201,11,188,-2,13
410,326,216,221,5,208,-8,13
384,268,206,214,8,201,-5,13
297,361,133,137,4,124,-9,13
549,137,5,15,10,2,-3,13
383,415,28,34,6,21,-7,13
224,322,101,109,8,96,-5,13
268,303,43,56,13,43,0,13
268,302,43,56,13,43,0,13
505,525,34,34,0,21,-13,13
505,524,28,34,6,21,-7,13
76,339,28,34,6,21,-7,13
441,325,215,218,3,205,-10,13
175,354,127,132,5,119,-8,13
466,531,253,253,0,240,-13,13
59,237,59,59,0,46,-13,13
59,236,59,59,0,46,-13,13
233,282,142,154,12,141,-1,13
233,280,154,158,4,145,-9,13
268,299,43,56,13,43,0,13
268,298,43,56,13,43,0,13
268,294,46,59,13,46,0,13
505,316,34,34,0,21,-13,13
410,480,21,34,13,21,0,13
410,346,210,216,6,203,-7,13
360,90,50,56,6,43,-7,13
360,87,50,56,6,43,-7,13
411,233,28,34,6,21,-7,13
132,309,172,177,5,164,-8,13
242,354,76,85,9,72,-4,13
350,340,208,221,13,208,0,13
350,316,59,66,7,53,-6,13
76,340,21,34,13,21,0,13
322,217,50,59,9,46,-4,13
322,215,61,66,5,53,-8,13
322,205,92,93,1,80,-12,13
268,301,43,56,13,43,0,13
268,300,43,56,13,43,0,13
296,368,28,34,6,21,-7,13
383,486,28,34,6,21,-7,13
383,416,28,34,6,21,-7,13
411,250,207,213,6,200,-7,13
504,318,28,34,6,21,-7,13
504,317,34,34,0,21,-13,13
377,356,213,225,12,212,-1,13
441,389,34,34,0,21,-13,13
76,345,28,34,6,21,-7,13
76,344,21,34,13,21,0,13
76,343,28,34,6,21,-7,13
76,342,28,34,6,21,-7,13
76,341,28,34,6,21,-7,13
174,378,50,59,9,46,-4,13
174,374,46,59,13,46,0,13
441,275,202,214,12,201,-1,13
53,347,28,34,6,21,-7,13
441,526,253,253,0,240,-13,13
340,316,21,34,13,21,0,13
568,58,28,34,6,21,-7,13
568,57,34,34,0,21,-13,13
568,56,34,34,0,21,-13,13
568,55,28,34,6,21,-7,13
568,52,21,34,13,21,0,13
504,525,34,34,0,21,-13,13
504,524,28,34,6,21,-7,13
83,379,50,59,9,46,-4,13
411,326,217,222,5,209,-8,13
238,346,82,93,11,80,-2,13
322,351,184,191,7,178,-6,13
550,48,255,255,0,242,-13,13
232,316,96,103,7,90,-6,13
158,284,178,178,0,165,-13,13
411,346,211,217,6,204,-7,13
238,314,129,136,7,123,-6,13
251,312,133,140,7,127,-6,13
53,346,28,34,6,21,-7,13
53,345,28,34,6,21,-7,13
175,300,177,182,5,169,-8,13
175,232,176,186,10,173,-3,13
174,312,109,111,2,98,-11,13
158,306,82,93,11,80,-2,13
158,300,177,183,6,170,-7,13
323,152,99,106,7,93,-6,13
36,298,85,89,4,76,-9,13
58,358,53,56,3,43,-10,13
411,480,21,34,13,21,0,13
412,255,203,212,9,199,-4,13
412,233,28,34,6,21,-7,13
412,258,219,223,4,210,-9,13
359,418,21,34,13,21,0,13
112,362,84,87,3,74,-10,13
76,372,56,59,3,46,-10,13
76,366,53,56,3,43,-10,13
76,347,21,34,13,21,0,13
76,346,28,34,6,21,-7,13
251,315,122,129,7,116,-6,13
503,525,34,34,0,21,-13,13
411,512,28,34,6,21,-7,13
412,347,207,215,8,202,-5,13
412,404,34,34,0,21,-13,13
36,312,61,66,5,53,-8,13
413,248,203,210,7,197,-6,13
413,234,21,34,13,21,0,13
36,316,43,56,13,43,0,13
371,413,34,34,0,21,-13,13
371,357,213,225,12,212,-1,13
101,363,68,72,4,59,-9,13
351,83,70,74,4,61,-9,13
351,76,254,254,0,241,-13,13
47,219,251,254,3,241,-10,13
174,232,177,186,9,173,-4,13
53,344,28,34,6,21,-7,13
53,343,28,34,6,21,-7,13
53,342,28,34,6,21,-7,13
502,525,28,34,6,21,-7,13
323,236,226,238,12,225,-1,13
208,297,174,180,6,167,-7,13
208,296,173,180,7,167,-6,13
58,305,28,34,6,21,-7,13
36,301,84,85,1,72,-12,13
36,300,76,85,9,72,-4,13
503,318,28,34,6,21,-7,13
413,233,28,34,6,21,-7,13
207,340,111,119,8,106,-5,13
207,339,115,122,7,109,-6,13
207,338,118,124,6,111,-7,13
207,337,120,128,8,115,-5,13
207,335,125,133,8,120,-5,13
239,253,123,128,5,115,-8,13
73,207,251,252,1,239,-12,13
441,236,28,34,6,21,-7,13
377,417,28,34,6,21,-7,13
101,222,28,34,6,21,-7,13
101,221,28,34,6,21,-7,13
101,220,28,34,6,21,-7,13
287,374,26,37,11,24,-2,13
323,351,184,191,7,178,-6,13
83,269,188,192,4,179,-9,13
58,309,28,34,6,21,-7,13
359,310,21,34,13,21,0,13
359,302,28,34,6,21,-7,13
340,190,53,56,3,43,-10,13
46,353,28,34,6,21,-7,13
46,352,28,34,6,21,-7,13
46,351,28,34,6,21,-7,13
440,389,34,34,0,21,-13,13
95,354,92,98,6,85,-7,13
36,317,46,56,10,43,-3,13
323,410,28,34,6,21,-7,13
58,321,28,34,6,21,-7,13
413,347,209,217,8,204,-5,13
207,311,148,155,7,142,-6,13
267,269,162,168,6,155,-7,13
267,268,165,172,7,159,-6,13
502,318,28,34,6,21,-7,13
158,342,74,85,11,72,-2,13
158,331,120,129,9,116,-4,13
252,303,160,165,5,152,-8,13
252,244,158,166,8,153,-5,13
351,106,66,74,8,61,-5,13
440,519,21,34,13,21,0,13
440,473,34,34,0,21,-13,13
324,151,96,106,10,93,-3,13
112,380,50,59,9,46,-4,13
207,330,138,145,7,132,-6,13
413,404,34,34,0,21,-13,13
324,143,120,120,0,107,-13,13
324,142,116,120,4,107,-9,13
207,331,135,143,8,130,-5,13
46,316,61,66,5,53,-8,13
46,329,28,34,6,21,-7,13
46,327,34,34,0,21,-13,13
46,326,28,34,6,21,-7,13
280,287,145,151,6,138,-7,13
143,279,95,98,3,85,-10,13
414,315,28,34,6,21,-7,13
414,257,220,225,5,212,-8,13
414,254,206,214,8,201,-5,13
359,283,247,248,1,235,-12,13
324,150,101,106,5,93,-8,13
383,314,34,34,0,21,-13,13
383,311,34,34,0,21,-13,13
383,310,34,34,0,21,-13,13
296,361,132,136,4,123,-9,13
207,236,144,153,9,140,-4,13
501,264,174,179,5,166,-8,13
501,327,210,212,2,199,-11,13
414,234,21,34,13,21,0,13
414,233,28,34,6,21,-7,13
58,282,28,34,6,21,-7,13
58,281,28,34,6,21,-7,13
192,318,59,72,13,59,0,13
192,361,102,109,7,96,-6,13
192,244,154,161,7,148,-6,13
173,378,50,59,9,46,-4,13
46,318,59,66,7,53,-6,13
501,59,34,34,0,21,-13,13
159,217,167,175,8,162,-5,13
359,90,56,59,3,46,-10,13
359,87,50,59,9,46,-4,13
359,86,50,56,6,43,-7,13
415,234,21,34,13,21,0,13
339,346,202,208,6,195,-7,13
77,251,43,56,13,43,0,13
77,249,53,59,6,46,-7,13
339,318,28,34,6,21,-7,13
339,317,21,34,13,21,0,13
252,295,167,173,6,160,-7,13
252,294,170,175,5,162,-8,13
415,233,34,34,0,21,-13,13
159,249,168,173,5,160,-8,13
113,219,28,34,6,21,-7,13
113,218,28,34,6,21,-7,13
414,399,34,34,0,21,-13,13
414,347,211,218,7,205,-6,13
414,346,217,222,5,209,-8,13
206,343,105,114,9,101,-4,13
500,327,210,212,2,199,-11,13
37,328,28,34,6,21,-7,13
288,265,180,183,3,170,-10,13
173,314,115,124,9,111,-4,13
440,236,28,34,6,21,-7,13
324,351,184,191,7,178,-6,13
82,373,56,56,0,43,-13,13
206,335,130,137,7,124,-6,13
358,418,21,34,13,21,0,13
358,417,34,34,0,21,-13,13
415,253,205,212,7,199,-6,13
206,344,102,109,7,96,-6,13
551,103,11,13,2,0,-11,13
224,334,112,120,8,107,-5,13
224,332,127,133,6,120,-7,13
383,277,212,219,7,206,-6,13
131,374,46,59,13,46,0,13
440,275,203,215,12,202,-1,13
440,251,211,217,6,204,-7,13
288,355,132,144,12,131,-1,13
288,310,105,109,4,96,-9,13
567,58,28,34,6,21,-7,13
567,57,28,34,6,21,-7,13
567,56,28,34,6,21,-7,13
288,294,141,150,9,137,-4,13
288,292,148,157,9,144,-4,13
383,276,207,214,7,201,-6,13
324,410,28,34,6,21,-7,13
324,409,34,34,0,21,-13,13
415,256,219,224,5,211,-8,13
206,313,144,149,5,136,-8,13
415,315,28,34,6,21,-7,13
500,60,28,34,6,21,-7,13
37,316,46,56,10,43,-3,13
252,315,118,125,7,112,-6,13
252,314,124,129,5,116,-8,13
252,312,130,137,7,124,-6,13
252,311,134,140,6,127,-7,13
46,301,66,72,6,59,-7,13
469,340,216,229,13,216,0,13
500,274,187,200,13,187,0,13
37,334,34,34,0,21,-13,13
37,333,34,34,0,21,-13,13
37,327,28,34,6,21,-7,13
37,326,28,34,6,21,-7,13
37,332,34,34,0,21,-13,13
159,272,127,131,4,118,-9,13
37,331,28,34,6,21,-7,13
37,330,28,34,6,21,-7,13
252,305,153,160,7,147,-6,13
77,253,43,56,13,43,0,13
77,252,43,56,13,43,0,13
72,357,28,34,6,21,-7,13
439,390,34,34,0,21,-13,13
242,315,134,141,7,128,-6,13
339,319,28,34,6,21,-7,13
239,316,123,129,6,116,-7,13
206,294,183,190,7,177,-6,13
206,236,144,153,9,140,-4,13
416,107,28,34,6,21,-7,13
37,329,28,34,6,21,-7,13
206,296,175,180,5,167,-8,13
358,303,28,34,6,21,-7,13
325,222,50,59,9,46,-4,13
143,285,106,115,9,102,-4,13
567,55,21,34,13,21,0,13
567,52,21,34,13,21,0,13
228,332,116,122,6,109,-7,13
325,221,53,59,6,46,-7,13
325,220,53,59,6,46,-7,13
266,267,167,172,5,159,-8,13
159,300,177,183,6,170,-7,13
159,291,172,177,5,164,-8,13
325,147,105,106,1,93,-12,13
325,237,228,238,10,225,-3,13
415,513,21,34,13,21,0,13
415,347,213,220,7,207,-6,13
325,294,28,34,6,21,-7,13
265,319,56,66,10,53,-3,13
499,336,34,34,0,21,-13,13
416,315,28,34,6,21,-7,13
416,255,217,223,6,210,-7,13
416,252,202,210,8,197,-5,13
416,234,21,34,13,21,0,13
339,246,245,248,3,235,-10,13
339,190,50,56,6,43,-7,13
173,229,199,199,0,186,-13,13
416,233,34,34,0,21,-13,13
277,363,156,157,1,144,-12,13
551,278,34,34,0,21,-13,13
551,277,21,34,13,21,0,13
551,139,18,20,2,7,-11,13
145,293,166,173,7,160,-6,13
145,291,155,160,5,147,-8,13
145,286,103,114,11,101,-2,13
325,351,184,191,7,178,-6,13
159,274,126,131,5,118,-8,13
38,229,251,252,1,239,-12,13
499,327,210,212,2,199,-11,13
325,211,64,66,2,53,-11,13
416,331,196,205,9,192,-4,13
499,60,28,34,6,21,-7,13
252,326,85,95,10,82,-3,13
252,321,107,112,5,99,-8,13
46,252,85,89,4,76,-9,13
193,317,61,72,11,59,-2,13
265,266,167,172,5,159,-8,13
325,408,28,34,6,21,-7,13
325,389,28,34,6,21,-7,13
239,315,127,133,6,120,-7,13
239,314,132,137,5,124,-8,13
326,144,106,111,5,98,-8,13
351,303,28,34,6,21,-7,13
193,244,153,160,7,147,-6,13
172,385,252,253,1,240,-12,13
172,378,50,59,9,46,-4,13
470,340,217,229,12,216,-1,13
115,219,28,34,6,21,-7,13
115,218,28,34,6,21,-7,13
159,335,115,115,0,102,-13,13
416,108,28,34,6,21,-7,13
58,239,46,56,10,43,-3,13
417,108,28,34,6,21,-7,13
159,351,117,123,6,110,-7,13
416,403,34,34,0,21,-13,13
416,398,34,34,0,21,-13,13
295,369,28,34,6,21,-7,13
95,382,46,56,10,43,-3,13
172,311,106,111,5,98,-8,13
339,156,50,59,9,46,-4,13
372,95,21,34,13,21,0,13
417,315,28,34,6,21,-7,13
326,121,254,254,0,241,-13,13
417,245,192,197,5,184,-8,13
326,211,56,66,10,53,-3,13
326,148,93,105,12,92,-1,13
326,146,102,106,4,93,-9,13
326,199,92,93,1,80,-12,13
326,194,92,95,3,82,-10,13
205,334,137,143,6,130,-7,13
417,255,219,225,6,212,-7,13
205,299,170,175,5,162,-8,13
205,298,170,175,5,162,-8,13
160,250,170,173,3,160,-10,13
82,272,186,188,2,175,-11,13
264,291,90,98,8,85,-5,13
326,210,56,66,10,53,-3,13
498,336,28,34,6,21,-7,13
498,327,210,212,2,199,-11,13
38,285,84,89,5,76,-8,13
288,359,133,137,4,124,-9,13
288,306,109,116,7,103,-6,13
288,304,110,118,8,105,-5,13
57,326,28,34,6,21,-7,13
57,325,28,34,6,21,-7,13
417,403,34,34,0,21,-13,13
383,232,70,72,2,59,-11,13
264,265,167,172,5,159,-8,13
326,222,53,59,6,46,-7,13
418,106,31,34,3,21,-10,13
417,520,253,253,0,240,-13,13
326,291,28,34,6,21,-7,13
326,240,244,246,2,233,-11,13
338,320,28,34,6,21,-7,13
338,319,28,34,6,21,-7,13
351,302,34,34,0,21,-13,13
253,275,158,162,4,149,-9,13
439,236,28,34,6,21,-7,13
193,360,98,103,5,90,-8,13
418,331,202,207,5,194,-8,13
418,322,220,221,1,208,-12,13
418,316,28,34,6,21,-7,13
145,283,95,102,7,89,-6,13
382,337,195,207,12,194,-1,13
382,336,195,207,12,194,-1,13
382,488,21,34,13,21,0,13
382,486,28,34,6,21,-7,13
497,327,210,212,2,199,-11,13
160,214,170,173,3,160,-10,13
498,60,34,34,0,21,-13,13
204,344,107,115,8,102,-5,13
378,273,203,210,7,197,-6,13
439,275,204,216,12,203,-1,13
253,291,167,171,4,158,-9,13
438,390,34,34,0,21,-13,13
242,312,146,152,6,139,-7,13
57,308,28,34,6,21,-7,13
57,307,28,34,6,21,-7,13
38,316,50,56,6,43,-7,13
326,353,173,178,5,165,-8,13
326,352,178,184,6,171,-7,13
326,351,184,191,7,178,-6,13
326,390,28,34,6,21,-7,13
497,337,34,34,0,21,-13,13
81,377,53,59,6,46,-7,13
81,371,53,56,3,43,-10,13
193,362,107,115,8,102,-5,13
193,361,102,109,7,96,-6,13
105,381,50,56,6,43,-7,13
100,381,56,59,3,46,-10,13
378,287,28,34,6,21,-7,13
418,254,217,223,6,210,-7,13
205,236,144,153,9,140,-4,13
38,342,28,34,6,21,-7,13
327,141,105,112,7,99,-6,13
327,136,111,118,7,105,-6,13
57,303,28,34,6,21,-7,13
418,402,28,34,6,21,-7,13
418,351,215,222,7,209,-6,13
77,343,34,34,0,21,-13,13
45,326,28,34,6,21,-7,13
45,325,28,34,6,21,-7,13
351,340,211,221,10,208,-3,13
253,296,160,167,7,154,-6,13
338,235,221,226,5,213,-8,13
438,275,204,217,13,204,0,13
57,324,21,34,13,21,0,13
382,416,28,34,6,21,-7,13
67,280,28,34,6,21,-7,13
295,313,115,122,7,109,-6,13
96,219,28,34,6,21,-7,13
552,278,34,34,0,21,-13,13
263,305,76,87,11,74,-2,13
327,145,98,106,8,93,-5,13
496,337,34,34,0,21,-13,13
496,327,210,212,2,199,-11,13
38,345,28,34,6,21,-7,13
38,344,28,34,6,21,-7,13
38,343,28,34,6,21,-7,13
160,289,167,177,10,164,-3,13
327,197,90,93,3,80,-10,13
327,196,92,95,3,82,-10,13
472,255,205,208,3,195,-10,13
194,362,106,115,9,102,-4,13
194,360,98,103,5,90,-8,13
54,295,56,56,0,43,-13,13
54,294,56,56,0,43,-13,13
471,317,34,34,0,21,-13,13
172,221,173,180,7,167,-6,13
77,346,34,34,0,21,-13,13
77,345,34,34,0,21,-13,13
77,344,28,34,6,21,-7,13
77,347,28,34,6,21,-7,13
253,310,136,141,5,128,-8,13
45,315,64,66,2,53,-11,13
253,300,158,164,6,151,-7,13
45,301,64,72,8,59,-5,13
205,294,184,186,2,173,-11,13
358,86,53,59,6,46,-7,13
358,85,50,56,6,43,-7,13
38,341,28,34,6,21,-7,13
38,340,28,34,6,21,-7,13
38,339,28,34,6,21,-7,13
38,336,34,34,0,21,-13,13
38,335,34,34,0,21,-13,13
38,334,34,34,0,21,-13,13
45,284,84,85,1,72,-12,13
45,283,82,85,3,72,-10,13
171,318,147,153,6,140,-7,13
194,349,110,118,8,105,-5,13
45,328,28,34,6,21,-7,13
77,348,28,34,6,21,-7,13
38,333,21,34,13,21,0,13
38,332,21,34,13,21,0,13
38,331,21,34,13,21,0,13
160,291,175,178,3,165,-10,13
552,277,21,34,13,21,0,13
553,53,28,34,6,21,-7,13
295,213,96,102,6,89,-7,13
382,313,34,34,0,21,-13,13
382,312,28,34,6,21,-7,13
382,311,28,34,6,21,-7,13
472,317,34,34,0,21,-13,13
338,99,107,112,5,99,-8,13
437,275,205,217,12,204,-1,13
194,344,131,138,7,125,-6,13
338,159,53,59,6,46,-7,13
357,419,21,34,13,21,0,13
418,478,21,34,13,21,0,13
419,253,215,220,5,207,-8,13
419,245,185,191,6,178,-7,13
327,222,50,59,9,46,-4,13
419,107,28,34,6,21,-7,13
419,106,33,34,1,21,-12,13
418,483,28,34,6,21,-7,13
57,281,21,34,13,21,0,13
160,326,128,133,5,120,-8,13
496,61,29,39,10,26,-3,13
495,327,210,212,2,199,-11,13
228,315,95,102,7,89,-6,13
565,140,24,32,8,19,-5,13
565,52,28,34,6,21,-7,13
566,52,28,34,6,21,-7,13
289,217,82,93,11,80,-2,13
105,383,53,66,13,53,0,13
160,333,114,118,4,105,-9,13
327,290,21,34,13,21,0,13
160,332,115,119,4,106,-9,13
57,280,28,34,6,21,-7,13
419,316,28,34,6,21,-7,13
419,338,223,226,3,213,-10,13
327,309,23,32,9,19,-4,13
71,244,66,74,8,61,-5,13
327,351,184,191,7,178,-6,13
419,331,204,209,5,196,-8,13
77,372,56,59,3,46,-10,13
77,366,50,56,6,43,-7,13
419,515,28,34,6,21,-7,13
419,514,28,34,6,21,-7,13
419,483,28,34,6,21,-7,13
295,212,101,106,5,93,-8,13
19,309,53,56,3,43,-10,13
19,308,50,56,6,43,-7,13
19,307,46,56,10,43,-3,13
262,355,80,87,7,74,-6,13
327,391,28,34,6,21,-7,13
495,61,31,39,8,26,-5,13
57,275,59,59,0,46,-13,13
419,516,28,34,6,21,-7,13
357,418,21,34,13,21,0,13
357,417,34,34,0,21,-13,13
328,129,111,119,8,106,-5,13
254,255,163,167,4,154,-9,13
131,246,170,177,7,164,-6,13
100,366,50,59,9,46,-4,13
494,327,210,212,2,199,-11,13
71,243,70,74,4,61,-9,13
420,252,213,218,5,205,-8,13
19,306,43,56,13,43,0,13
294,364,117,118,1,105,-12,13
294,361,127,132,5,119,-8,13
67,289,28,34,6,21,-7,13
494,55,253,253,0,240,-13,13
494,318,34,34,0,21,-13,13
420,316,28,34,6,21,-7,13
39,285,78,87,9,74,-4,13
473,255,204,207,3,194,-10,13
473,317,34,34,0,21,-13,13
436,391,34,34,0,21,-13,13
77,349,28,34,6,21,-7,13
494,61,31,34,3,21,-10,13
494,60,28,34,6,21,-7,13
420,250,202,209,7,196,-6,13
57,246,66,74,8,61,-5,13
420,397,34,34,0,21,-13,13
204,236,144,153,9,140,-4,13
203,360,90,102,12,89,-1,13
328,207,56,59,3,46,-10,13
39,298,66,72,6,59,-7,13
64,365,50,56,6,43,-7,13
382,314,28,34,6,21,-7,13
554,53,28,34,6,21,-7,13
77,358,28,34,6,21,-7,13
77,350,28,34,6,21,-7,13
337,350,181,186,5,173,-8,13
337,347,198,204,6,191,-7,13
337,320,28,34,6,21,-7,13
161,257,142,151,9,138,-4,13
161,229,177,180,3,167,-10,13
328,289,21,34,13,21,0,13
328,276,28,34,6,21,-7,13
328,305,38,40,2,27,-11,13
420,332,201,207,6,194,-7,13
493,327,210,212,2,199,-11,13
161,262,150,150,0,137,-13,13
203,345,106,114,8,101,-5,13
357,303,28,34,6,21,-7,13
39,315,50,59,9,46,-4,13
328,351,184,191,7,178,-6,13
195,245,152,159,7,146,-6,13
289,306,114,122,8,109,-5,13
357,282,239,246,7,233,-6,13
57,240,50,56,6,43,-7,13
39,306,72,72,0,59,-13,13
294,351,147,155,8,142,-5,13
225,311,111,120,9,107,-4,13
262,264,164,168,4,155,-9,13
261,355,82,87,5,74,-8,13
421,249,198,205,7,192,-6,13
421,316,28,34,6,21,-7,13
421,332,203,208,5,195,-8,13
39,335,21,34,13,21,0,13
39,334,21,34,13,21,0,13
39,333,21,34,13,21,0,13
161,273,123,136,13,123,0,13
161,270,130,137,7,124,-6,13
161,269,130,137,7,124,-6,13
161,268,133,137,4,124,-9,13
357,84,53,59,6,46,-7,13
357,82,50,59,9,46,-4,13
135,228,141,146,5,133,-8,13
436,343,208,216,8,203,-5,13
242,256,122,128,6,115,-7,13
78,224,61,66,5,53,-8,13
254,295,155,164,9,151,-4,13
72,302,28,34,6,21,-7,13
72,301,28,34,6,21,-7,13
72,300,34,34,0,21,-13,13
329,129,116,119,3,106,-10,13
239,356,87,93,6,80,-7,13
19,295,56,66,10,53,-3,13
225,332,126,132,6,119,-7,13
382,276,206,212,6,199,-7,13
242,251,123,129,6,116,-7,13
242,244,158,166,8,153,-5,13
474,317,34,34,0,21,-13,13
337,269,61,72,11,59,-2,13
254,294,156,164,8,151,-5,13
254,293,157,165,8,152,-5,13
254,291,159,167,8,154,-5,13
421,349,213,220,7,207,-6,13
492,327,210,212,2,199,-11,13
39,336,28,34,6,21,-7,13
492,249,21,28,7,15,-6,13
71,266,21,34,13,21,0,13
71,265,28,34,6,21,-7,13
145,228,138,145,7,132,-6,13
294,213,98,103,5,90,-8,13
96,362,64,74,10,61,-3,13
294,315,106,112,6,99,-7,13
337,245,244,247,3,234,-10,13
78,250,46,56,10,43,-3,13
78,249,46,59,13,46,0,13
78,244,53,59,6,46,-7,13
289,311,103,111,8,98,-5,13
294,313,114,119,5,106,-8,13
39,337,28,34,6,21,-7,13
421,482,28,34,6,21,-7,13
202,367,252,253,1,240,-12,13
202,361,102,103,1,90,-12,13
202,360,90,102,12,89,-1,13
422,316,28,34,6,21,-7,13
422,251,211,216,5,203,-8,13
352,236,222,226,4,213,-9,13
71,245,61,72,11,59,-2,13
422,349,215,220,5,207,-8,13
422,333,201,207,6,194,-7,13
491,333,215,227,12,214,-1,13
161,290,177,180,3,167,-10,13
329,284,28,34,6,21,-7,13
329,283,28,34,6,21,-7,13
329,282,28,34,6,21,-7,13
422,249,199,206,7,193,-6,13
422,330,212,220,8,207,-5,13
422,329,220,224,4,211,-9,13
203,236,144,153,9,140,-4,13
71,261,28,34,6,21,-7,13
423,234,28,34,6,21,-7,13
423,72,37,38,1,25,-12,13
422,516,28,34,6,21,-7,13
422,482,28,34,6,21,-7,13
100,216,50,56,6,43,-7,13
289,361,116,127,11,114,-2,13
44,317,46,59,13,46,0,13
254,308,139,144,5,131,-8,13
254,307,142,147,5,134,-8,13
254,301,151,158,7,145,-6,13
44,328,28,34,6,21,-7,13
44,325,34,34,0,21,-13,13
337,243,231,241,10,228,-3,13
329,351,184,191,7,178,-6,13
555,53,28,34,6,21,-7,13
294,298,156,162,6,149,-7,13
67,290,28,34,6,21,-7,13
435,518,21,34,13,21,0,13
65,366,46,56,10,43,-3,13
100,222,28,34,6,21,-7,13
422,396,34,34,0,21,-13,13
202,345,107,115,8,102,-5,13
260,355,82,87,5,74,-8,13
330,129,111,119,8,106,-5,13
202,342,122,128,6,115,-7,13
423,318,21,34,13,21,0,13
423,316,28,34,6,21,-7,13
423,248,194,201,7,188,-6,13
278,251,169,173,4,160,-9,13
356,418,28,34,6,21,-7,13
356,417,34,34,0,21,-13,13
162,252,174,177,3,164,-10,13
330,149,82,87,5,74,-8,13
337,168,50,56,6,43,-7,13
241,315,131,138,7,125,-6,13
352,303,28,34,6,21,-7,13
195,315,64,72,8,59,-5,13
330,136,101,106,5,93,-8,13
423,331,210,218,8,205,-5,13
356,419,21,34,13,21,0,13
423,329,220,225,5,212,-8,13
490,260,190,195,5,182,-8,13
40,306,68,72,4,59,-9,13
260,328,59,66,7,53,-6,13
423,330,215,221,6,208,-7,13
96,382,46,59,13,46,0,13
381,488,21,34,13,21,0,13
381,487,28,34,6,21,-7,13
381,486,28,34,6,21,-7,13
381,416,28,34,6,21,-7,13
337,167,50,56,6,43,-7,13
337,166,50,56,6,43,-7,13
337,165,53,59,6,46,-7,13
337,164,53,59,6,46,-7,13
44,324,28,34,6,21,-7,13
475,317,34,34,0,21,-13,13
114,219,21,34,13,21,0,13
114,218,28,34,6,21,-7,13
423,516,28,34,6,21,-7,13
423,481,28,34,6,21,-7,13
40,316,53,59,6,46,-7,13
40,315,59,59,0,46,-13,13
424,234,28,34,6,21,-7,13
56,333,56,56,0,43,-13,13
330,351,184,191,7,178,-6,13
241,317,125,132,7,119,-6,13
564,137,5,15,10,2,-3,13
564,52,21,34,13,21,0,13
16,290,66,66,0,53,-13,13
279,303,87,93,6,80,-7,13
65,362,56,56,0,43,-13,13
378,417,28,34,6,21,-7,13
201,343,120,127,7,114,-6,13
201,342,124,130,6,117,-7,13
424,333,205,209,4,196,-9,13
424,331,212,220,8,207,-5,13
424,330,218,223,5,210,-8,13
424,316,28,34,6,21,-7,13
202,231,252,253,1,240,-12,13
201,361,102,103,1,90,-12,13
201,360,93,102,9,89,-4,13
435,347,221,229,8,216,-5,13
435,344,216,221,5,208,-8,13
254,328,84,93,9,80,-4,13
254,325,80,89,9,76,-4,13
71,267,28,34,6,21,-7,13
18,307,56,56,0,43,-13,13
18,306,53,56,3,43,-10,13
18,305,53,56,3,43,-10,13
293,351,146,154,8,141,-5,13
278,294,120,127,7,114,-6,13
278,293,124,129,5,116,-8,13
201,346,106,114,8,101,-5,13
425,250,208,214,6,201,-7,13
425,234,28,34,6,21,-7,13
425,107,28,34,6,21,-7,13
331,136,95,103,8,90,-5,13
331,135,96,105,9,92,-4,13
331,134,99,106,7,93,-6,13
331,132,103,109,6,96,-7,13
201,347,102,109,7,96,-6,13
488,334,218,230,12,217,-1,13
162,334,96,106,10,93,-3,13
424,516,28,34,6,21,-7,13
424,481,28,34,6,21,-7,13
476,317,34,34,0,21,-13,13
254,317,106,112,6,99,-7,13
44,282,84,87,3,74,-10,13
476,275,202,203,1,190,-12,13
476,256,203,207,4,194,-9,13
195,360,98,103,5,90,-8,13
162,348,126,131,5,118,-8,13
556,138,3,15,12,2,-1,13
225,339,92,98,6,85,-7,13
225,338,95,102,7,89,-6,13
435,250,208,214,6,201,-7,13
168,312,115,123,8,110,-5,13
435,342,204,212,8,199,-5,13
56,303,28,34,6,21,-7,13
56,302,21,34,13,21,0,13
356,86,61,66,5,53,-8,13
425,334,202,207,5,194,-8,13
331,279,28,34,6,21,-7,13
331,350,191,196,5,183,-8,13
331,240,226,239,13,226,0,13
425,481,28,34,6,21,-7,13
355,419,21,34,13,21,0,13
355,418,34,34,0,21,-13,13
487,335,221,228,7,215,-6,13
331,204,53,59,6,46,-7,13
425,316,28,34,6,21,-7,13
556,53,28,34,6,21,-7,13
18,311,53,56,3,43,-10,13
556,285,34,34,0,21,-13,13
278,281,154,162,8,149,-5,13
255,278,156,160,4,147,-9,13
336,348,193,199,6,186,-7,13
55,234,50,56,6,43,-7,13
195,349,107,115,8,102,-5,13
130,377,56,66,10,53,-3,13
130,375,46,56,10,43,-3,13
434,518,21,34,13,21,0,13
435,275,207,219,12,206,-1,13
200,360,96,103,7,90,-6,13
426,234,28,34,6,21,-7,13
331,396,28,34,6,21,-7,13
487,327,213,215,2,202,-11,13
331,309,35,41,6,28,-7,13
426,316,28,34,6,21,-7,13
426,275,215,227,12,214,-1,13
426,274,226,227,1,214,-12,13
241,356,87,95,8,82,-5,13
241,355,84,89,5,76,-8,13
241,354,76,85,9,72,-4,13
67,279,21,34,13,21,0,13
67,271,34,34,0,21,-13,13
67,270,21,34,13,21,0,13
67,269,21,34,13,21,0,13
379,273,202,208,6,195,-7,13
426,250,209,215,6,202,-7,13
163,217,167,173,6,160,-7,13
487,259,194,197,3,184,-10,13
425,395,34,34,0,21,-13,13
434,275,209,220,11,207,-2,13
114,381,64,66,2,53,-11,13
168,231,178,188,10,175,-3,13
168,229,195,197,2,184,-11,13
352,339,211,220,9,207,-4,13
426,331,217,222,5,209,-8,13
71,317,28,34,6,21,-7,13
71,316,28,34,6,21,-7,13
278,279,164,166,2,153,-11,13
97,219,28,34,6,21,-7,13
293,314,106,114,8,101,-5,13
381,304,28,34,6,21,-7,13
332,122,114,120,6,107,-7,13
332,117,111,112,1,99,-12,13
258,355,80,85,5,72,-8,13
163,253,174,178,4,165,-9,13
477,245,25,28,3,15,-10,13
167,312,117,125,8,112,-5,13
65,344,28,34,6,21,-7,13
232,281,146,155,9,142,-4,13
232,249,138,144,6,131,-7,13
290,309,112,119,7,106,-6,13
563,52,21,34,13,21,0,13
332,134,95,102,7,89,-6,13
71,295,28,34,6,21,-7,13
332,202,50,59,9,46,-4,13
71,302,28,34,6,21,-7,13
71,301,21,34,13,21,0,13
71,300,28,34,6,21,-7,13
426,480,28,34,6,21,-7,13
56,279,28,34,6,21,-7,13
426,395,34,34,0,21,-13,13
332,204,50,59,9,46,-4,13
332,203,50,59,9,46,-4,13
426,332,211,219,8,206,-5,13
196,345,123,129,6,116,-7,13
72,265,28,34,6,21,-7,13
72,263,28,34,6,21,-7,13
72,262,28,34,6,21,-7,13
200,323,142,148,6,135,-7,13
71,299,28,34,6,21,-7,13
71,298,28,34,6,21,-7,13
71,297,28,34,6,21,-7,13
71,296,28,34,6,21,-7,13
381,277,208,215,7,202,-6,13
557,53,21,34,13,21,0,13
167,311,114,120,6,107,-7,13
477,317,34,34,0,21,-13,13
434,235,28,34,6,21,-7,13
41,300,74,74,0,61,-13,13
240,297,180,185,5,172,-8,13
427,234,28,34,6,21,-7,13
200,346,109,115,6,102,-7,13
200,345,114,119,5,106,-8,13
332,279,21,34,13,21,0,13
486,327,213,215,2,202,-11,13
200,341,130,137,7,124,-6,13
163,345,134,137,3,124,-10,13
226,296,137,144,7,131,-6,13
232,300,76,89,13,76,0,13
232,296,84,95,11,82,-2,13
18,296,59,66,7,53,-6,13
18,294,53,59,6,46,-7,13
196,305,53,59,6,46,-7,13
226,325,109,116,7,103,-6,13
226,288,145,153,8,140,-5,13
486,259,195,199,4,186,-9,13
427,275,214,226,12,213,-1,13
427,274,226,226,0,213,-13,13
427,250,210,216,6,203,-7,13
199,360,98,103,5,90,-8,13
199,348,102,109,7,96,-6,13
427,394,34,34,0,21,-13,13
355,236,221,225,4,212,-9,13
332,396,28,34,6,21,-7,13
486,63,34,34,0,21,-13,13
80,243,43,56,13,43,0,13
240,317,122,128,6,115,-7,13
196,304,50,59,9,46,-4,13
167,315,131,138,7,125,-6,13
167,314,126,132,6,119,-7,13
255,328,90,93,3,80,-10,13
255,326,76,89,13,76,0,13
336,169,50,59,9,46,-4,13
336,168,53,59,6,46,-7,13
256,257,166,169,3,156,-10,13
428,274,226,226,0,213,-13,13
428,249,205,211,6,198,-7,13
428,234,34,34,0,21,-13,13
293,223,64,72,8,59,-5,13
557,285,28,34,6,21,-7,13
557,284,34,34,0,21,-13,13
557,140,18,21,3,8,-10,13
240,312,143,149,6,136,-7,13
41,316,56,59,3,46,-10,13
352,420,28,34,6,21,-7,13
352,419,28,34,6,21,-7,13
196,341,141,147,6,134,-7,13
379,416,21,34,13,21,0,13
279,281,160,165,5,152,-8,13
290,354,136,144,8,131,-5,13
485,327,213,215,2,202,-11,13
427,517,28,34,6,21,-7,13
427,480,28,34,6,21,-7,13
428,275,213,226,13,213,0,13
355,84,59,66,7,53,-6,13
380,487,28,34,6,21,-7,13
380,417,34,34,0,21,-13,13
380,416,28,34,6,21,-7,13
65,278,28,34,6,21,-7,13
65,277,21,34,13,21,0,13
373,95,21,34,13,21,0,13
379,417,28,34,6,21,-7,13
478,274,191,203,12,190,-1,13
336,126,95,102,7,89,-6,13
166,374,43,56,13,43,0,13
478,317,34,34,0,21,-13,13
41,326,28,34,6,21,-7,13
199,345,115,122,7,109,-6,13
199,344,119,127,8,114,-5,13
199,342,129,136,7,123,-6,13
199,341,134,140,6,127,-7,13
199,292,168,170,2,157,-11,13
354,419,28,34,6,21,-7,13
354,418,34,34,0,21,-13,13
164,255,175,179,4,166,-9,13
354,337,218,223,5,210,-8,13
164,230,181,188,7,175,-6,13
72,249,59,66,7,53,-6,13
144,239,136,144,8,131,-5,13
290,305,122,127,5,114,-8,13
562,138,10,16,6,3,-7,13
279,294,126,131,5,118,-8,13
279,289,134,142,8,129,-5,13
164,279,183,185,2,172,-11,13
428,334,207,214,7,201,-6,13
65,269,34,34,0,21,-13,13
65,268,21,34,13,21,0,13
65,267,21,34,13,21,0,13
558,140,18,21,3,8,-10,13
120,372,50,56,6,43,-7,13
373,241,214,221,7,208,-6,13
258,259,166,170,4,157,-9,13
428,517,21,34,13,21,0,13
428,479,28,34,6,21,-7,13
354,338,214,221,7,208,-6,13
78,372,56,59,3,46,-10,13
336,105,110,114,4,101,-9,13
429,234,34,34,0,21,-13,13
429,109,28,34,6,21,-7,13
429,275,213,226,13,213,0,13
429,274,226,226,0,213,-13,13
71,357,28,34,6,21,-7,13
354,313,61,74,13,61,0,13
484,247,25,29,4,16,-9,13
164,347,136,143,7,130,-6,13
164,344,135,143,8,130,-5,13
558,53,21,34,13,21,0,13
144,286,106,116,10,103,-3,13
292,300,141,149,8,136,-5,13
292,299,144,151,7,138,-6,13
292,296,155,161,6,148,-7,13
43,327,28,34,6,21,-7,13
43,316,46,59,13,46,0,13
196,346,119,125,6,112,-7,13
433,392,34,34,0,21,-13,13
72,245,68,72,4,59,-9,13
72,244,72,74,2,61,-11,13
232,301,76,89,13,76,0,13
429,479,28,34,6,21,-7,13
114,231,148,151,3,138,-10,13
333,396,28,34,6,21,-7,13
198,360,99,103,4,90,-9,13
198,324,145,151,6,138,-7,13
240,356,89,95,6,82,-7,13
240,355,82,89,7,76,-6,13
335,318,28,34,6,21,-7,13
335,317,21,34,13,21,0,13
141,240,124,133,9,120,-4,13
379,304,28,34,6,21,-7,13
334,178,53,59,6,46,-7,13
380,304,28,34,6,21,-7,13
65,298,21,34,13,21,0,13
65,297,21,34,13,21,0,13
558,284,28,34,6,21,-7,13
558,283,28,34,6,21,-7,13
97,382,53,59,6,46,-7,13
98,219,28,34,6,21,-7,13
354,284,249,250,1,237,-12,13
430,234,34,34,0,21,-13,13
198,346,114,119,5,106,-8,13
335,235,226,231,5,218,-8,13
479,317,34,34,0,21,-13,13
335,348,194,199,5,186,-8,13
257,304,130,136,6,123,-7,13
430,109,26,34,8,21,-5,13
430,70,39,40,1,27,-12,13
430,349,230,236,6,223,-7,13
353,420,21,34,13,21,0,13
353,419,28,34,6,21,-7,13
55,332,50,56,6,43,-7,13
144,294,167,174,7,161,-6,13
144,293,164,170,6,157,-7,13
292,217,82,93,11,80,-2,13
559,140,18,21,3,8,-10,13
559,139,8,18,10,5,-3,13
559,53,21,34,13,21,0,13
226,337,95,102,7,89,-6,13
196,360,99,103,4,90,-9,13
196,352,96,103,7,90,-6,13
335,287,28,34,6,21,-7,13
166,339,147,153,6,140,-7,13
166,334,155,158,3,145,-10,13
431,250,210,216,6,203,-7,13
198,282,187,194,7,181,-6,13
334,272,59,66,7,53,-6,13
482,317,34,34,0,21,-13,13
430,393,34,34,0,21,-13,13
72,211,173,180,7,167,-6,13
334,285,28,34,6,21,-7,13
55,331,50,56,6,43,-7,13
334,315,21,34,13,21,0,13
334,314,28,34,6,21,-7,13
334,313,28,34,6,21,-7,13
334,312,28,34,6,21,-7,13
279,252,173,173,0,160,-13,13
141,241,128,133,5,120,-8,13
256,280,153,158,5,145,-8,13
166,300,179,184,5,171,-8,13
79,206,252,252,0,239,-13,13
78,378,56,59,3,46,-10,13
335,244,244,246,2,233,-11,13
433,275,210,222,12,209,-1,13
433,274,220,222,2,209,-11,13
65,289,21,34,13,21,0,13
65,288,28,34,6,21,-7,13
65,287,34,34,0,21,-13,13
17,305,56,66,10,53,-3,13
433,235,28,34,6,21,-7,13
166,311,115,123,8,110,-5,13
291,294,160,164,4,151,-9,13
99,364,56,66,10,53,-3,13
42,317,53,59,6,46,-7,13
42,316,50,59,9,46,-4,13
42,315,46,56,10,43,-3,13
165,310,110,116,6,103,-7,13
42,326,28,34,6,21,-7,13
165,318,155,159,4,146,-9,13
334,317,28,34,6,21,-7,13
334,316,21,34,13,21,0,13
55,319,28,34,6,21,-7,13
197,345,119,127,8,114,-5,13
481,337,223,224,1,211,-12,13
482,64,34,34,0,21,-13,13
379,488,28,34,6,21,-7,13
379,487,28,34,6,21,-7,13
65,299,28,34,6,21,-7,13
379,511,28,34,6,21,-7,13
480,317,34,34,0,21,-13,13
55,286,43,56,13,43,0,13
256,316,95,102,7,89,-6,13
334,396,28,34,6,21,-7,13
106,366,50,56,6,43,-7,13
291,313,105,111,6,98,-7,13
373,276,203,212,9,199,-4,13
380,271,205,213,8,200,-5,13
380,267,225,230,5,217,-8,13
432,274,222,223,1,210,-12,13
79,247,46,59,13,46,0,13
481,317,34,34,0,21,-13,13
432,335,209,216,7,203,-6,13
165,378,50,59,9,46,-4,13
165,369,120,122,2,109,-11,13
480,257,200,203,3,190,-10,13
43,282,84,87,3,74,-10,13
256,301,143,149,6,136,-7,13
353,236,221,226,5,213,-8,13
141,253,134,138,4,125,-9,13
241,264,146,153,7,140,-6,13
197,311,50,59,9,46,-4,13
197,310,50,59,9,46,-4,13
432,275,211,223,12,210,-1,13
17,283,72,72,0,59,-13,13
144,283,98,102,4,89,-9,13
67,268,28,34,6,21,-7,13
67,267,34,34,0,21,-13,13
67,263,34,34,0,21,-13,13
335,172,50,59,9,46,-4,13
165,347,142,146,4,133,-9,13
241,256,125,131,6,118,-7,13
278,375,252,254,2,241,-11,13
241,313,139,146,7,133,-6,13
481,65,28,34,6,21,-7,13
166,229,191,195,4,182,-9,13
166,217,168,173,5,160,-8,13
335,177,50,56,6,43,-7,13
144,282,92,102,10,89,-3,13
560,140,16,21,5,8,-8,13
560,139,8,18,10,5,-3,13
453,384,34,34,0,21,-13,13
231,245,127,136,9,123,-4,13
453,389,28,34,6,21,-7,13
184,354,111,116,5,103,-8,13
104,382,56,56,0,43,-13,13
282,289,146,151,5,138,-8,13
66,347,28,34,6,21,-7,13
66,346,28,34,6,21,-7,13
375,287,28,34,6,21,-7,13
375,242,218,224,6,211,-7,13
282,293,138,144,6,132,-6,12
346,499,43,46,3,34,-9,12
184,349,129,135,6,123,-6,12
241,263,142,149,7,137,-5,12
197,236,144,152,8,140,-4,12
241,255,122,128,6,116,-6,12
291,304,127,134,7,122,-5,12
291,303,130,136,6,124,-6,12
375,76,254,254,0,242,-12,12
51,261,70,80,10,68,-2,12
91,229,34,46,12,34,0,12
303,207,106,111,5,99,-7,12
303,205,109,118,9,106,-3,12
303,204,115,119,4,107,-8,12
24,330,39,46,7,34,-5,12
24,329,39,46,7,34,-5,12
388,335,223,227,4,215,-8,12
369,274,227,231,4,219,-8,12
369,240,215,220,5,208,-7,12
432,339,197,208,11,196,-1,12
432,336,205,211,6,199,-6,12
291,302,133,139,6,127,-6,12
291,301,136,141,5,129,-7,12
291,206,253,253,0,241,-12,12
241,311,149,155,6,143,-6,12
335,185,39,46,7,34,-5,12
335,184,39,46,7,34,-5,12
303,331,224,231,7,219,-5,12
303,318,123,128,5,116,-7,12
303,317,124,128,4,116,-8,12
303,316,124,128,4,116,-8,12
303,346,178,185,7,173,-5,12
303,340,194,200,6,188,-6,12
303,336,211,218,7,206,-5,12
292,205,253,253,0,241,-12,12
291,300,138,144,6,132,-6,12
227,332,120,126,6,114,-6,12
227,331,122,128,6,116,-6,12
227,301,127,135,8,123,-4,12
227,291,136,144,8,132,-4,12
165,345,143,147,4,135,-8,12
165,344,142,147,5,135,-7,12
165,343,143,147,4,135,-8,12
432,250,209,215,6,203,-6,12
197,325,151,157,6,145,-6,12
389,233,74,78,4,66,-8,12
275,302,78,84,6,72,-6,12
282,302,96,102,6,90,-6,12
104,364,61,68,7,56,-5,12
230,322,103,107,4,95,-8,12
90,356,74,80,6,68,-6,12
108,221,34,46,12,34,0,12
166,259,178,180,2,168,-10,12
353,265,221,226,5,214,-7,12
141,248,129,139,10,127,-2,12
141,247,131,141,10,129,-2,12
63,282,43,46,3,34,-9,12
303,399,34,46,12,34,0,12
536,137,18,20,2,8,-10,12
222,240,136,139,3,127,-9,12
90,346,105,110,5,98,-7,12
304,177,253,253,0,241,-12,12
90,360,64,68,4,56,-8,12
304,212,84,92,8,80,-4,12
347,273,210,215,5,203,-7,12
74,229,34,46,12,34,0,12
74,228,39,46,7,34,-5,12
454,251,206,210,4,198,-8,12
246,264,132,139,7,127,-5,12
241,266,155,160,5,148,-7,12
241,265,151,156,5,144,-7,12
98,361,78,80,2,68,-10,12
380,242,216,221,5,209,-7,12
335,130,92,99,7,87,-5,12
335,129,95,101,6,89,-6,12
347,236,224,227,3,215,-9,12
245,354,78,84,6,72,-6,12
304,210,93,99,6,87,-6,12
368,240,217,221,4,209,-8,12
25,332,39,46,7,34,-5,12
25,334,43,46,3,34,-9,12
25,333,39,46,7,34,-5,12
24,331,43,46,3,34,-9,12
335,188,34,46,12,34,0,12
197,363,114,117,3,105,-9,12
353,340,215,220,5,208,-7,12
353,339,208,220,12,208,0,12
353,337,213,220,7,208,-5,12
334,468,43,46,3,34,-9,12
197,352,95,101,6,89,-6,12
241,285,173,180,7,168,-5,12
74,267,39,46,7,34,-5,12
74,266,39,46,7,34,-5,12
346,505,43,46,3,34,-9,12
346,504,43,46,3,34,-9,12
302,398,34,46,12,34,0,12
91,340,119,127,8,115,-4,12
304,340,195,200,5,188,-7,12
389,355,217,229,12,217,0,12
149,218,169,173,4,161,-8,12
257,281,149,154,5,142,-7,12
197,349,102,110,8,98,-4,12
431,343,219,223,4,211,-8,12
373,242,220,224,4,212,-8,12
25,316,39,46,7,34,-5,12
275,288,125,130,5,118,-7,12
275,285,132,138,6,126,-6,12
304,349,175,181,6,169,-6,12
574,96,10,12,2,0,-10,12
246,315,138,144,6,132,-6,12
246,313,145,151,6,139,-6,12
246,270,164,167,3,155,-9,12
185,352,115,119,4,107,-8,12
185,292,182,185,3,173,-9,12
302,346,175,182,7,170,-5,12
99,235,151,156,5,144,-7,12
165,342,143,147,4,135,-8,12
165,315,133,141,8,129,-4,12
334,349,190,196,6,184,-6,12
390,80,39,46,7,34,-5,12
118,367,70,78,8,66,-4,12
118,230,150,156,6,144,-6,12
90,219,39,46,7,34,-5,12
234,316,109,114,5,102,-7,12
305,221,64,68,4,56,-8,12
534,51,254,255,1,243,-11,12
184,218,253,253,0,241,-12,12
281,358,147,155,8,143,-4,12
282,362,146,147,1,135,-11,12
122,368,82,84,2,72,-10,12
139,318,34,46,12,34,0,12
106,368,43,46,3,34,-9,12
433,341,203,211,8,199,-4,12
433,335,211,217,6,205,-6,12
433,324,215,219,4,207,-8,12
149,309,59,68,9,56,-3,12
245,321,123,128,5,116,-7,12
185,355,103,111,8,99,-4,12
347,276,215,221,6,209,-6,12
347,275,213,219,6,207,-6,12
347,274,211,217,6,205,-6,12
305,350,175,181,6,169,-6,12
390,336,224,228,4,216,-8,12
390,327,226,230,4,218,-8,12
391,80,34,46,12,34,0,12
26,339,43,46,3,34,-9,12
26,338,43,46,3,34,-9,12
26,337,43,46,3,34,-9,12
149,348,87,92,5,80,-7,12
89,356,70,76,6,64,-6,12
302,340,194,200,6,188,-6,12
302,336,213,218,5,206,-7,12
198,236,144,152,8,140,-4,12
279,280,162,166,4,154,-8,12
166,275,184,187,3,175,-9,12
335,272,64,68,4,56,-8,12
335,242,229,240,11,228,-1,12
335,226,34,46,12,34,0,12
431,334,211,218,7,206,-5,12
302,317,116,124,8,112,-4,12
388,265,206,214,8,202,-4,12
369,292,43,46,3,34,-9,12
74,248,61,68,7,56,-5,12
532,136,15,19,4,7,-8,12
166,318,153,157,4,145,-8,12
226,331,126,132,6,120,-6,12
334,234,223,226,3,214,-9,12
334,226,34,46,12,34,0,12
354,84,61,68,7,56,-5,12
72,207,252,252,0,240,-12,12
257,291,146,151,5,139,-7,12
89,348,96,102,6,90,-6,12
89,345,101,107,6,95,-6,12
68,373,43,46,3,34,-9,12
245,264,134,142,8,130,-4,12
231,281,148,155,7,143,-5,12
108,362,76,84,8,72,-4,12
89,330,148,154,6,142,-6,12
106,362,76,80,4,68,-8,12
106,233,145,149,4,137,-8,12
353,88,74,80,6,68,-6,12
72,253,39,46,7,34,-5,12
196,362,106,115,9,103,-3,12
166,335,153,156,3,144,-9,12
221,267,157,163,6,151,-6,12
221,240,137,140,3,128,-9,12
221,234,252,253,1,241,-11,12
346,185,43,46,3,34,-9,12
186,288,177,180,3,168,-9,12
183,344,144,150,6,138,-6,12
118,378,34,46,12,34,0,12
367,319,226,228,2,216,-10,12
139,319,34,46,12,34,0,12
183,350,125,131,6,119,-6,12
245,248,154,157,3,145,-9,12
165,229,188,193,5,181,-7,12
483,258,199,200,1,188,-11,12
430,341,216,220,4,208,-8,12
42,299,74,80,6,68,-6,12
42,298,78,84,6,72,-6,12
257,294,144,148,4,136,-8,12
257,293,144,149,5,137,-7,12
334,188,39,46,7,34,-5,12
150,245,132,138,6,126,-6,12
283,309,85,92,7,80,-5,12
281,302,95,101,6,89,-6,12
283,297,125,129,4,117,-8,12
283,294,137,144,7,132,-5,12
283,291,148,152,4,140,-8,12
142,252,134,138,4,126,-8,12
78,340,39,46,7,34,-5,12
78,339,39,46,7,34,-5,12
354,236,221,225,4,213,-8,12
165,230,182,191,9,179,-3,12
89,344,103,110,7,98,-5,12
391,337,222,226,4,214,-8,12
245,263,132,138,6,126,-6,12
74,211,184,184,0,172,-12,12
73,384,254,254,0,242,-12,12
73,378,39,46,7,34,-5,12
73,374,39,46,7,34,-5,12
456,239,30,33,3,21,-9,12
306,314,134,138,4,126,-8,12
234,252,140,144,4,132,-8,12
91,350,101,107,6,95,-6,12
91,348,106,111,5,99,-7,12
91,344,112,118,6,106,-6,12
91,343,115,119,4,107,-8,12
91,342,116,122,6,110,-6,12
91,341,117,124,7,112,-5,12
302,218,87,90,3,78,-9,12
89,300,175,179,4,167,-8,12
430,336,202,208,6,196,-6,12
430,334,210,217,7,205,-5,12
430,333,215,220,5,208,-7,12
430,250,210,216,6,204,-6,12
354,251,226,227,1,215,-11,12
166,315,132,138,6,126,-6,12
43,300,68,76,8,64,-4,12
43,299,76,80,4,68,-8,12
166,313,125,129,4,117,-8,12
220,335,103,111,8,99,-4,12
346,182,39,46,7,34,-5,12
346,177,34,46,12,34,0,12
346,176,34,46,12,34,0,12
346,175,43,46,3,34,-9,12
451,252,212,218,6,206,-6,12
245,256,110,117,7,105,-5,12
247,259,110,117,7,105,-5,12
278,363,154,156,2,144,-10,12
334,143,78,84,6,72,-6,12
392,269,206,213,7,201,-5,12
392,263,203,211,8,199,-4,12
89,217,34,46,12,34,0,12
307,282,242,247,5,235,-7,12
274,305,68,76,8,64,-4,12
274,303,72,78,6,66,-6,12
307,314,129,138,9,126,-3,12
89,219,43,46,3,34,-9,12
89,218,39,46,7,34,-5,12
392,272,218,222,4,210,-8,12
302,208,106,111,5,99,-7,12
302,205,111,118,7,106,-5,12
240,354,76,84,8,72,-4,12
144,247,133,137,4,125,-8,12
379,295,43,46,3,34,-9,12
227,327,120,127,7,115,-5,12
227,324,107,114,7,102,-5,12
387,511,46,46,0,34,-12,12
387,510,43,46,3,34,-9,12
183,298,198,204,6,192,-6,12
183,297,198,204,6,192,-6,12
450,351,34,46,12,34,0,12
186,341,150,156,6,144,-6,12
247,258,105,111,6,99,-6,12
346,184,43,46,3,34,-9,12
346,183,39,46,7,34,-5,12
257,322,74,82,8,70,-4,12
429,250,211,216,5,204,-7,12
334,130,96,102,6,90,-6,12
429,336,200,206,6,194,-6,12
429,334,208,215,7,203,-5,12
429,333,214,219,5,207,-7,12
307,311,137,144,7,132,-5,12
307,309,142,147,5,135,-7,12
307,297,156,163,7,151,-5,12
367,275,226,230,4,218,-8,12
125,340,128,138,10,126,-2,12
392,345,207,215,8,203,-4,12
230,281,150,156,6,144,-6,12
73,363,43,46,3,34,-9,12
457,280,46,46,0,34,-12,12
457,252,211,215,4,203,-8,12
17,337,252,254,2,242,-10,12
144,292,160,166,6,154,-6,12
292,295,159,164,5,152,-7,12
433,354,39,46,7,34,-5,12
196,363,114,117,3,105,-9,12
241,301,174,180,6,168,-6,12
241,294,188,192,4,180,-8,12
166,369,122,122,0,110,-12,12
65,283,46,46,0,34,-12,12
380,277,207,212,5,200,-7,12
392,509,39,46,7,34,-5,12
308,185,93,102,9,90,-3,12
274,286,126,132,6,120,-6,12
307,412,43,46,3,34,-9,12
307,411,46,46,0,34,-12,12
307,410,46,46,0,34,-12,12
151,244,138,144,6,132,-6,12
484,327,213,215,2,203,-10,12
164,324,155,158,3,146,-9,12
71,374,46,46,0,34,-12,12
71,373,43,46,3,34,-9,12
42,281,85,90,5,78,-7,12
114,372,43,46,3,34,-9,12
164,346,137,143,6,131,-6,12
307,409,39,46,7,34,-5,12
91,361,66,68,2,56,-10,12
366,309,46,46,0,34,-12,12
88,349,90,96,6,84,-6,12
529,134,1,13,12,1,0,12
199,282,190,194,4,182,-8,12
199,236,144,152,8,140,-4,12
198,363,111,115,4,103,-8,12
164,322,156,159,3,147,-9,12
164,348,133,142,9,130,-3,12
164,309,103,110,7,98,-5,12
164,299,182,188,6,176,-6,12
393,345,207,213,6,201,-6,12
281,294,132,138,6,126,-6,12
283,361,141,146,5,134,-7,12
283,311,84,90,6,78,-6,12
283,310,85,92,7,80,-5,12
374,336,224,227,3,215,-9,12
393,271,216,220,4,208,-8,12
366,494,43,46,3,34,-9,12
91,357,74,80,6,68,-6,12
301,398,39,46,7,34,-5,12
137,373,61,68,7,56,-5,12
199,283,184,190,6,178,-6,12
336,123,99,105,6,93,-6,12
137,358,76,84,8,72,-4,12
348,112,70,78,8,66,-4,12
346,128,61,68,7,56,-5,12
186,314,92,99,7,87,-5,12
186,313,96,99,3,87,-9,12
186,312,93,99,6,87,-6,12
393,270,213,218,5,206,-7,12
276,286,133,139,6,127,-6,12
283,299,114,119,5,107,-7,12
281,295,128,135,7,123,-5,12
88,342,105,110,5,98,-7,12
186,352,111,117,6,105,-6,12
79,347,39,46,7,34,-5,12
428,335,203,208,5,196,-7,12
428,333,211,218,7,206,-5,12
97,360,76,80,4,68,-8,12
292,314,103,110,7,98,-5,12
226,338,92,99,7,87,-5,12
186,349,125,131,6,119,-6,12
345,503,46,46,0,34,-12,12
345,499,39,46,7,34,-5,12
345,356,212,220,8,208,-4,12
74,300,39,46,7,34,-5,12
74,299,39,46,7,34,-5,12
28,300,93,96,3,84,-9,12
393,509,39,46,7,34,-5,12
394,257,225,229,4,217,-8,12
182,320,151,156,5,144,-7,12
74,295,39,46,7,34,-5,12
182,298,193,198,5,186,-7,12
182,297,193,198,5,186,-7,12
450,252,213,218,5,206,-7,12
116,216,39,46,7,34,-5,12
333,233,221,224,3,212,-9,12
279,293,127,132,5,120,-7,12
28,322,34,46,12,34,0,12
308,412,43,46,3,34,-9,12
88,347,93,99,6,87,-6,12
309,190,87,90,3,78,-9,12
309,183,98,105,7,93,-5,12
394,338,221,226,5,214,-7,12
301,341,191,197,6,185,-6,12
458,280,46,46,0,34,-12,12
247,325,110,114,4,102,-8,12
348,236,223,227,4,215,-8,12
182,349,131,137,6,125,-6,12
163,381,82,82,0,70,-12,12
240,305,164,168,4,156,-8,12
79,346,39,46,7,34,-5,12
79,345,39,46,7,34,-5,12
79,344,39,46,7,34,-5,12
79,343,39,46,7,34,-5,12
333,188,43,46,3,34,-9,12
199,324,145,151,6,139,-6,12
365,330,224,227,3,215,-9,12
219,360,96,99,3,87,-9,12
394,509,39,46,7,34,-5,12
394,347,213,218,5,206,-7,12
235,333,93,99,6,87,-6,12
151,352,93,96,3,84,-9,12
151,351,96,99,3,87,-9,12
151,350,99,101,2,89,-10,12
151,349,101,101,0,89,-12,12
292,325,98,105,7,93,-5,12
292,324,98,105,7,93,-5,12
292,323,96,105,9,93,-3,12
226,328,127,132,5,120,-7,12
478,344,34,46,12,34,0,12
336,125,98,102,4,90,-8,12
72,239,74,76,2,64,-10,12
345,316,46,46,0,34,-12,12
88,327,153,158,5,146,-7,12
88,301,167,175,8,163,-4,12
309,198,107,110,3,98,-9,12
526,133,2,13,11,1,-1,12
394,345,205,211,6,199,-6,12
290,313,101,107,6,95,-6,12
428,109,28,34,6,22,-6,12
56,246,66,68,2,56,-10,12
240,314,133,139,6,127,-6,12
240,313,137,144,7,132,-5,12
278,303,84,90,6,78,-6,12
458,529,254,254,0,242,-12,12
247,310,154,159,5,147,-7,12
274,240,239,248,9,236,-3,12
273,361,133,143,10,131,-2,12
151,367,99,107,8,95,-4,12
66,372,46,46,0,34,-12,12
229,322,101,107,6,95,-6,12
244,329,103,107,4,95,-8,12
244,360,253,253,0,241,-12,12
187,284,173,177,4,165,-8,12
449,351,39,46,7,34,-5,12
137,319,39,46,7,34,-5,12
240,310,151,157,6,145,-6,12
333,132,95,101,6,89,-6,12
333,130,99,105,6,93,-6,12
379,339,222,224,2,212,-10,12
379,330,224,229,5,217,-7,12
279,283,154,160,6,148,-6,12
279,282,156,163,7,151,-5,12
144,223,64,68,4,56,-8,12
290,314,98,105,7,93,-5,12
126,340,132,138,6,126,-6,12
88,220,39,46,7,34,-5,12
395,269,214,221,7,209,-5,12
63,369,43,46,3,34,-9,12
301,321,116,123,7,111,-5,12
240,315,129,135,6,123,-6,12
240,304,165,170,5,158,-7,12
240,303,167,172,5,160,-7,12
428,250,211,216,5,204,-7,12
293,296,158,163,5,151,-7,12
293,230,239,245,6,233,-6,12
292,378,39,46,7,34,-5,12
293,212,103,110,7,98,-5,12
301,320,112,123,11,111,-1,12
244,331,93,99,6,87,-6,12
374,300,39,46,7,34,-5,12
395,329,226,230,4,218,-8,12
109,221,34,46,12,34,0,12
88,223,39,46,7,34,-5,12
88,222,39,46,7,34,-5,12
459,280,46,46,0,34,-12,12
187,351,114,119,5,107,-7,12
449,273,208,211,3,199,-9,12
126,337,142,145,3,133,-9,12
80,240,39,46,7,34,-5,12
41,304,66,78,12,66,0,12
240,316,125,131,6,119,-6,12
228,301,126,129,3,117,-9,12
167,300,179,184,5,172,-7,12
256,244,155,164,9,152,-3,12
126,336,144,148,4,136,-8,12
395,347,210,217,7,205,-5,12
395,346,206,213,7,201,-5,12
395,339,218,224,6,212,-6,12
88,230,39,46,7,34,-5,12
88,229,39,46,7,34,-5,12
88,228,39,46,7,34,-5,12
88,224,39,46,7,34,-5,12
152,229,154,155,1,143,-11,12
127,265,195,200,5,188,-7,12
127,262,189,194,5,182,-7,12
477,274,192,203,11,191,-1,12
97,368,39,46,7,34,-5,12
486,281,43,46,3,34,-9,12
427,335,201,207,6,195,-6,12
130,313,184,185,1,173,-11,12
355,263,227,230,3,218,-9,12
137,267,34,46,12,34,0,12
376,242,218,222,4,210,-8,12
345,185,39,46,7,34,-5,12
181,354,112,119,7,107,-5,12
181,353,117,124,7,112,-5,12
181,349,132,138,6,126,-6,12
345,236,225,228,3,216,-9,12
365,319,222,226,4,214,-8,12
365,309,43,46,3,34,-9,12
387,266,205,213,8,201,-4,12
301,282,170,173,3,161,-9,12
92,348,110,115,5,103,-7,12
139,352,70,76,6,64,-6,12
427,334,206,211,5,199,-7,12
427,333,208,216,8,204,-4,12
167,229,193,195,2,183,-10,12
478,66,27,32,5,20,-7,12
478,65,28,32,4,20,-8,12
196,340,145,150,5,138,-7,12
219,238,133,145,12,133,0,12
218,359,89,96,7,84,-5,12
137,291,167,170,3,158,-9,12
376,76,254,254,0,242,-12,12
200,236,144,152,8,140,-4,12
332,314,39,40,1,28,-11,12
240,287,171,178,7,166,-5,12
199,347,106,114,8,102,-4,12
199,346,110,117,7,105,-5,12
163,347,131,137,6,125,-6,12
163,346,132,137,5,125,-7,12
396,260,202,211,9,199,-3,12
396,265,202,209,7,197,-5,12
127,259,182,189,7,177,-5,12
273,302,68,76,8,64,-4,12
137,271,34,46,12,34,0,12
139,345,78,84,6,72,-6,12
370,240,215,219,4,207,-8,12
365,77,252,253,1,241,-11,12
73,311,39,46,7,34,-5,12
348,282,239,243,4,231,-8,12
348,279,227,232,5,220,-7,12
348,277,221,227,6,215,-6,12
167,308,101,105,4,93,-8,12
44,221,253,253,0,241,-12,12
477,344,39,46,7,34,-5,12
55,245,61,68,7,56,-5,12
240,299,179,182,3,170,-9,12
240,298,180,184,4,172,-8,12
427,71,38,38,0,26,-12,12
427,331,219,223,4,211,-8,12
152,290,159,163,4,151,-8,12
386,511,43,46,3,34,-9,12
147,217,177,180,3,168,-9,12
542,136,5,13,8,1,-4,12
139,369,103,105,2,93,-10,12
381,278,212,219,7,207,-5,12
293,219,95,99,4,87,-8,12
336,180,39,46,7,34,-5,12
167,310,110,115,5,103,-7,12
311,175,105,111,6,99,-6,12
397,256,220,225,5,213,-7,12
376,297,46,46,0,34,-12,12
231,307,87,96,9,84,-3,12
133,308,171,175,4,163,-8,12
311,297,160,161,1,149,-11,12
311,219,68,76,8,64,-4,12
396,349,218,223,5,211,-7,12
397,267,213,218,5,206,-7,12
248,258,105,111,6,99,-6,12
344,356,212,220,8,208,-4,12
73,305,39,46,7,34,-5,12
284,304,95,101,6,89,-6,12
284,302,98,105,7,93,-5,12
229,354,78,90,12,78,0,12
426,335,199,206,7,194,-5,12
426,334,204,208,4,196,-8,12
426,333,207,214,7,202,-5,12
434,348,229,231,2,219,-10,12
434,344,217,222,5,210,-7,12
434,337,205,211,6,199,-6,12
477,67,27,37,10,25,-2,12
336,226,34,46,12,34,0,12
273,285,124,130,6,118,-6,12
218,267,168,169,1,157,-11,12
448,351,39,46,7,34,-5,12
448,341,213,218,5,206,-7,12
74,363,39,46,7,34,-5,12
460,252,208,211,3,199,-9,12
187,341,148,155,7,143,-5,12
73,314,39,46,7,34,-5,12
73,313,34,46,12,34,0,12
73,312,34,46,12,34,0,12
344,511,252,254,2,242,-10,12
332,135,93,99,6,87,-6,12
332,132,99,105,6,93,-6,12
163,321,153,160,7,148,-5,12
163,318,163,163,0,151,-12,12
29,322,34,46,12,34,0,12
397,265,205,211,6,199,-6,12
364,495,46,46,0,34,-12,12
397,347,206,213,7,201,-5,12
397,343,203,211,8,199,-4,12
258,354,72,82,10,70,-2,12
163,280,183,188,5,176,-7,12
426,355,39,46,7,34,-5,12
332,180,64,68,4,56,-8,12
232,280,154,157,3,145,-9,12
563,139,16,22,6,10,-6,12
563,137,5,13,8,1,-4,12
133,303,177,182,5,170,-7,12
133,301,178,182,4,170,-8,12
344,335,216,226,10,214,-2,12
128,219,34,46,12,34,0,12
300,322,114,123,9,111,-3,12
543,49,254,254,0,242,-12,12
52,303,34,46,12,34,0,12
448,252,214,219,5,207,-7,12
348,344,207,213,6,201,-6,12
352,340,220,220,0,208,-12,12
355,339,213,221,8,209,-4,12
372,357,213,225,12,213,0,12
232,295,85,96,11,84,-1,12
373,76,254,254,0,242,-12,12
163,299,182,188,6,176,-6,12
259,260,167,170,3,158,-9,12
259,238,253,254,1,242,-11,12
397,330,228,231,3,219,-9,12
236,253,134,139,5,127,-7,12
87,325,155,159,4,147,-8,12
87,324,156,161,5,149,-7,12
128,253,181,182,1,170,-11,12
272,371,254,254,0,242,-12,12
312,219,68,76,8,64,-4,12
312,217,78,84,6,72,-6,12
181,295,184,192,8,180,-4,12
447,351,39,46,7,34,-5,12
447,341,211,217,6,205,-6,12
188,232,192,193,1,181,-11,12
188,227,177,186,9,174,-3,12
187,370,74,76,2,64,-10,12
75,229,43,46,3,34,-9,12
75,228,46,46,0,34,-12,12
201,251,164,169,5,157,-7,12
201,250,160,166,6,154,-6,12
255,301,148,152,4,140,-8,12
434,250,209,214,5,202,-7,12
352,341,212,220,8,208,-4,12
312,175,101,107,6,95,-6,12
398,243,214,219,5,207,-7,12
300,342,189,194,5,182,-7,12
300,341,193,199,6,187,-6,12
273,271,170,173,3,161,-9,12
273,247,163,168,5,156,-7,12
364,319,221,225,4,213,-8,12
364,290,39,46,7,34,-5,12
379,277,205,210,5,198,-7,12
163,300,176,182,6,170,-6,12
201,236,144,152,8,140,-4,12
398,341,216,221,5,209,-7,12
153,294,187,192,5,180,-7,12
73,292,34,46,12,34,0,12
73,291,34,46,12,34,0,12
73,290,39,46,7,34,-5,12
73,289,39,46,7,34,-5,12
73,288,34,46,12,34,0,12
248,298,180,185,5,173,-7,12
278,283,151,156,5,144,-7,12
381,266,226,230,4,218,-8,12
168,308,101,105,4,93,-8,12
336,347,199,204,5,192,-7,12
196,236,144,152,8,140,-4,12
195,362,106,115,9,103,-3,12
398,354,220,226,6,214,-6,12
398,349,214,219,5,207,-7,12
398,348,209,215,6,203,-6,12
312,350,183,192,9,180,-3,12
300,334,221,221,0,209,-12,12
300,323,117,123,6,111,-6,12
146,381,61,68,7,56,-5,12
92,368,39,46,7,34,-5,12
399,243,214,219,5,207,-7,12
364,277,229,233,4,221,-8,12
248,297,182,187,5,175,-7,12
248,296,184,189,5,177,-7,12
244,261,128,134,6,122,-6,12
201,341,128,134,6,122,-6,12
259,354,74,82,8,70,-4,12
425,330,220,224,4,212,-8,12
381,336,194,203,9,191,-3,12
381,331,225,229,4,217,-8,12
381,323,227,231,4,219,-8,12
312,349,190,195,5,183,-7,12
92,359,70,76,6,64,-6,12
92,357,76,82,6,70,-6,12
223,297,145,157,12,145,0,12
223,291,175,178,3,166,-9,12
386,361,43,46,3,34,-9,12
69,360,39,46,7,34,-5,12
284,361,141,142,1,130,-11,12
284,310,90,96,6,84,-6,12
476,67,28,37,9,25,-3,12
425,275,217,227,10,215,-2,12
425,274,227,227,0,215,-12,12
356,87,64,68,4,56,-8,12
425,332,209,217,8,205,-4,12
425,337,196,206,10,194,-2,12
30,322,39,46,7,34,-5,12
313,177,96,101,5,89,-7,12
313,168,112,115,3,103,-9,12
363,495,46,46,0,34,-12,12
30,308,70,82,12,70,0,12
399,344,203,211,8,199,-4,12
399,341,218,223,5,211,-7,12
313,181,85,92,7,80,-5,12
313,179,90,96,6,84,-6,12
65,232,61,68,7,56,-5,12
65,231,68,68,0,56,-12,12
65,230,64,68,4,56,-8,12
65,229,64,68,4,56,-8,12
255,244,156,164,8,152,-4,12
435,337,207,212,5,200,-7,12
215,335,105,111,6,99,-6,12
248,308,158,164,6,152,-6,12
180,349,134,140,6,128,-6,12
248,316,129,136,7,124,-5,12
248,315,132,139,7,127,-5,12
313,219,70,76,6,64,-6,12
519,274,173,175,2,163,-10,12
109,369,39,46,7,34,-5,12
399,354,220,226,6,214,-6,12
399,348,207,214,7,202,-5,12
386,334,225,228,3,216,-9,12
56,312,39,46,7,34,-5,12
56,311,39,46,7,34,-5,12
331,179,66,76,10,64,-2,12
331,178,68,76,8,64,-4,12
331,177,74,76,2,64,-10,12
331,176,76,76,0,64,-12,12
331,175,70,76,6,64,-6,12
144,367,98,105,7,93,-5,12
144,347,76,82,6,70,-6,12
144,346,72,80,8,68,-4,12
180,302,168,175,7,163,-5,12
344,185,39,46,7,34,-5,12
344,174,39,46,7,34,-5,12
244,263,134,141,7,129,-5,12
248,309,155,160,5,148,-7,12
400,262,201,209,8,197,-4,12
188,365,138,139,1,127,-11,12
188,340,151,157,6,145,-6,12
188,315,87,90,3,78,-9,12
281,292,135,143,8,131,-4,12
281,291,136,144,8,132,-4,12
13,275,251,255,4,243,-8,12
254,319,103,107,4,95,-8,12
196,246,154,160,6,148,-6,12
241,316,128,134,6,122,-6,12
168,386,250,252,2,240,-10,12
476,244,27,31,4,19,-8,12
56,314,43,46,3,34,-9,12
56,313,46,46,0,34,-12,12
281,287,148,154,6,142,-6,12
87,230,39,46,7,34,-5,12
87,228,43,46,3,34,-9,12
87,224,46,46,0,34,-12,12
87,222,43,46,3,34,-9,12
519,134,19,22,3,10,-9,12
519,132,3,12,9,0,-3,12
363,239,218,222,4,210,-8,12
331,127,111,118,7,106,-5,12
330,311,42,44,2,32,-10,12
330,301,43,46,3,34,-9,12
330,291,43,46,3,34,-9,12
331,137,93,101,8,89,-4,12
331,133,102,107,5,95,-7,12
69,375,43,46,3,34,-9,12
69,374,43,46,3,34,-9,12
69,373,43,46,3,34,-9,12
400,258,201,209,8,197,-4,12
223,304,156,158,2,146,-10,12
276,301,84,90,6,78,-6,12
92,387,255,255,0,243,-12,12
386,242,213,217,4,205,-8,12
293,361,122,130,8,118,-4,12
278,292,126,131,5,119,-7,12
278,289,131,138,7,126,-5,12
313,349,192,195,3,183,-9,12
87,231,34,46,12,34,0,12
363,91,39,46,7,34,-5,12
154,294,187,192,5,180,-7,12
154,288,168,175,7,163,-5,12
179,349,135,141,6,129,-6,12
462,67,33,41,8,29,-4,12
344,111,82,90,8,78,-4,12
344,87,103,107,4,95,-8,12
344,85,103,107,4,95,-8,12
227,356,85,92,7,80,-5,12
424,334,200,206,6,194,-6,12
202,236,144,152,8,140,-4,12
195,352,99,105,6,93,-6,12
87,221,39,46,7,34,-5,12
69,372,39,46,7,34,-5,12
154,286,181,181,0,169,-12,12
314,180,84,90,6,78,-6,12
237,249,115,127,12,115,0,12
349,84,74,82,8,70,-4,12
142,295,166,173,7,161,-5,12
142,294,162,169,7,157,-5,12
462,69,33,41,8,29,-4,12
462,68,40,41,1,29,-11,12
115,364,78,84,6,72,-6,12
344,109,85,92,7,80,-5,12
330,350,191,196,5,184,-7,12
260,316,72,82,10,70,-2,12
162,308,96,102,6,90,-6,12
379,272,206,212,6,200,-6,12
564,140,20,28,8,16,-4,12
362,508,34,46,12,34,0,12
61,212,252,253,1,241,-11,12
237,284,157,161,4,149,-8,12
314,232,219,231,12,219,0,12
86,376,34,46,12,34,0,12
233,318,103,110,7,98,-5,12
544,138,18,20,2,8,-10,12
31,301,72,82,10,70,-2,12
237,253,130,135,5,123,-7,12
401,343,212,218,6,206,-6,12
31,323,39,46,7,34,-5,12
31,322,43,46,3,34,-9,12
214,332,120,127,7,115,-5,12
214,331,126,131,5,119,-7,12
162,295,182,190,8,178,-4,12
80,351,39,46,7,34,-5,12
80,350,39,46,7,34,-5,12
424,251,213,218,5,206,-7,12
115,232,151,156,5,144,-7,12
248,353,74,80,6,68,-6,12
343,344,205,211,6,199,-6,12
188,352,107,114,7,102,-5,12
446,351,39,46,7,34,-5,12
348,498,39,46,7,34,-5,12
179,355,114,122,8,110,-4,12
60,365,34,46,12,34,0,12
362,319,217,221,4,209,-8,12
31,308,74,82,8,70,-4,12
169,229,197,198,1,186,-11,12
293,364,118,118,0,106,-12,12
240,245,154,163,9,151,-3,12
423,333,203,207,4,195,-8,12
202,291,184,187,3,175,-9,12
202,250,157,164,7,152,-5,12
285,304,98,105,7,93,-5,12
285,303,101,107,6,95,-6,12
285,298,120,126,6,114,-6,12
285,294,142,146,4,134,-8,12
402,256,202,210,8,198,-4,12
300,186,255,255,0,243,-12,12
386,267,204,212,8,200,-4,12
402,343,214,219,5,207,-7,12
402,332,229,231,2,219,-10,12
315,169,99,105,6,93,-6,12
225,325,107,115,8,103,-4,12
372,326,228,231,3,219,-9,12
130,348,107,111,4,99,-8,12
195,346,123,127,4,115,-8,12
272,281,128,138,10,126,-2,12
115,378,39,46,7,34,-5,12
129,245,167,173,6,161,-6,12
213,331,126,131,5,119,-7,12
349,281,235,240,5,228,-7,12
189,242,153,160,7,148,-5,12
446,274,208,212,4,200,-8,12
179,303,163,168,5,156,-7,12
299,346,171,176,5,164,-7,12
22,282,98,101,3,89,-9,12
93,228,39,46,7,34,-5,12
155,214,166,170,4,158,-8,12
315,171,96,102,6,90,-6,12
240,254,122,128,6,116,-6,12
330,267,246,246,0,234,-12,12
40,304,68,78,10,66,-2,12
40,303,66,78,12,66,0,12
330,151,78,84,6,72,-6,12
202,290,180,187,7,175,-5,12
162,300,176,182,6,170,-6,12
162,299,182,188,6,176,-6,12
260,354,74,82,8,70,-4,12
330,181,76,78,2,66,-10,12
330,180,76,78,2,66,-10,12
330,179,76,78,2,66,-10,12
330,178,76,78,2,66,-10,12
330,147,84,92,8,80,-4,12
330,137,99,105,6,93,-6,12
423,349,217,222,5,210,-7,12
31,357,251,252,1,240,-11,12
86,320,159,164,5,152,-7,12
249,294,184,190,6,178,-6,12
86,306,158,164,6,152,-6,12
315,178,84,92,8,80,-4,12
155,240,159,164,5,152,-7,12
155,231,156,163,7,151,-5,12
155,230,159,163,4,151,-8,12
134,303,172,178,6,166,-6,12
285,357,138,147,9,135,-3,12
285,313,87,92,5,80,-7,12
66,283,39,46,7,34,-5,12
162,210,254,254,0,242,-12,12
162,230,175,183,8,171,-4,12
330,152,76,82,6,70,-6,12
44,313,61,68,7,56,-5,12
44,300,72,76,4,64,-8,12
44,299,74,80,6,68,-6,12
515,274,179,182,3,170,-9,12
136,303,164,168,4,156,-8,12
86,322,156,161,5,149,-7,12
315,350,187,193,6,181,-6,12
272,239,243,249,6,237,-6,12
237,332,95,101,6,89,-6,12
315,353,171,178,7,166,-5,12
315,352,176,183,7,171,-5,12
315,351,182,188,6,176,-6,12
155,285,180,183,3,171,-9,12
155,284,175,183,8,171,-4,12
86,305,159,164,5,152,-7,12
463,67,36,41,5,29,-7,12
179,301,167,178,11,166,-1,12
86,304,159,164,5,152,-7,12
202,340,129,136,7,124,-5,12
423,251,212,217,5,205,-7,12
294,230,237,243,6,231,-6,12
294,201,251,254,3,242,-9,12
141,227,133,136,3,124,-9,12
278,241,231,240,9,228,-3,12
330,135,103,107,4,95,-8,12
86,303,159,164,5,152,-7,12
107,363,72,76,4,64,-8,12
93,240,164,169,5,157,-7,12
377,76,254,254,0,242,-12,12
463,326,216,217,1,205,-11,12
243,341,85,96,11,84,-1,12
134,302,170,178,8,166,-4,12
243,315,137,144,7,132,-5,12
279,302,90,96,6,84,-6,12
289,359,130,135,5,123,-7,12
81,240,46,46,0,34,-12,12
162,217,169,177,8,165,-4,12
330,128,112,119,7,107,-5,12
202,341,126,132,6,120,-6,12
316,173,89,96,7,84,-5,12
155,294,187,192,5,180,-7,12
32,323,34,46,12,34,0,12
86,255,184,189,5,177,-7,12
110,221,39,46,7,34,-5,12
403,277,236,236,0,224,-12,12
403,349,207,214,7,202,-5,12
119,367,74,80,6,68,-6,12
382,233,72,82,10,70,-2,12
378,334,192,204,12,192,0,12
316,169,95,101,6,89,-6,12
316,168,98,102,4,90,-8,12
178,360,101,105,4,93,-8,12
374,276,201,209,8,197,-4,12
231,317,93,99,6,87,-6,12
32,349,39,46,7,34,-5,12
213,280,186,189,3,177,-9,12
189,324,160,164,4,152,-8,12
243,330,99,105,6,93,-6,12
343,174,34,46,12,34,0,12
404,244,219,224,5,212,-7,12
86,228,39,46,7,34,-5,12
385,338,194,204,10,192,-2,12
146,310,59,68,9,56,-3,12
71,253,43,46,3,34,-9,12
169,307,95,105,10,93,-2,12
294,310,127,131,4,119,-8,12
294,299,153,160,7,148,-5,12
189,370,78,82,4,70,-8,12
404,291,46,46,0,34,-12,12
404,264,219,224,5,212,-7,12
316,353,171,178,7,166,-5,12
316,352,178,183,5,171,-7,12
316,351,183,188,5,176,-7,12
249,305,164,170,6,158,-6,12
249,304,167,173,6,161,-6,12
249,303,170,176,6,164,-6,12
102,368,39,46,7,34,-5,12
422,248,193,200,7,188,-5,12
422,247,189,194,5,182,-7,12
161,350,126,130,4,118,-8,12
329,350,191,196,5,184,-7,12
329,309,40,41,1,29,-11,12
329,292,46,46,0,34,-12,12
422,331,208,215,7,203,-5,12
56,362,34,46,12,34,0,12
56,361,43,46,3,34,-9,12
56,360,34,46,12,34,0,12
161,368,102,110,8,98,-4,12
404,328,184,196,12,184,0,12
404,324,221,223,2,211,-10,12
317,147,253,254,1,242,-11,12
85,362,39,46,7,34,-5,12
133,242,162,170,8,158,-4,12
134,301,174,178,4,166,-8,12
249,307,160,164,4,152,-8,12
242,263,140,146,6,134,-6,12
161,299,182,188,6,176,-6,12
161,282,184,184,0,172,-12,12
404,255,201,209,8,197,-4,12
223,325,111,117,6,105,-6,12
223,317,99,110,11,98,-1,12
93,360,70,76,6,64,-6,12
385,263,226,230,4,218,-8,12
385,242,213,218,5,206,-7,12
405,258,200,209,9,197,-3,12
271,279,135,142,7,130,-5,12
271,278,138,145,7,133,-5,12
404,349,205,213,8,201,-4,12
117,378,34,46,12,34,0,12
212,331,124,131,7,119,-5,12
212,255,160,166,6,154,-6,12
56,376,251,252,1,240,-11,12
337,226,34,46,12,34,0,12
195,345,125,131,6,119,-6,12
195,344,129,135,6,123,-6,12
195,343,134,139,5,127,-7,12
195,342,138,143,5,131,-7,12
212,298,182,188,6,176,-6,12
342,344,207,211,4,199,-8,12
75,363,39,46,7,34,-5,12
249,353,74,80,6,68,-6,12
190,229,188,192,4,180,-8,12
146,284,98,107,9,95,-3,12
64,263,43,46,3,34,-9,12
64,261,39,46,7,34,-5,12
64,260,34,46,12,34,0,12
385,277,216,223,7,211,-5,12
93,372,46,46,0,34,-12,12
405,353,220,223,3,211,-9,12
96,363,64,68,4,56,-8,12
96,361,68,76,8,64,-4,12
294,314,109,115,6,103,-6,12
436,337,208,214,6,202,-6,12
279,358,148,155,7,143,-5,12
289,312,101,107,6,95,-6,12
110,369,39,46,7,34,-5,12
317,353,171,178,7,166,-5,12
317,352,178,183,5,171,-7,12
33,309,74,76,2,64,-10,12
110,377,39,46,7,34,-5,12
212,232,253,253,0,241,-12,12
203,292,184,187,3,175,-9,12
261,318,70,80,10,68,-2,12
161,300,176,182,6,170,-6,12
329,153,78,84,6,72,-6,12
329,149,84,92,8,80,-4,12
140,367,90,99,9,87,-3,12
317,433,46,46,0,34,-12,12
250,244,162,167,5,155,-7,12
286,221,102,102,0,90,-12,12
512,269,178,183,5,171,-7,12
512,133,19,21,2,9,-10,12
271,239,247,250,3,238,-9,12
271,238,243,250,7,238,-5,12
271,237,243,250,7,238,-5,12
190,244,160,164,4,152,-8,12
190,243,156,161,5,149,-7,12
250,286,177,183,6,171,-6,12
349,330,213,217,4,205,-8,12
294,311,122,128,6,116,-6,12
121,217,39,46,7,34,-5,12
170,222,166,176,10,164,-2,12
254,290,159,167,8,155,-4,12
382,275,201,207,6,195,-6,12
318,145,253,253,0,241,-12,12
117,365,80,84,4,72,-8,12
406,245,222,226,4,214,-8,12
33,323,34,46,12,34,0,12
211,326,129,134,5,122,-7,12
85,309,154,158,4,146,-8,12
85,308,153,158,5,146,-7,12
286,296,130,137,7,125,-5,12
250,285,176,182,6,170,-6,12
177,360,103,107,4,95,-8,12
177,356,111,119,8,107,-4,12
161,308,93,101,8,89,-4,12
195,280,195,197,2,185,-10,12
242,258,127,132,5,120,-7,12
254,296,154,162,8,150,-4,12
421,339,224,227,3,215,-9,12
76,229,34,46,12,34,0,12
76,228,39,46,7,34,-5,12
250,287,179,184,5,172,-7,12
93,371,43,46,3,34,-9,12
93,368,39,46,7,34,-5,12
298,352,151,158,7,146,-5,12
298,350,161,164,3,152,-9,12
298,345,173,179,6,167,-6,12
385,233,72,80,8,68,-4,12
493,249,21,28,7,16,-5,12
261,354,74,82,8,70,-4,12
261,319,70,80,10,68,-2,12
328,458,46,46,0,34,-12,12
117,231,154,156,2,144,-10,12
156,277,131,140,9,128,-3,12
156,294,186,192,6,180,-6,12
211,336,114,118,4,106,-8,12
33,360,253,253,0,241,-12,12
211,316,141,146,5,134,-7,12
146,216,180,182,2,170,-10,12
233,286,130,135,5,123,-7,12
465,253,207,209,2,197,-10,12
190,228,186,190,4,178,-8,12
286,303,105,110,5,98,-7,12
318,351,183,190,7,178,-5,12
85,262,187,190,3,178,-9,12
59,367,34,46,12,34,0,12
59,366,39,46,7,34,-5,12
59,365,39,46,7,34,-5,12
59,364,39,46,7,34,-5,12
406,352,215,224,9,212,-3,12
357,258,227,228,1,216,-11,12
421,252,214,219,5,207,-7,12
382,242,214,220,6,208,-6,12
232,313,92,99,7,87,-5,12
318,353,171,178,7,166,-5,12
406,344,215,220,5,208,-7,12
406,329,187,197,10,185,-2,12
102,217,39,46,7,34,-5,12
286,311,95,101,6,89,-6,12
250,289,181,185,4,173,-8,12
421,67,253,253,0,241,-12,12
204,293,183,185,2,173,-10,12
492,536,252,253,1,241,-11,12
328,350,191,196,5,184,-7,12
250,288,180,185,5,173,-7,12
510,280,39,46,7,34,-5,12
211,298,182,188,6,176,-6,12
361,92,39,46,7,34,-5,12
510,274,184,190,6,178,-6,12
443,345,205,213,8,201,-4,12
377,242,218,222,4,210,-8,12
510,269,182,188,6,176,-6,12
407,325,218,222,4,210,-8,12
250,291,182,187,5,175,-7,12
280,363,149,151,2,139,-10,12
280,358,147,155,8,143,-4,12
229,287,144,147,3,135,-9,12
229,286,146,150,4,138,-8,12
170,318,149,154,5,142,-7,12
161,251,172,174,2,162,-10,12
328,301,39,46,7,34,-5,12
328,300,39,46,7,34,-5,12
420,331,206,211,5,199,-7,12
39,304,70,78,8,66,-4,12
203,341,124,129,5,117,-7,12
407,257,201,209,8,197,-4,12
298,361,133,137,4,125,-8,12
349,498,43,46,3,34,-9,12
250,298,170,177,7,165,-5,12
250,292,182,187,5,175,-7,12
64,283,39,46,7,34,-5,12
64,282,46,46,0,34,-12,12
270,278,135,143,8,131,-4,12
270,273,152,159,7,147,-5,12
211,255,161,167,6,155,-6,12
211,254,157,163,6,151,-6,12
210,339,107,114,7,102,-5,12
270,280,131,135,4,123,-8,12
64,370,46,46,0,34,-12,12
407,346,206,212,6,200,-6,12
443,305,43,46,3,34,-9,12
190,351,105,114,9,102,-3,12
190,348,127,130,3,118,-9,12
509,280,39,46,7,34,-5,12
319,231,226,229,3,217,-9,12
319,354,166,173,7,161,-5,12
319,353,171,178,7,166,-5,12
319,351,184,190,6,178,-6,12
64,281,43,46,3,34,-9,12
64,280,39,46,7,34,-5,12
437,338,206,212,6,200,-6,12
204,251,156,163,7,151,-5,12
203,361,101,102,1,90,-11,12
262,354,74,82,8,70,-4,12
262,311,72,82,10,70,-2,12
547,104,0,12,12,0,0,12
350,108,70,76,6,64,-6,12
243,258,123,129,6,117,-6,12
250,317,122,127,5,115,-7,12
277,282,149,154,5,142,-7,12
211,294,187,193,6,181,-6,12
211,276,180,186,6,174,-6,12
210,332,124,131,7,119,-5,12
210,318,139,142,3,130,-9,12
111,232,149,152,3,140,-9,12
111,221,34,46,12,34,0,12
420,281,46,46,0,34,-12,12
135,347,39,46,7,34,-5,12
135,346,39,46,7,34,-5,12
494,261,182,186,4,174,-8,12
473,285,34,46,12,34,0,12
509,61,31,34,3,22,-9,12
341,320,39,46,7,34,-5,12
250,353,74,80,6,68,-6,12
384,341,211,215,4,203,-8,12
384,338,192,204,12,192,0,12
210,337,114,118,4,106,-8,12
238,285,161,166,5,154,-7,12
111,377,39,46,7,34,-5,12
408,253,201,208,7,196,-5,12
243,268,161,164,3,152,-9,12
243,263,137,144,7,132,-5,12
243,262,134,140,6,128,-6,12
553,103,9,12,3,0,-9,12
294,362,122,130,8,118,-4,12
64,372,34,46,12,34,0,12
64,371,43,46,3,34,-9,12
408,252,206,212,6,200,-6,12
320,354,167,173,6,161,-6,12
320,208,85,92,7,80,-5,12
408,260,220,225,5,213,-7,12
210,254,159,164,5,152,-7,12
508,280,39,46,7,34,-5,12
320,353,173,178,5,166,-7,12
53,304,39,46,7,34,-5,12
53,303,46,46,0,34,-12,12
250,328,84,92,8,80,-4,12
100,235,151,156,5,144,-7,12
117,221,39,46,7,34,-5,12
420,276,232,233,1,221,-11,12
113,377,34,46,12,34,0,12
466,67,40,41,1,29,-11,12
466,66,38,41,3,29,-9,12
84,317,151,156,5,144,-7,12
84,316,151,156,5,144,-7,12
84,315,151,156,5,144,-7,12
84,312,151,155,4,143,-8,12
84,311,149,154,5,142,-7,12
210,294,186,192,6,180,-6,12
59,289,39,46,7,34,-5,12
210,304,184,190,6,178,-6,12
157,277,129,140,11,128,-1,12
157,273,116,128,12,116,0,12
298,192,250,252,2,240,-10,12
94,364,66,68,2,56,-10,12
94,360,72,76,4,64,-8,12
160,350,122,126,4,114,-8,12
327,456,43,46,3,34,-9,12
204,339,131,134,3,122,-9,12
195,223,253,254,1,242,-11,12
352,178,41,46,5,34,-7,12
373,320,227,230,3,218,-9,12
94,354,90,96,6,84,-6,12
94,351,105,111,6,99,-6,12
94,350,109,114,5,102,-7,12
374,76,254,254,0,242,-12,12
350,268,215,219,4,207,-8,12
251,290,175,182,7,170,-5,12
251,289,174,182,8,170,-4,12
437,346,215,223,8,211,-4,12
194,343,135,141,6,129,-6,12
419,330,207,214,7,202,-5,12
225,241,134,137,3,125,-9,12
96,360,74,78,4,66,-8,12
157,294,184,190,6,178,-6,12
408,345,212,218,6,206,-6,12
360,327,225,227,2,215,-10,12
287,224,66,76,10,64,-2,12
229,288,143,145,2,133,-10,12
321,190,78,84,6,72,-6,12
251,274,162,167,5,155,-7,12
191,229,190,192,2,180,-10,12
321,189,72,82,10,70,-2,12
297,352,148,156,8,144,-4,12
548,104,0,12,12,0,0,12
251,293,175,182,7,170,-5,12
328,144,96,105,9,93,-3,12
328,143,98,105,7,93,-5,12
328,142,99,105,6,93,-6,12
419,332,199,206,7,194,-5,12
378,268,227,231,4,219,-8,12
378,242,217,222,5,210,-7,12
77,363,39,46,7,34,-5,12
143,223,59,68,9,56,-3,12
384,233,72,80,8,68,-4,12
67,373,43,46,3,34,-9,12
507,280,39,46,7,34,-5,12
84,285,194,196,2,184,-10,12
84,266,189,192,3,180,-9,12
209,323,130,138,8,126,-4,12
419,281,43,46,3,34,-9,12
204,336,137,142,5,130,-7,12
160,369,103,105,2,93,-10,12
327,350,191,196,5,184,-7,12
327,310,24,31,7,19,-5,12
209,319,136,142,6,130,-6,12
269,269,167,174,7,162,-5,12
94,368,39,46,7,34,-5,12
297,223,56,68,12,56,0,12
297,219,90,92,2,80,-10,12
409,345,214,219,5,207,-7,12
209,309,160,167,7,155,-5,12
442,306,46,46,0,34,-12,12
442,275,201,213,12,201,0,12
191,244,156,163,7,151,-5,12
321,354,168,173,5,161,-7,12
39,227,251,252,1,240,-11,12
228,316,93,101,8,89,-4,12
209,299,182,188,6,176,-6,12
209,298,180,186,6,174,-6,12
409,518,253,253,0,241,-12,12
410,259,219,223,4,211,-8,12
209,304,182,187,5,175,-7,12
287,356,133,143,10,131,-2,12
280,295,126,132,6,120,-6,12
280,290,135,143,8,131,-4,12
384,276,211,216,5,204,-7,12
384,274,200,211,11,199,-1,12
20,321,34,46,12,34,0,12
20,320,39,46,7,34,-5,12
549,104,0,12,12,0,0,12
224,323,103,110,7,98,-5,12
157,352,106,114,8,102,-4,12
437,251,213,218,5,206,-7,12
194,346,124,129,5,117,-7,12
419,250,200,207,7,195,-5,12
327,238,226,237,11,225,-1,12
81,354,39,46,7,34,-5,12
81,353,39,46,7,34,-5,12
204,316,134,139,5,127,-7,12
57,290,43,46,3,34,-9,12
57,289,39,46,7,34,-5,12
322,155,99,105,6,93,-6,12
175,319,145,151,6,139,-6,12
175,318,144,146,2,134,-10,12
175,320,151,155,4,143,-8,12
467,68,29,40,11,28,-1,12
340,360,194,199,5,187,-7,12
338,226,34,46,12,34,0,12
19,324,43,46,3,34,-9,12
143,282,99,102,3,90,-9,12
171,310,103,110,7,98,-5,12
77,335,39,46,7,34,-5,12
322,151,106,111,5,99,-7,12
384,84,39,46,7,34,-5,12
145,347,76,82,6,70,-6,12
20,324,39,46,7,34,-5,12
20,323,34,46,12,34,0,12
208,339,111,118,7,106,-5,12
157,380,72,76,4,64,-8,12
322,161,89,96,7,84,-5,12
505,265,173,177,4,165,-8,12
158,215,164,171,7,159,-5,12
208,323,136,142,6,130,-6,12
175,223,158,168,10,156,-2,12
340,330,224,226,2,214,-10,12
191,360,96,102,6,90,-6,12
208,362,99,101,2,89,-10,12
45,300,72,76,4,64,-8,12
160,300,177,182,5,170,-7,12
160,299,182,188,6,176,-6,12
472,339,218,230,12,218,0,12
194,353,95,102,7,90,-5,12
352,88,80,82,2,70,-10,12
352,86,70,80,10,68,-2,12
352,85,68,76,8,64,-4,12
20,322,34,46,12,34,0,12
107,218,39,46,7,34,-5,12
208,324,135,142,7,130,-5,12
208,298,176,182,6,170,-6,12
467,341,224,227,3,215,-9,12
191,344,136,141,5,129,-7,12
76,333,39,46,7,34,-5,12
76,332,39,46,7,34,-5,12
101,362,72,78,6,66,-6,12
45,310,76,78,2,66,-10,12
253,319,106,111,5,99,-7,12
253,316,112,118,6,106,-6,12
351,507,34,46,12,34,0,12
120,229,148,151,3,139,-9,12
360,94,43,46,3,34,-9,12
360,93,39,46,7,34,-5,12
360,92,39,46,7,34,-5,12
238,332,95,101,6,89,-6,12
411,245,213,218,5,206,-7,12
208,310,155,160,5,148,-7,12
208,302,184,187,3,175,-9,12
550,137,4,14,10,2,-2,12
550,104,10,12,2,0,-10,12
232,318,99,105,6,93,-6,12
158,291,171,176,5,164,-7,12
322,354,168,173,5,161,-7,12
322,445,43,46,3,34,-9,12
57,314,43,46,3,34,-9,12
372,277,201,209,8,197,-4,12
295,312,119,126,7,114,-5,12
295,311,124,129,5,117,-7,12
411,351,207,218,11,206,-1,12
411,347,205,213,8,201,-4,12
208,322,138,142,4,130,-8,12
360,82,46,46,0,34,-12,12
251,313,129,136,7,124,-5,12
350,498,43,46,3,34,-9,12
73,211,178,184,6,172,-6,12
204,361,98,102,4,90,-8,12
327,142,105,110,5,98,-7,12
438,339,203,209,6,197,-6,12
351,341,208,220,12,208,0,12
253,297,160,165,5,153,-7,12
471,346,34,46,12,34,0,12
76,334,39,46,7,34,-5,12
360,81,43,46,3,34,-9,12
359,496,46,46,0,34,-12,12
504,265,174,178,4,166,-8,12
158,314,144,150,6,138,-6,12
412,345,217,223,6,211,-6,12
412,330,192,202,10,190,-2,12
412,250,202,210,8,198,-4,12
412,247,210,215,5,203,-7,12
497,61,28,39,11,27,-1,12
497,281,39,46,7,34,-5,12
242,290,189,193,4,181,-8,12
67,242,61,68,7,56,-5,12
67,231,64,68,4,56,-8,12
412,245,209,215,6,203,-6,12
359,345,220,221,1,209,-11,12
36,289,80,80,0,68,-12,12
174,355,123,128,5,116,-7,12
132,226,134,137,3,125,-9,12
251,321,111,117,6,105,-6,12
251,318,115,122,7,110,-5,12
251,317,116,123,7,111,-5,12
268,267,172,177,5,165,-7,12
412,326,220,224,4,212,-8,12
412,282,46,46,0,34,-12,12
38,303,74,80,6,68,-6,12
204,360,90,101,11,89,-1,12
65,372,39,46,7,34,-5,12
65,371,46,46,0,34,-12,12
439,251,212,217,5,205,-7,12
253,305,150,156,6,144,-6,12
351,327,215,219,4,207,-8,12
413,247,206,211,5,199,-7,12
503,335,39,46,7,34,-5,12
359,344,219,221,2,209,-10,12
359,343,220,221,1,209,-11,12
233,283,141,150,9,138,-3,12
297,194,251,253,2,241,-10,12
107,217,39,46,7,34,-5,12
224,339,93,99,6,87,-6,12
383,337,194,204,10,192,-2,12
441,251,211,216,5,204,-7,12
174,356,118,124,6,112,-6,12
46,370,252,253,1,241,-11,12
264,279,84,96,12,84,0,12
277,302,84,90,6,78,-6,12
19,323,46,46,0,34,-12,12
19,322,46,46,0,34,-12,12
19,321,46,46,0,34,-12,12
19,320,46,46,0,34,-12,12
295,361,130,134,4,122,-8,12
326,350,191,196,5,184,-7,12
160,269,137,137,0,125,-12,12
160,268,130,137,7,125,-5,12
413,258,221,225,4,213,-8,12
268,269,165,171,6,159,-6,12
268,268,168,174,6,162,-6,12
207,336,124,130,6,118,-6,12
264,287,95,101,6,89,-6,12
57,296,39,46,7,34,-5,12
242,311,151,156,5,144,-7,12
242,291,190,194,4,182,-8,12
193,347,124,127,3,115,-9,12
253,289,166,171,5,159,-7,12
172,229,199,199,0,187,-12,12
72,374,43,46,3,34,-9,12
229,246,138,143,5,131,-7,12
101,368,39,46,7,34,-5,12
287,383,250,254,4,242,-8,12
359,290,43,46,3,34,-9,12
413,282,46,46,0,34,-12,12
277,293,119,126,7,114,-5,12
296,230,234,239,5,227,-7,12
252,239,253,253,0,241,-12,12
251,353,74,80,6,68,-6,12
468,254,207,209,2,197,-10,12
440,338,210,216,6,204,-6,12
95,360,72,78,6,66,-6,12
358,283,246,248,2,236,-10,12
552,103,11,12,1,0,-11,12
383,233,72,82,10,70,-2,12
418,107,21,33,12,21,0,12
160,218,175,179,4,167,-8,12
95,353,96,102,6,90,-6,12
323,354,170,173,3,161,-9,12
207,362,101,101,0,89,-12,12
207,314,147,153,6,141,-6,12
112,371,34,46,12,34,0,12
112,370,34,46,12,34,0,12
498,281,39,46,7,34,-5,12
193,353,96,102,6,90,-6,12
242,287,181,187,6,175,-6,12
242,286,180,185,5,173,-7,12
288,305,109,117,8,105,-4,12
143,293,161,167,6,155,-6,12
378,84,39,46,7,34,-5,12
159,381,76,78,2,66,-10,12
158,379,70,76,6,64,-6,12
77,228,43,46,3,34,-9,12
158,358,109,114,5,102,-7,12
112,377,34,46,12,34,0,12
207,315,144,151,7,139,-5,12
266,316,59,68,9,56,-3,12
267,238,252,253,1,241,-11,12
58,289,39,46,7,34,-5,12
207,333,129,137,8,125,-4,12
280,285,151,157,6,145,-6,12
280,236,242,248,6,236,-6,12
66,242,61,68,7,56,-5,12
66,229,59,68,9,56,-3,12
264,354,74,82,8,70,-4,12
326,149,93,102,9,90,-3,12
326,147,96,105,9,93,-3,12
205,333,139,145,6,133,-6,12
205,332,143,146,3,134,-9,12
358,237,219,224,5,212,-7,12
498,262,180,182,2,170,-10,12
498,331,216,222,6,210,-6,12
378,76,254,254,0,242,-12,12
414,282,46,46,0,34,-12,12
359,281,229,238,9,226,-3,12
324,202,90,92,2,80,-10,12
253,290,167,171,4,159,-8,12
172,319,149,156,7,144,-5,12
417,330,205,208,3,196,-9,12
417,322,221,221,0,209,-12,12
326,142,107,117,10,105,-2,12
159,353,117,123,6,111,-6,12
417,251,200,207,7,195,-5,12
324,147,105,114,9,102,-3,12
296,214,89,96,7,84,-5,12
296,312,122,127,5,115,-7,12
501,274,188,199,11,187,-1,12
501,263,170,176,6,164,-6,12
37,290,70,80,10,68,-2,12
440,325,216,218,2,206,-10,12
468,346,43,46,3,34,-9,12
468,340,217,228,11,216,-1,12
173,371,80,84,4,72,-8,12
46,319,61,68,7,56,-5,12
67,253,39,46,7,34,-5,12
143,292,157,164,7,152,-5,12
500,537,253,253,0,241,-12,12
159,209,252,253,1,241,-11,12
135,369,93,102,9,90,-3,12
339,486,43,46,3,34,-9,12
339,485,46,46,0,34,-12,12
339,322,39,46,7,34,-5,12
252,296,165,172,7,160,-5,12
159,248,171,175,4,163,-8,12
159,247,173,177,4,165,-8,12
159,246,173,179,6,167,-6,12
239,286,166,171,5,159,-7,12
288,291,152,160,8,148,-4,12
288,290,157,164,7,152,-5,12
192,360,96,102,6,90,-6,12
326,143,105,114,9,102,-3,12
416,347,214,221,7,209,-5,12
416,337,226,228,2,216,-10,12
417,106,29,33,4,21,-8,12
57,362,39,46,7,34,-5,12
159,352,117,123,6,111,-6,12
325,451,43,46,3,34,-9,12
358,496,46,46,0,34,-12,12
82,358,39,46,7,34,-5,12
82,357,39,46,7,34,-5,12
82,356,39,46,7,34,-5,12
224,337,102,107,5,95,-7,12
288,313,95,101,6,89,-6,12
288,293,144,153,9,141,-3,12
159,319,132,144,12,132,0,12
265,265,170,175,5,163,-7,12
325,353,173,178,5,166,-7,12
326,145,106,107,1,95,-11,12
172,318,145,151,6,139,-6,12
439,345,210,213,3,201,-9,12
193,344,133,139,6,127,-6,12
193,343,138,143,5,131,-7,12
415,282,46,46,0,34,-12,12
415,346,218,223,5,211,-7,12
252,317,114,119,5,107,-7,12
252,316,116,122,6,110,-6,12
252,310,138,144,6,132,-6,12
469,346,43,46,3,34,-9,12
252,308,144,151,7,139,-5,12
159,325,132,140,8,128,-4,12
115,216,39,46,7,34,-5,12
252,320,110,114,4,102,-8,12
470,346,39,46,7,34,-5,12
193,325,156,160,4,148,-8,12
113,371,34,46,12,34,0,12
252,307,147,154,7,142,-5,12
252,306,150,156,6,144,-6,12
242,316,132,137,5,125,-7,12
351,178,39,46,7,34,-5,12
351,177,34,46,12,34,0,12
77,236,39,46,7,34,-5,12
205,361,93,102,9,90,-3,12
416,106,28,33,5,21,-7,12
143,295,169,174,5,162,-7,12
120,367,76,82,6,70,-6,12
470,61,252,253,1,241,-11,12
20,297,61,68,7,56,-5,12
95,352,102,107,5,95,-7,12
145,296,178,184,6,172,-6,12
145,292,160,167,7,155,-5,12
265,291,87,92,5,80,-7,12
265,310,76,76,0,64,-12,12
373,357,215,225,10,213,-2,12
266,266,169,175,6,163,-6,12
266,228,253,253,0,241,-12,12
325,201,89,90,1,78,-11,12
325,148,102,105,3,93,-9,12
206,301,174,178,4,166,-8,12
70,375,43,46,3,34,-9,12
70,373,43,46,3,34,-9,12
70,372,34,46,12,34,0,12
416,256,221,226,5,214,-7,12
416,245,196,200,4,188,-8,12
72,363,43,46,3,34,-9,12
46,284,78,84,6,72,-6,12
46,283,72,84,12,72,0,12
339,244,232,241,9,229,-3,12
339,226,39,46,7,34,-5,12
173,232,177,186,9,174,-3,12
375,270,226,231,5,219,-7,12
575,96,11,12,1,0,-11,12
282,295,132,137,5,125,-7,12
231,284,140,146,6,134,-6,12
141,357,76,80,4,68,-8,12
388,511,46,46,0,34,-12,12
388,510,46,46,0,34,-12,12
120,217,39,46,7,34,-5,12
51,258,78,82,4,70,-8,12
51,257,78,82,4,70,-8,12
104,361,80,84,4,72,-8,12
375,275,202,210,8,198,-4,12
375,274,206,212,6,200,-6,12
388,491,28,39,11,28,0,11
282,247,241,249,8,238,-3,11
282,287,151,156,5,145,-6,11
104,235,151,154,3,143,-8,11
66,351,34,39,5,28,-6,11
230,336,90,98,8,87,-3,11
230,353,80,89,9,78,-2,11
66,352,34,39,5,28,-6,11
66,355,28,39,11,28,0,11
481,246,27,29,2,18,-9,11
67,260,28,39,11,28,0,11
67,258,28,39,11,28,0,11
99,224,34,39,5,28,-6,11
374,508,34,39,5,28,-6,11
374,496,34,39,5,28,-6,11
347,119,66,72,6,61,-5,11
347,118,68,72,4,61,-7,11
91,225,34,39,5,28,-6,11
91,221,34,39,5,28,-6,11
275,360,142,148,6,137,-5,11
389,229,34,39,5,28,-6,11
389,101,34,39,5,28,-6,11
368,492,28,39,11,28,0,11
432,344,221,225,4,214,-7,11
241,257,128,133,5,122,-6,11
145,297,178,184,6,173,-5,11
107,220,34,39,5,28,-6,11
159,284,178,180,2,169,-9,11
325,352,178,184,6,173,-5,11
325,350,191,195,4,184,-7,11
499,313,34,39,5,28,-6,11
325,213,53,61,8,50,-3,11
228,337,90,98,8,87,-3,11
228,331,118,123,5,112,-6,11
228,324,109,114,5,103,-6,11
325,151,93,101,8,90,-3,11
325,150,93,103,10,92,-1,11
415,482,34,39,5,28,-6,11
206,300,175,178,3,167,-8,11
70,377,39,39,0,28,-11,11
416,314,34,39,5,28,-6,11
351,226,39,39,0,28,-11,11
339,320,34,39,5,28,-6,11
206,253,160,165,5,154,-6,11
206,252,156,162,6,151,-5,11
205,345,102,107,5,96,-6,11
358,326,225,225,0,214,-11,11
358,301,34,39,5,28,-6,11
358,300,39,39,0,28,-11,11
339,165,43,50,7,39,-4,11
143,286,111,116,5,105,-6,11
143,284,102,109,7,98,-4,11
280,286,149,153,4,142,-7,11
15,288,61,64,3,53,-8,11
373,412,39,39,0,28,-11,11
95,351,106,112,6,101,-5,11
20,261,252,253,1,242,-10,11
339,164,43,50,7,39,-4,11
46,251,84,87,3,76,-8,11
470,299,34,39,5,28,-6,11
470,298,39,39,0,28,-11,11
193,318,59,70,11,59,0,11
193,316,68,72,4,61,-7,11
439,475,28,39,11,28,0,11
499,312,34,39,5,28,-6,11
500,311,34,39,5,28,-6,11
500,310,34,39,5,28,-6,11
500,280,43,50,7,39,-4,11
500,263,173,179,6,168,-5,11
37,352,34,39,5,28,-6,11
37,324,28,39,11,28,0,11
415,331,194,202,8,191,-3,11
242,317,129,135,6,124,-5,11
159,354,117,123,6,112,-5,11
242,267,158,161,3,150,-8,11
439,339,204,210,6,199,-5,11
439,338,209,214,5,203,-6,11
193,245,157,162,5,151,-6,11
415,313,34,39,5,28,-6,11
206,329,145,149,4,138,-7,11
206,314,144,149,5,138,-6,11
500,312,39,39,0,28,-11,11
252,309,141,147,6,136,-5,11
469,299,39,39,0,28,-11,11
173,365,96,106,10,95,-1,11
77,245,59,61,2,50,-9,11
77,244,56,61,5,50,-6,11
325,212,56,64,8,53,-3,11
172,365,96,106,10,95,-1,11
414,482,34,39,5,28,-6,11
414,481,39,39,0,28,-11,11
206,361,93,101,8,90,-3,11
145,285,103,109,6,98,-5,11
551,104,10,11,1,0,-10,11
372,93,34,39,5,28,-6,11
224,328,133,134,1,123,-10,11
439,521,28,39,11,28,0,11
77,237,39,50,11,39,0,11
288,312,98,103,5,92,-6,11
288,311,102,106,4,95,-7,11
37,323,39,39,0,28,-11,11
324,448,43,50,7,39,-4,11
499,280,43,50,7,39,-4,11
159,290,165,175,10,164,-1,11
159,355,116,122,6,111,-5,11
416,480,39,39,0,28,-11,11
95,367,39,50,11,39,0,11
295,378,34,39,5,28,-6,11
95,376,34,39,5,28,-6,11
351,115,59,64,5,53,-6,11
351,109,64,70,6,59,-5,11
351,108,66,70,4,59,-7,11
324,314,239,245,6,234,-5,11
82,379,56,61,5,50,-6,11
70,359,34,39,5,28,-6,11
207,301,178,184,6,173,-5,11
207,296,167,178,11,167,0,11
358,494,28,39,11,28,0,11
358,493,34,39,5,28,-6,11
358,492,39,39,0,28,-11,11
82,369,43,50,7,39,-4,11
252,297,164,169,5,158,-6,11
252,293,171,175,4,164,-7,11
415,232,34,39,5,28,-6,11
324,352,178,184,6,173,-5,11
173,319,148,155,7,144,-4,11
173,318,144,149,5,138,-6,11
173,310,98,106,8,95,-3,11
469,300,34,39,5,28,-6,11
193,236,144,151,7,140,-4,11
242,343,84,95,11,84,0,11
242,331,95,101,6,90,-5,11
172,308,99,107,8,96,-3,11
159,306,85,93,8,82,-3,11
130,244,161,167,6,156,-5,11
57,367,34,39,5,28,-6,11
57,366,34,39,5,28,-6,11
64,352,39,39,0,28,-11,11
372,228,28,39,11,28,0,11
372,227,39,39,0,28,-11,11
67,255,34,39,5,28,-6,11
172,312,110,114,4,103,-7,11
172,310,101,107,6,96,-5,11
253,244,156,164,8,153,-3,11
339,163,46,50,4,39,-7,11
339,153,56,61,5,50,-6,11
159,214,171,171,0,160,-11,11
135,374,50,61,11,50,0,11
359,93,39,50,11,39,0,11
415,245,200,203,3,192,-8,11
252,292,171,175,4,164,-7,11
173,320,153,157,4,146,-7,11
252,302,161,166,5,155,-6,11
324,239,243,245,2,234,-9,11
414,232,34,39,5,28,-6,11
192,344,134,140,6,129,-5,11
192,325,158,161,3,150,-8,11
440,308,50,50,0,39,-11,11
440,307,43,50,7,39,-4,11
132,220,39,50,11,39,0,11
192,245,160,164,4,153,-7,11
359,84,43,50,7,39,-4,11
359,83,46,50,4,39,-7,11
70,363,46,50,4,39,-7,11
95,375,39,39,0,28,-11,11
383,96,34,39,5,28,-6,11
383,77,254,254,0,243,-11,11
382,510,28,39,11,28,0,11
64,353,34,39,5,28,-6,11
172,320,155,159,4,148,-7,11
95,371,34,39,5,28,-6,11
205,315,138,144,6,133,-5,11
417,314,34,39,5,28,-6,11
416,482,34,39,5,28,-6,11
130,246,173,175,2,164,-9,11
324,213,56,61,5,50,-6,11
266,319,61,64,3,53,-8,11
383,332,225,229,4,218,-7,11
383,324,228,231,3,220,-8,11
550,279,28,39,11,28,0,11
295,383,34,39,5,28,-6,11
296,313,117,123,6,112,-5,11
296,311,126,130,4,119,-7,11
207,293,190,194,4,183,-7,11
207,253,159,164,5,153,-6,11
264,290,92,98,6,87,-5,11
377,510,39,39,0,28,-11,11
414,313,34,39,5,28,-6,11
414,253,203,210,7,199,-4,11
414,248,199,206,7,195,-4,11
58,302,34,39,5,28,-6,11
359,238,220,224,4,213,-7,11
359,226,39,39,0,28,-11,11
359,94,46,50,4,39,-7,11
324,223,46,50,4,39,-7,11
83,235,39,50,11,39,0,11
83,231,46,50,4,39,-7,11
324,214,53,61,8,50,-3,11
339,150,59,64,5,53,-6,11
339,130,80,85,5,74,-6,11
339,119,92,98,6,87,-5,11
58,299,34,39,5,28,-6,11
58,298,34,39,5,28,-6,11
58,297,39,39,0,28,-11,11
324,146,106,116,10,105,-1,11
324,145,110,116,6,105,-5,11
287,364,111,116,5,105,-6,11
280,284,155,160,5,149,-6,11
280,283,158,162,4,151,-7,11
66,243,56,61,5,50,-6,11
326,212,53,64,11,53,0,11
264,321,61,70,9,59,-2,11
326,180,84,87,3,76,-8,11
205,331,144,148,4,137,-7,11
358,87,56,61,5,50,-6,11
205,297,170,175,5,164,-6,11
57,328,34,39,5,28,-6,11
132,221,39,50,11,39,0,11
53,364,34,39,5,28,-6,11
192,243,151,156,5,145,-6,11
158,359,106,112,6,101,-5,11
158,353,114,117,3,106,-8,11
158,352,111,117,6,106,-5,11
239,252,118,125,7,114,-4,11
414,245,203,207,4,196,-7,11
266,318,64,64,0,53,-11,11
266,317,61,64,3,53,-8,11
158,351,111,117,6,106,-5,11
502,274,188,199,11,188,0,11
413,483,34,39,5,28,-6,11
413,481,39,39,0,28,-11,11
58,301,39,39,0,28,-11,11
58,300,39,39,0,28,-11,11
288,307,109,114,5,103,-6,11
378,98,34,39,5,28,-6,11
378,95,34,39,5,28,-6,11
120,220,34,39,5,28,-6,11
120,219,28,39,11,28,0,11
120,218,34,39,5,28,-6,11
502,329,212,222,10,211,-1,11
58,292,34,39,5,28,-6,11
37,251,145,146,1,135,-10,11
377,509,28,39,11,28,0,11
377,495,34,39,5,28,-6,11
252,254,159,163,4,152,-7,11
351,107,66,72,6,61,-5,11
53,363,39,39,0,28,-11,11
53,361,34,39,5,28,-6,11
53,354,34,39,5,28,-6,11
383,99,34,39,5,28,-6,11
264,303,76,87,11,76,0,11
358,226,39,39,0,28,-11,11
418,250,198,205,7,194,-4,11
383,274,199,207,8,196,-3,11
383,269,205,212,7,201,-4,11
502,336,34,39,5,28,-6,11
207,361,95,101,6,90,-5,11
413,345,219,224,5,213,-6,11
413,336,227,229,2,218,-9,11
207,313,149,153,4,142,-7,11
207,312,148,153,5,142,-6,11
83,282,195,197,2,186,-9,11
267,267,169,174,5,163,-6,11
498,280,43,50,7,39,-4,11
471,243,26,28,2,17,-9,11
277,292,123,127,4,116,-7,11
296,363,118,125,7,114,-4,11
468,301,39,39,0,28,-11,11
468,300,39,39,0,28,-11,11
251,340,61,70,9,59,-2,11
251,327,85,95,10,84,-1,11
340,160,43,50,7,39,-4,11
340,149,56,61,5,50,-6,11
340,247,248,248,0,237,-11,11
95,370,28,39,11,28,0,11
145,247,128,133,5,122,-6,11
552,104,0,11,11,0,0,11
277,303,80,87,7,76,-4,11
372,241,216,221,5,210,-6,11
383,242,214,219,5,208,-6,11
383,100,39,39,0,28,-11,11
46,219,252,253,1,242,-10,11
351,267,215,220,5,209,-6,11
193,350,107,116,9,105,-2,11
439,308,43,50,7,39,-4,11
439,307,43,50,7,39,-4,11
418,334,194,205,11,194,0,11
440,521,39,39,0,28,-11,11
377,418,34,39,5,28,-6,11
101,369,34,39,5,28,-6,11
101,367,46,50,4,39,-7,11
101,223,34,39,5,28,-6,11
323,352,178,184,6,173,-5,11
58,312,28,39,11,28,0,11
359,300,34,39,5,28,-6,11
413,313,34,39,5,28,-6,11
371,419,34,39,5,28,-6,11
82,232,50,50,0,39,-11,11
58,317,34,39,5,28,-6,11
58,316,34,39,5,28,-6,11
36,324,28,39,11,28,0,11
36,323,39,39,0,28,-11,11
36,322,34,39,5,28,-6,11
208,253,157,163,6,152,-5,11
413,254,204,211,7,200,-4,11
413,249,201,207,6,196,-5,11
503,265,175,179,4,168,-7,11
413,232,34,39,5,28,-6,11
207,342,105,112,7,101,-4,11
239,255,128,133,5,122,-6,11
264,288,93,101,8,90,-3,11
417,482,34,39,5,28,-6,11
417,480,39,39,0,28,-11,11
296,347,164,171,7,160,-4,11
224,357,85,89,4,78,-7,11
224,356,78,89,11,78,0,11
224,338,98,103,5,92,-6,11
372,76,253,254,1,243,-10,11
174,300,177,182,5,171,-6,11
174,227,179,190,11,179,0,11
76,377,46,50,4,39,-7,11
46,356,34,39,5,28,-6,11
46,355,34,39,5,28,-6,11
58,318,34,39,5,28,-6,11
418,314,34,39,5,28,-6,11
383,97,28,39,11,28,0,11
295,356,137,143,6,132,-5,11
64,375,39,39,0,28,-11,11
64,374,34,39,5,28,-6,11
253,308,142,147,5,136,-6,11
253,307,144,150,6,139,-5,11
253,306,147,153,6,142,-5,11
338,346,204,208,4,197,-7,11
338,321,34,39,5,28,-6,11
82,231,43,50,7,39,-4,11
497,331,215,222,7,211,-4,11
413,245,206,211,5,200,-6,11
323,213,61,64,3,53,-8,11
323,203,90,93,3,82,-8,11
503,336,34,39,5,28,-6,11
503,329,211,222,11,211,0,11
239,263,145,152,7,141,-4,11
412,483,34,39,5,28,-6,11
371,334,226,228,2,217,-9,11
296,350,157,159,2,148,-9,11
340,300,34,39,5,28,-6,11
251,316,119,125,6,114,-5,11
323,190,80,87,7,76,-4,11
411,484,34,39,5,28,-6,11
411,483,34,39,5,28,-6,11
412,399,39,39,0,28,-11,11
58,349,56,61,5,50,-6,11
58,348,59,64,5,53,-6,11
58,347,59,64,5,53,-6,11
58,346,59,64,5,53,-6,11
58,345,56,64,8,53,-3,11
323,147,110,114,4,103,-7,11
323,146,114,116,2,105,-9,11
412,312,34,39,5,28,-6,11
204,345,103,110,7,99,-4,11
253,309,139,144,5,133,-6,11
438,475,28,39,11,28,0,11
438,474,39,39,0,28,-11,11
194,236,144,151,7,140,-4,11
105,375,28,39,11,28,0,11
105,374,34,39,5,28,-6,11
105,373,39,39,0,28,-11,11
65,375,34,39,5,28,-6,11
65,374,28,39,11,28,0,11
81,368,43,50,7,39,-4,11
412,232,34,39,5,28,-6,11
130,226,137,139,2,128,-9,11
359,416,34,39,5,28,-6,11
174,320,151,156,5,145,-6,11
76,362,34,39,5,28,-6,11
76,361,28,39,11,28,0,11
76,360,28,39,11,28,0,11
327,143,105,107,2,96,-9,11
327,135,114,117,3,106,-8,11
351,333,217,221,4,210,-7,11
438,338,208,213,5,202,-6,11
45,354,34,39,5,28,-6,11
253,298,158,164,6,153,-5,11
438,337,212,217,5,206,-6,11
359,494,28,39,11,28,0,11
359,493,28,39,11,28,0,11
359,492,39,39,0,28,-11,11
158,273,118,127,9,116,-2,11
36,274,66,70,4,59,-7,11
158,299,183,188,5,177,-6,11
323,145,116,117,1,106,-10,11
81,386,254,254,0,243,-11,11
81,379,56,61,5,50,-6,11
96,218,34,39,5,28,-6,11
295,299,156,162,6,151,-5,11
327,144,102,106,4,95,-7,11
327,180,78,87,9,76,-2,11
411,345,216,221,5,210,-6,11
208,314,151,155,4,144,-7,11
238,316,120,127,7,116,-4,11
350,421,34,39,5,28,-6,11
350,420,34,39,5,28,-6,11
350,419,39,39,0,28,-11,11
175,285,173,182,9,171,-2,11
175,284,175,182,7,171,-4,11
174,314,112,122,10,111,-1,11
81,367,43,50,7,39,-4,11
418,255,222,226,4,215,-7,11
204,367,254,255,1,244,-10,11
549,279,28,39,11,28,0,11
94,381,43,50,7,39,-4,11
232,320,101,106,5,95,-6,11
232,317,98,103,5,92,-6,11
224,321,99,106,7,95,-4,11
119,373,43,50,7,39,-4,11
158,295,186,191,5,180,-6,11
322,411,34,39,5,28,-6,11
57,316,28,39,11,28,0,11
57,311,34,39,5,28,-6,11
57,310,34,39,5,28,-6,11
327,134,114,120,6,109,-5,11
295,350,155,158,3,147,-8,11
295,315,109,114,5,103,-6,11
295,314,112,117,5,106,-6,11
96,225,28,39,11,28,0,11
253,318,107,114,7,103,-4,11
253,317,110,116,6,105,-5,11
438,251,212,217,5,206,-6,11
194,317,61,70,9,59,-2,11
194,316,68,72,4,61,-7,11
45,312,68,72,4,61,-7,11
120,366,80,85,5,74,-6,11
360,226,39,39,0,28,-11,11
411,312,34,39,5,28,-6,11
411,311,34,39,5,28,-6,11
411,259,220,224,4,213,-7,11
238,356,87,89,2,78,-9,11
238,331,98,103,5,92,-6,11
322,410,34,39,5,28,-6,11
322,352,178,184,6,173,-5,11
411,247,215,218,3,207,-8,11
83,357,46,50,4,39,-7,11
83,356,46,50,4,39,-7,11
208,331,132,138,6,127,-5,11
340,299,34,39,5,28,-6,11
53,338,34,39,5,28,-6,11
340,319,34,39,5,28,-6,11
373,491,28,39,11,28,0,11
373,419,39,39,0,28,-11,11
66,239,70,70,0,59,-11,11
66,238,70,70,0,59,-11,11
171,320,156,160,4,149,-7,11
437,475,34,39,5,28,-6,11
351,419,34,39,5,28,-6,11
194,246,159,163,4,152,-7,11
194,245,155,160,5,149,-6,11
194,244,151,157,6,146,-5,11
352,101,66,72,6,61,-5,11
352,100,66,72,6,61,-5,11
351,418,34,39,5,28,-6,11
296,383,34,39,5,28,-6,11
296,379,34,39,5,28,-6,11
296,378,34,39,5,28,-6,11
95,226,34,39,5,28,-6,11
95,218,28,39,11,28,0,11
383,362,39,50,11,39,0,11
383,341,214,218,4,207,-7,11
383,510,28,39,11,28,0,11
411,255,200,208,8,197,-3,11
504,336,34,39,5,28,-6,11
83,371,39,50,11,39,0,11
83,359,43,50,7,39,-4,11
83,358,43,50,7,39,-4,11
360,85,43,50,7,39,-4,11
208,361,95,101,6,90,-5,11
411,232,34,39,5,28,-6,11
132,306,176,182,6,171,-5,11
132,305,180,184,4,173,-7,11
467,302,39,39,0,28,-11,11
340,345,206,210,4,199,-7,11
242,356,85,95,10,84,-1,11
242,355,85,87,2,76,-9,11
73,212,178,184,6,173,-5,11
341,143,59,64,5,53,-6,11
205,252,158,164,6,153,-5,11
418,482,34,39,5,28,-6,11
418,481,39,39,0,28,-11,11
418,480,39,39,0,28,-11,11
160,274,124,134,10,123,-1,11
360,295,39,39,0,28,-11,11
360,294,39,39,0,28,-11,11
360,293,39,39,0,28,-11,11
410,484,34,39,5,28,-6,11
384,96,39,39,0,28,-11,11
224,301,151,152,1,141,-10,11
233,251,141,144,3,133,-8,11
322,160,92,96,4,85,-7,11
35,351,28,39,11,28,0,11
35,324,28,39,11,28,0,11
35,323,34,39,5,28,-6,11
158,245,172,175,3,164,-8,11
158,216,163,167,4,156,-7,11
158,214,170,171,1,160,-10,11
157,383,64,70,6,59,-5,11
410,347,204,211,7,200,-4,11
496,282,34,39,5,28,-6,11
295,275,177,181,4,170,-7,11
295,274,181,181,0,170,-11,11
295,230,235,240,5,229,-6,11
225,286,151,158,7,147,-4,11
143,320,56,64,8,53,-3,11
143,319,61,64,3,53,-8,11
143,318,64,64,0,53,-11,11
352,82,61,70,9,59,-2,11
338,169,43,50,7,39,-4,11
441,521,39,39,0,28,-11,11
322,154,101,106,5,95,-6,11
322,153,102,107,5,96,-6,11
322,152,103,109,6,98,-5,11
322,149,111,117,6,106,-5,11
322,148,111,117,6,106,-5,11
419,254,219,224,5,213,-6,11
495,339,34,39,5,28,-6,11
160,308,89,96,7,85,-4,11
57,292,28,39,11,28,0,11
160,323,130,139,9,128,-2,11
322,159,93,98,5,87,-6,11
322,158,93,101,8,90,-3,11
505,328,213,221,8,210,-3,11
322,156,98,103,5,92,-6,11
76,336,34,39,5,28,-6,11
467,301,39,39,0,28,-11,11
53,323,43,50,7,39,-4,11
53,322,43,50,7,39,-4,11
47,295,53,61,8,50,-3,11
441,522,28,39,11,28,0,11
171,319,151,156,5,145,-6,11
350,331,217,220,3,209,-8,11
377,338,223,224,1,213,-10,11
377,328,228,231,3,220,-8,11
280,303,89,95,6,84,-5,11
280,302,93,98,5,87,-6,11
383,409,39,39,0,28,-11,11
384,99,28,39,11,28,0,11
384,97,28,39,11,28,0,11
410,482,39,39,0,28,-11,11
321,456,254,255,1,244,-10,11
35,361,253,253,0,242,-11,11
35,352,34,39,5,28,-6,11
506,62,29,33,4,22,-7,11
157,353,109,114,5,103,-6,11
437,336,214,219,5,208,-6,11
225,245,143,148,5,137,-6,11
209,301,186,191,5,180,-6,11
209,300,185,189,4,178,-7,11
410,311,34,39,5,28,-6,11
506,335,34,39,5,28,-6,11
506,328,213,221,8,210,-3,11
410,249,213,218,5,207,-6,11
322,157,95,103,8,92,-3,11
35,307,59,64,5,53,-6,11
35,306,59,61,2,50,-9,11
35,305,53,61,8,50,-3,11
268,312,59,61,2,50,-9,11
209,305,180,184,4,173,-7,11
410,345,215,220,5,209,-6,11
410,335,227,229,2,218,-9,11
53,330,46,50,4,39,-7,11
53,326,50,50,0,39,-11,11
357,494,28,39,11,28,0,11
357,493,34,39,5,28,-6,11
327,294,28,39,11,28,0,11
327,293,28,39,11,28,0,11
327,292,28,39,11,28,0,11
437,358,34,39,5,28,-6,11
338,168,43,50,7,39,-4,11
338,167,43,50,7,39,-4,11
338,156,56,61,5,50,-6,11
338,155,59,61,2,50,-9,11
338,132,80,85,5,74,-6,11
338,130,82,89,7,78,-4,11
338,119,95,101,6,90,-5,11
321,352,178,184,6,173,-5,11
84,234,43,50,7,39,-4,11
409,350,209,212,3,201,-8,11
410,245,215,220,5,209,-6,11
84,225,43,50,7,39,-4,11
84,224,43,50,7,39,-4,11
409,347,203,210,7,199,-4,11
409,484,34,39,5,28,-6,11
409,482,39,39,0,28,-11,11
243,253,116,118,2,107,-9,11
53,325,50,50,0,39,-11,11
53,324,46,50,4,39,-7,11
191,245,161,165,4,154,-7,11
191,242,149,156,7,145,-4,11
191,232,193,193,0,182,-11,11
191,231,186,193,7,182,-4,11
251,302,165,171,6,160,-5,11
321,353,173,178,5,167,-6,11
496,60,39,39,0,28,-11,11
409,329,190,199,9,188,-2,11
409,311,34,39,5,28,-6,11
321,410,34,39,5,28,-6,11
507,62,28,33,5,22,-6,11
35,298,85,89,4,78,-7,11
112,220,34,39,5,28,-6,11
209,331,131,135,4,124,-7,11
209,325,133,137,4,126,-7,11
67,369,43,50,7,39,-4,11
67,357,39,39,0,28,-11,11
67,356,34,39,5,28,-6,11
297,230,233,237,4,226,-7,11
548,279,34,39,5,28,-6,11
371,325,228,231,3,220,-8,11
121,377,43,50,7,39,-4,11
121,376,43,50,7,39,-4,11
419,315,34,39,5,28,-6,11
419,314,39,39,0,28,-11,11
204,335,139,144,5,133,-6,11
419,481,39,39,0,28,-11,11
419,350,211,219,8,208,-3,11
495,317,28,39,11,28,0,11
327,299,34,39,5,28,-6,11
327,298,28,39,11,28,0,11
327,297,28,39,11,28,0,11
327,296,28,39,11,28,0,11
209,322,133,138,5,127,-6,11
209,310,158,164,6,153,-5,11
157,298,188,194,6,183,-5,11
507,266,176,179,3,168,-8,11
59,296,34,39,5,28,-6,11
59,295,28,39,11,28,0,11
228,323,106,110,4,99,-7,11
228,322,101,106,5,95,-6,11
337,480,46,50,4,39,-7,11
77,376,43,50,7,39,-4,11
352,113,56,64,8,53,-3,11
352,112,59,64,5,53,-6,11
101,235,151,155,4,144,-7,11
287,313,92,98,6,87,-5,11
287,310,101,106,5,95,-6,11
287,309,102,107,5,96,-6,11
384,100,39,39,0,28,-11,11
70,288,34,39,5,28,-6,11
70,287,34,39,5,28,-6,11
70,286,34,39,5,28,-6,11
409,245,217,221,4,210,-7,11
289,224,64,72,8,61,-3,11
466,347,34,39,5,28,-6,11
371,272,228,231,3,220,-8,11
371,241,218,223,5,212,-6,11
297,350,159,161,2,150,-9,11
297,346,167,174,7,163,-4,11
384,242,213,218,5,207,-6,11
251,298,165,172,7,161,-4,11
251,292,175,182,7,171,-4,11
251,291,175,182,7,171,-4,11
341,117,90,95,5,84,-6,11
341,95,103,112,9,101,-2,11
175,357,112,118,6,107,-5,11
143,232,150,155,5,144,-6,11
327,295,28,39,11,28,0,11
495,282,34,39,5,28,-6,11
263,264,166,171,5,160,-6,11
374,227,39,39,0,28,-11,11
210,302,191,195,4,184,-7,11
59,294,34,39,5,28,-6,11
59,293,34,39,5,28,-6,11
59,291,28,39,11,28,0,11
209,338,114,118,4,107,-7,11
157,308,82,87,5,76,-6,11
157,293,180,186,6,175,-5,11
157,287,170,177,7,166,-4,11
321,192,84,93,9,82,-2,11
287,308,103,109,6,98,-5,11
350,300,34,39,5,28,-6,11
466,303,39,39,0,28,-11,11
466,302,39,39,0,28,-11,11
341,146,56,61,5,50,-6,11
341,145,56,61,5,50,-6,11
437,339,202,208,6,197,-5,11
71,234,61,70,9,59,-2,11
419,482,28,39,11,28,0,11
382,409,39,39,0,28,-11,11
382,362,39,50,11,39,0,11
295,211,105,112,7,101,-4,11
96,352,102,107,5,96,-6,11
294,383,34,39,5,28,-6,11
294,378,34,39,5,28,-6,11
157,295,187,193,6,182,-5,11
243,245,156,164,8,153,-3,11
116,364,82,85,3,74,-8,11
287,298,122,128,6,117,-5,11
287,296,131,137,6,126,-5,11
66,241,68,70,2,59,-9,11
66,240,70,70,0,59,-11,11
195,246,156,161,5,150,-6,11
352,226,39,39,0,28,-11,11
378,329,225,231,6,220,-5,11
373,301,34,39,5,28,-6,11
100,372,28,39,11,28,0,11
371,291,28,39,11,28,0,11
373,497,34,39,5,28,-6,11
442,315,34,39,5,28,-6,11
466,280,46,50,4,39,-7,11
250,335,85,95,10,84,-1,11
251,253,158,163,5,152,-6,11
251,239,253,253,0,242,-11,11
251,288,173,181,8,170,-3,11
507,334,34,39,5,28,-6,11
352,111,59,64,5,53,-6,11
437,343,207,213,6,202,-5,11
59,302,34,39,5,28,-6,11
59,301,28,39,11,28,0,11
210,275,182,188,6,177,-5,11
210,255,163,168,5,157,-6,11
59,281,28,39,11,28,0,11
508,62,26,33,7,22,-4,11
320,410,34,39,5,28,-6,11
320,409,34,39,5,28,-6,11
320,367,39,39,0,28,-11,11
298,206,116,117,1,106,-10,11
94,367,39,50,11,39,0,11
135,341,28,39,11,28,0,11
57,271,56,61,5,50,-6,11
328,136,106,114,8,103,-3,11
254,244,156,164,8,153,-3,11
54,324,39,50,11,39,0,11
494,339,34,39,5,28,-6,11
420,246,186,191,5,180,-6,11
117,220,34,39,5,28,-6,11
117,217,34,39,5,28,-6,11
135,342,28,39,11,28,0,11
494,316,34,39,5,28,-6,11
494,284,34,39,5,28,-6,11
494,283,39,39,0,28,-11,11
113,375,34,39,5,28,-6,11
328,153,82,87,5,76,-6,11
466,68,33,40,7,29,-4,11
408,245,219,223,4,212,-7,11
408,330,188,199,11,188,0,11
408,311,34,39,5,28,-6,11
84,314,151,155,4,144,-7,11
84,313,151,155,4,144,-7,11
360,492,39,39,0,28,-11,11
59,300,28,39,11,28,0,11
59,299,28,39,11,28,0,11
59,298,28,39,11,28,0,11
59,297,34,39,5,28,-6,11
210,253,154,160,6,149,-5,11
408,350,209,212,3,201,-8,11
508,267,177,181,4,170,-7,11
34,349,28,39,11,28,0,11
47,313,64,70,6,59,-5,11
442,345,207,212,5,201,-6,11
442,522,28,39,11,28,0,11
442,521,39,39,0,28,-11,11
250,334,87,95,8,84,-3,11
100,371,34,39,5,28,-6,11
143,367,96,103,7,92,-4,11
553,104,9,11,2,0,-9,11
232,305,84,93,9,82,-2,11
67,287,34,39,5,28,-6,11
64,373,34,39,5,28,-6,11
420,356,39,50,11,39,0,11
420,349,212,218,6,207,-5,11
39,276,114,118,4,107,-7,11
239,332,92,98,6,87,-5,11
243,261,132,137,5,126,-6,11
443,316,34,39,5,28,-6,11
443,315,34,39,5,28,-6,11
269,310,59,61,2,50,-9,11
59,318,34,39,5,28,-6,11
59,317,39,39,0,28,-11,11
59,316,28,39,11,28,0,11
320,192,89,93,4,82,-7,11
66,262,34,39,5,28,-6,11
384,362,39,50,11,39,0,11
384,356,220,226,6,215,-5,11
238,262,144,149,5,138,-6,11
360,493,28,39,11,28,0,11
111,381,59,61,2,50,-9,11
320,182,85,89,4,78,-7,11
190,360,98,101,3,90,-8,11
53,316,34,39,5,28,-6,11
53,315,39,39,0,28,-11,11
243,312,149,154,5,143,-6,11
243,311,152,157,5,146,-6,11
328,152,84,89,5,78,-6,11
106,370,34,39,5,28,-6,11
294,377,28,39,11,28,0,11
294,360,130,133,3,122,-8,11
494,249,21,28,7,17,-4,11
170,313,115,122,7,111,-4,11
170,310,105,110,5,99,-6,11
170,229,198,199,1,188,-10,11
436,475,34,39,5,28,-6,11
436,358,34,39,5,28,-6,11
352,105,64,70,6,59,-5,11
352,104,64,70,6,59,-5,11
509,62,24,33,9,22,-2,11
34,322,39,39,0,28,-11,11
277,277,165,167,2,156,-9,11
224,244,143,148,5,137,-6,11
341,345,204,210,6,199,-5,11
176,360,105,107,2,96,-9,11
143,236,146,153,7,142,-4,11
143,235,150,155,5,144,-6,11
377,302,34,39,5,28,-6,11
377,286,28,39,11,28,0,11
341,489,43,50,7,39,-4,11
250,320,117,122,5,111,-6,11
250,319,117,123,6,112,-5,11
211,277,183,188,5,177,-6,11
210,331,128,133,5,122,-6,11
210,326,133,137,4,126,-7,11
210,325,129,135,6,124,-5,11
111,219,34,39,5,28,-6,11
111,218,34,39,5,28,-6,11
319,409,34,39,5,28,-6,11
319,408,34,39,5,28,-6,11
420,233,39,39,0,28,-11,11
420,315,34,39,5,28,-6,11
161,215,173,173,0,162,-11,11
420,249,197,203,6,192,-5,11
420,481,34,39,5,28,-6,11
420,479,39,39,0,28,-11,11
357,255,227,227,0,216,-11,11
204,250,153,160,7,149,-4,11
203,363,101,112,11,101,0,11
262,326,59,61,2,50,-9,11
262,325,59,61,2,50,-9,11
146,223,68,72,4,61,-7,11
94,227,34,39,5,28,-6,11
277,288,129,137,8,126,-3,11
547,279,34,39,5,28,-6,11
277,237,243,248,5,237,-6,11
66,237,70,70,0,59,-11,11
66,236,68,70,2,59,-9,11
377,303,28,39,11,28,0,11
76,245,53,61,8,50,-3,11
190,345,131,139,8,128,-3,11
190,344,137,141,4,130,-7,11
156,383,64,70,6,59,-5,11
156,382,59,70,11,59,0,11
34,299,84,87,3,76,-8,11
319,379,34,39,5,28,-6,11
319,355,161,167,6,156,-5,11
84,376,50,50,0,39,-11,11
136,238,160,160,0,149,-11,11
136,229,144,148,4,137,-7,11
84,360,43,50,7,39,-4,11
84,359,43,50,7,39,-4,11
437,337,210,215,5,204,-6,11
77,361,34,39,5,28,-6,11
77,360,34,39,5,28,-6,11
228,306,118,120,2,109,-9,11
228,305,120,122,2,111,-9,11
228,304,120,123,3,112,-8,11
131,243,156,167,11,156,0,11
131,242,159,167,8,156,-3,11
131,226,135,138,3,127,-8,11
54,328,46,50,4,39,-7,11
170,360,109,114,5,103,-6,11
407,261,219,223,4,212,-7,11
407,485,34,39,5,28,-6,11
407,401,39,39,0,28,-11,11
407,350,209,213,4,202,-7,11
407,349,203,210,7,199,-4,11
443,275,201,212,11,201,0,11
342,86,109,112,3,101,-8,11
76,248,59,64,5,53,-6,11
73,255,34,39,5,28,-6,11
407,344,216,221,5,210,-6,11
407,334,230,230,0,219,-11,11
84,375,43,50,7,39,-4,11
84,374,43,50,7,39,-4,11
319,219,53,61,8,50,-3,11
85,232,46,50,4,39,-7,11
85,231,50,50,0,39,-11,11
270,279,133,138,5,127,-6,11
328,241,245,246,1,235,-10,11
96,354,93,98,5,87,-6,11
140,338,84,85,1,74,-10,11
106,375,28,39,11,28,0,11
106,374,39,39,0,28,-11,11
106,373,39,39,0,28,-11,11
106,372,28,39,11,28,0,11
113,374,28,39,11,28,0,11
357,257,227,227,0,216,-11,11
357,256,227,227,0,216,-11,11
493,340,28,39,11,28,0,11
493,339,34,39,5,28,-6,11
421,233,39,39,0,28,-11,11
407,245,220,224,4,213,-7,11
371,227,39,39,0,28,-11,11
298,388,28,39,11,28,0,11
298,207,111,117,6,106,-5,11
190,339,149,154,5,143,-6,11
190,335,161,167,6,156,-5,11
350,87,84,87,3,76,-8,11
76,237,46,50,4,39,-7,11
73,257,28,39,11,28,0,11
73,256,34,39,5,28,-6,11
319,160,99,106,7,95,-4,11
319,218,61,64,3,53,-8,11
156,352,103,109,6,98,-5,11
34,300,80,87,7,76,-4,11
319,210,85,89,4,78,-7,11
319,192,92,93,1,82,-10,11
34,307,59,70,11,59,0,11
407,251,212,217,5,206,-6,11
76,255,50,50,0,39,-11,11
231,322,105,109,4,98,-7,11
231,320,98,103,5,92,-6,11
231,319,95,101,6,90,-5,11
231,318,95,101,6,90,-5,11
337,328,226,235,9,224,-2,11
78,234,28,39,11,28,0,11
106,371,28,39,11,28,0,11
318,408,34,39,5,28,-6,11
318,379,34,39,5,28,-6,11
211,310,164,165,1,154,-10,11
59,343,61,64,3,53,-8,11
361,227,34,39,5,28,-6,11
361,226,39,39,0,28,-11,11
465,347,39,39,0,28,-11,11
465,304,39,39,0,28,-11,11
47,357,34,39,5,28,-6,11
47,356,34,39,5,28,-6,11
443,338,214,219,5,208,-6,11
73,261,34,39,5,28,-6,11
73,260,39,39,0,28,-11,11
73,259,34,39,5,28,-6,11
73,258,28,39,11,28,0,11
156,340,89,95,6,84,-5,11
239,317,119,125,6,114,-5,11
357,95,53,61,8,50,-3,11
195,244,149,155,6,144,-5,11
195,236,144,151,7,140,-4,11
54,316,39,39,0,28,-11,11
54,315,39,39,0,28,-11,11
65,351,39,39,0,28,-11,11
378,510,34,39,5,28,-6,11
378,509,28,39,11,28,0,11
378,495,34,39,5,28,-6,11
378,418,34,39,5,28,-6,11
406,485,34,39,5,28,-6,11
406,483,39,39,0,28,-11,11
319,154,116,116,0,105,-11,11
319,143,253,253,0,242,-11,11
110,381,61,61,0,50,-11,11
357,283,246,249,3,238,-8,11
57,238,43,50,7,39,-4,11
421,315,34,39,5,28,-6,11
294,350,154,157,3,146,-8,11
119,230,150,156,6,145,-5,11
318,378,39,39,0,28,-11,11
406,401,34,39,5,28,-6,11
361,291,28,39,11,28,0,11
361,239,221,225,4,214,-7,11
407,103,34,39,5,28,-6,11
142,345,85,87,2,76,-9,11
465,303,39,39,0,28,-11,11
342,154,43,50,7,39,-4,11
342,153,43,50,7,39,-4,11
342,143,59,61,2,50,-9,11
420,482,28,39,11,28,0,11
286,304,103,107,4,96,-7,11
286,302,107,112,5,101,-6,11
286,299,117,122,5,111,-6,11
286,297,126,131,5,120,-6,11
371,228,28,39,11,28,0,11
85,263,189,191,2,180,-9,11
211,339,103,110,7,99,-4,11
59,369,34,39,5,28,-6,11
111,215,46,50,4,39,-7,11
289,307,111,118,7,107,-4,11
15,328,252,252,0,241,-11,11
143,369,106,106,0,95,-11,11
289,289,164,168,4,157,-7,11
289,287,167,173,6,162,-5,11
357,302,34,39,5,28,-6,11
357,301,39,39,0,28,-11,11
60,238,59,61,2,50,-9,11
406,346,204,211,7,200,-4,11
110,362,82,85,3,74,-8,11
156,286,177,181,4,170,-7,11
406,264,222,227,5,216,-6,11
211,360,90,96,6,85,-5,11
223,357,85,89,4,78,-7,11
546,279,34,39,5,28,-6,11
93,380,43,50,7,39,-4,11
384,492,34,39,5,28,-6,11
223,328,133,135,2,124,-9,11
47,371,253,253,0,242,-11,11
465,69,31,39,8,28,-3,11
73,252,43,50,7,39,-4,11
443,522,28,39,11,28,0,11
444,316,34,39,5,28,-6,11
232,311,90,96,6,85,-5,11
232,310,89,96,7,85,-4,11
232,309,87,96,9,85,-2,11
421,246,185,189,4,178,-7,11
421,328,222,225,3,214,-8,11
357,226,39,39,0,28,-11,11
421,333,199,205,6,194,-5,11
203,339,133,136,3,125,-8,11
203,319,141,143,2,132,-9,11
357,87,59,64,5,53,-6,11
385,97,34,39,5,28,-6,11
385,96,39,39,0,28,-11,11
361,293,28,39,11,28,0,11
361,292,28,39,11,28,0,11
238,255,132,135,3,124,-8,11
156,295,190,195,5,184,-6,11
436,251,213,218,5,207,-6,11
436,344,213,218,5,207,-6,11
78,233,28,39,11,28,0,11
357,92,39,50,11,39,0,11
421,348,218,223,5,212,-6,11
96,374,34,39,5,28,-6,11
96,373,28,39,11,28,0,11
96,372,28,39,11,28,0,11
190,245,163,167,4,156,-7,11
70,271,34,39,5,28,-6,11
70,270,34,39,5,28,-6,11
298,347,164,171,7,160,-4,11
371,93,34,39,5,28,-6,11
385,100,39,39,0,28,-11,11
385,99,28,39,11,28,0,11
232,312,90,98,8,87,-3,11
318,183,84,89,5,78,-6,11
318,182,80,89,9,78,-2,11
211,332,122,128,6,117,-5,11
211,325,126,133,7,122,-4,11
156,288,168,175,7,164,-4,11
33,316,61,61,0,50,-11,11
33,315,56,61,5,50,-6,11
85,310,154,158,4,147,-7,11
286,294,143,146,3,135,-8,11
376,509,28,39,11,28,0,11
376,495,34,39,5,28,-6,11
376,490,28,39,11,28,0,11
342,245,226,237,11,226,0,11
329,130,114,120,6,109,-5,11
135,229,146,149,3,138,-8,11
135,227,136,141,5,130,-6,11
65,353,28,39,11,28,0,11
65,352,28,39,11,28,0,11
44,354,34,39,5,28,-6,11
254,289,160,167,7,156,-4,11
72,310,34,39,5,28,-6,11
72,304,34,39,5,28,-6,11
436,476,28,39,11,28,0,11
382,270,204,210,6,199,-5,11
249,323,112,116,4,105,-7,11
405,349,204,211,7,200,-4,11
117,368,66,70,4,59,-7,11
70,273,28,39,11,28,0,11
406,251,215,219,4,208,-7,11
406,103,34,39,5,28,-6,11
33,348,34,39,5,28,-6,11
318,219,56,61,5,50,-6,11
105,372,28,39,11,28,0,11
105,370,28,39,11,28,0,11
105,367,43,50,7,39,-4,11
102,378,50,50,0,39,-11,11
317,406,34,39,5,28,-6,11
317,377,34,39,5,28,-6,11
512,274,182,186,4,175,-7,11
136,251,78,85,7,74,-4,11
318,168,90,96,6,85,-5,11
444,338,216,220,4,209,-7,11
243,356,85,95,10,84,-1,11
464,314,39,39,0,28,-11,11
177,350,135,140,5,129,-6,11
19,296,56,64,8,53,-3,11
121,218,39,39,0,28,-11,11
67,282,34,39,5,28,-6,11
422,233,34,39,5,28,-6,11
492,340,34,39,5,28,-6,11
421,331,207,212,5,201,-6,11
421,480,39,39,0,28,-11,11
421,479,39,39,0,28,-11,11
329,151,82,87,5,76,-6,11
329,150,84,89,5,78,-6,11
329,146,92,95,3,84,-8,11
96,371,34,39,5,28,-6,11
405,483,39,39,0,28,-11,11
70,272,28,39,11,28,0,11
317,407,34,39,5,28,-6,11
342,248,249,249,0,238,-11,11
250,239,253,253,0,242,-11,11
66,261,39,39,0,28,-11,11
281,236,240,247,7,236,-4,11
289,308,110,117,7,106,-4,11
378,322,228,231,3,220,-8,11
378,303,34,39,5,28,-6,11
65,355,34,39,5,28,-6,11
39,352,34,39,5,28,-6,11
317,379,28,39,11,28,0,11
317,378,34,39,5,28,-6,11
317,351,183,189,6,178,-5,11
317,306,248,248,0,237,-11,11
85,319,156,160,4,149,-7,11
271,236,250,252,2,241,-9,11
110,373,28,39,11,28,0,11
110,372,34,39,5,28,-6,11
110,371,39,39,0,28,-11,11
405,485,34,39,5,28,-6,11
421,356,39,50,11,39,0,11
190,232,192,193,1,182,-10,11
190,231,183,193,10,182,-1,11
73,247,68,70,2,59,-9,11
73,246,66,70,4,59,-7,11
405,343,218,222,4,211,-7,11
212,277,180,185,5,174,-6,11
212,276,177,183,6,172,-5,11
21,325,46,50,4,39,-7,11
223,338,99,103,4,92,-7,11
223,337,103,107,4,96,-7,11
405,407,34,39,5,28,-6,11
96,370,34,39,5,28,-6,11
436,336,212,218,6,207,-5,11
78,241,39,50,11,39,0,11
78,235,34,39,5,28,-6,11
143,348,82,87,5,76,-6,11
70,285,39,39,0,28,-11,11
70,283,34,39,5,28,-6,11
317,376,34,39,5,28,-6,11
317,375,34,39,5,28,-6,11
405,103,34,39,5,28,-6,11
60,276,50,50,0,39,-11,11
156,231,162,167,5,156,-6,11
156,230,163,167,4,156,-7,11
70,282,28,39,11,28,0,11
70,274,34,39,5,28,-6,11
75,361,34,39,5,28,-6,11
75,360,39,39,0,28,-11,11
75,385,253,253,0,242,-11,11
75,378,39,50,11,39,0,11
249,337,92,98,6,87,-5,11
190,242,151,158,7,147,-4,11
422,315,34,39,5,28,-6,11
422,252,216,220,4,209,-7,11
71,246,59,70,11,59,0,11
169,318,151,155,4,144,-7,11
169,310,107,112,5,101,-6,11
195,341,143,147,4,136,-7,11
72,316,34,39,5,28,-6,11
212,335,112,117,5,106,-6,11
342,346,199,204,5,193,-6,11
178,350,133,139,6,128,-5,11
342,320,43,50,7,39,-4,11
75,369,56,61,5,50,-6,11
75,362,34,39,5,28,-6,11
249,302,173,178,5,167,-6,11
75,331,39,39,0,28,-11,11
342,358,204,208,4,197,-7,11
370,492,34,39,5,28,-6,11
370,419,34,39,5,28,-6,11
513,131,0,11,11,0,0,11
271,280,130,138,8,127,-3,11
404,402,39,39,0,28,-11,11
404,485,34,39,5,28,-6,11
212,332,119,126,7,115,-4,11
212,327,127,131,4,120,-7,11
212,323,124,127,3,116,-8,11
513,274,180,184,4,173,-7,11
362,90,46,50,4,39,-7,11
405,262,216,219,3,208,-8,11
405,264,221,225,4,214,-7,11
203,251,160,164,4,153,-7,11
203,250,155,161,6,150,-5,11
421,481,34,39,5,28,-6,11
436,342,203,210,7,199,-4,11
436,338,204,210,6,199,-5,11
422,348,220,224,4,213,-7,11
422,332,205,210,5,199,-6,11
161,295,184,190,6,179,-5,11
161,289,170,177,7,166,-4,11
71,259,34,39,5,28,-6,11
71,258,39,39,0,28,-11,11
71,257,34,39,5,28,-6,11
71,256,34,39,5,28,-6,11
361,493,28,39,11,28,0,11
361,492,39,39,0,28,-11,11
212,360,92,96,4,85,-7,11
21,331,46,50,4,39,-7,11
93,367,46,50,4,39,-7,11
93,363,68,70,2,59,-9,11
212,338,103,110,7,99,-4,11
85,356,53,61,8,50,-3,11
316,406,34,39,5,28,-6,11
513,331,34,39,5,28,-6,11
404,483,34,39,5,28,-6,11
362,93,34,39,5,28,-6,11
271,273,155,161,6,150,-5,11
317,171,85,93,8,82,-3,11
53,241,68,70,2,59,-9,11
133,221,43,50,7,39,-4,11
189,340,148,155,7,144,-4,11
249,306,161,167,6,156,-5,11
404,262,213,216,3,205,-8,11
72,315,34,39,5,28,-6,11
72,314,34,39,5,28,-6,11
242,261,134,140,6,129,-5,11
203,231,253,253,0,242,-11,11
56,366,34,39,5,28,-6,11
80,357,34,39,5,28,-6,11
81,232,46,50,4,39,-7,11
102,363,68,72,4,61,-7,11
102,360,82,85,3,74,-8,11
102,235,150,154,4,143,-7,11
570,102,0,11,11,0,0,11
570,101,10,11,1,0,-10,11
285,299,116,120,4,109,-7,11
316,375,34,39,5,28,-6,11
316,374,34,39,5,28,-6,11
316,368,39,39,0,28,-11,11
60,292,28,39,11,28,0,11
60,291,28,39,11,28,0,11
404,343,216,221,5,210,-6,11
75,332,34,39,5,28,-6,11
464,67,39,41,2,30,-9,11
178,353,125,129,4,118,-7,11
316,350,188,193,5,182,-6,11
271,305,59,64,5,53,-6,11
271,304,59,64,5,53,-6,11
271,303,59,64,5,53,-6,11
404,75,34,39,5,28,-6,11
403,486,34,39,5,28,-6,11
317,172,85,93,8,82,-3,11
316,405,34,39,5,28,-6,11
102,373,28,39,11,28,0,11
102,372,34,39,5,28,-6,11
102,371,28,39,11,28,0,11
102,369,34,39,5,28,-6,11
71,247,70,70,0,59,-11,11
423,233,34,39,5,28,-6,11
279,363,151,154,3,143,-8,11
72,313,34,39,5,28,-6,11
72,312,34,39,5,28,-6,11
72,311,34,39,5,28,-6,11
337,182,34,39,5,28,-6,11
254,298,153,160,7,149,-4,11
422,481,28,39,11,28,0,11
141,222,61,61,0,50,-11,11
299,207,112,117,5,106,-6,11
299,205,116,117,1,106,-10,11
370,357,212,223,11,212,0,11
343,85,107,109,2,98,-9,11
75,335,34,39,5,28,-6,11
75,334,34,39,5,28,-6,11
75,333,34,39,5,28,-6,11
249,317,124,129,5,118,-6,11
343,150,43,50,7,39,-4,11
213,276,174,180,6,169,-5,11
213,255,159,164,5,153,-6,11
404,232,34,39,5,28,-6,11
60,296,28,39,11,28,0,11
60,295,39,39,0,28,-11,11
60,294,39,39,0,28,-11,11
60,293,34,39,5,28,-6,11
271,302,59,64,5,53,-6,11
155,322,175,175,0,164,-11,11
385,343,213,217,4,206,-7,11
22,257,252,253,1,242,-10,11
81,231,39,50,11,39,0,11
71,252,46,50,4,39,-7,11
202,321,141,143,2,132,-9,11
377,98,34,39,5,28,-6,11
377,94,34,39,5,28,-6,11
403,408,39,39,0,28,-11,11
362,239,219,223,4,212,-7,11
32,326,34,39,5,28,-6,11
213,281,189,189,0,178,-11,11
213,279,184,186,2,175,-9,11
403,402,34,39,5,28,-6,11
343,108,92,96,4,85,-7,11
343,107,92,96,4,85,-7,11
189,339,152,156,4,145,-7,11
53,244,72,72,0,61,-11,11
53,243,72,72,0,61,-11,11
189,315,84,87,3,76,-8,11
445,316,34,39,5,28,-6,11
243,316,135,140,5,129,-6,11
372,306,34,39,5,28,-6,11
372,301,34,39,5,28,-6,11
382,99,34,39,5,28,-6,11
382,98,28,39,11,28,0,11
195,311,50,50,0,39,-11,11
195,310,46,50,4,39,-7,11
379,98,34,39,5,28,-6,11
379,96,28,39,11,28,0,11
379,95,34,39,5,28,-6,11
378,516,254,254,0,243,-11,11
65,369,39,50,11,39,0,11
514,331,28,39,11,28,0,11
142,322,59,61,2,50,-9,11
142,321,61,61,0,50,-11,11
142,320,61,64,3,53,-8,11
374,228,28,39,11,28,0,11
162,216,167,173,6,162,-5,11
80,366,43,50,7,39,-4,11
80,358,34,39,5,28,-6,11
330,131,109,114,5,103,-6,11
330,130,110,116,6,105,-5,11
349,316,56,64,8,53,-3,11
403,345,205,211,6,200,-5,11
403,343,215,220,5,209,-6,11
316,172,90,96,6,85,-5,11
316,171,93,96,3,85,-8,11
155,295,192,197,5,186,-6,11
86,256,184,189,5,178,-6,11
110,220,39,39,0,28,-11,11
32,315,61,61,0,50,-11,11
294,297,159,162,3,151,-8,11
294,272,178,178,0,167,-11,11
141,232,151,156,5,145,-6,11
278,237,242,248,6,237,-5,11
162,215,169,173,4,162,-7,11
107,370,39,39,0,28,-11,11
107,368,43,50,7,39,-4,11
107,360,84,89,5,78,-6,11
107,233,147,153,6,142,-5,11
343,111,89,93,4,82,-7,11
463,349,34,39,5,28,-6,11
349,269,214,217,3,206,-8,11
48,292,59,64,5,53,-6,11
106,220,28,39,11,28,0,11
289,314,95,101,6,90,-5,11
289,313,96,103,7,92,-4,11
422,480,34,39,5,28,-6,11
422,356,39,50,11,39,0,11
155,288,168,175,7,164,-4,11
110,219,34,39,5,28,-6,11
110,218,34,39,5,28,-6,11
73,266,34,39,5,28,-6,11
73,265,34,39,5,28,-6,11
73,264,34,39,5,28,-6,11
73,263,34,39,5,28,-6,11
73,262,34,39,5,28,-6,11
343,236,225,228,3,217,-8,11
343,191,46,50,4,39,-7,11
423,315,34,39,5,28,-6,11
382,96,34,39,5,28,-6,11
382,95,39,39,0,28,-11,11
121,220,34,39,5,28,-6,11
121,219,28,39,11,28,0,11
294,211,106,112,6,101,-5,11
402,486,34,39,5,28,-6,11
402,484,39,39,0,28,-11,11
402,408,39,39,0,28,-11,11
272,240,249,249,0,238,-11,11
403,102,34,39,5,28,-6,11
403,101,34,39,5,28,-6,11
403,75,34,39,5,28,-6,11
403,263,212,219,7,208,-4,11
403,262,211,214,3,203,-8,11
237,333,90,96,6,85,-5,11
136,302,166,170,4,159,-7,11
136,301,170,173,3,162,-8,11
315,405,34,39,5,28,-6,11
315,374,34,39,5,28,-6,11
315,373,34,39,5,28,-6,11
60,316,28,39,11,28,0,11
162,229,180,183,3,172,-8,11
490,288,39,39,0,28,-11,11
490,287,34,39,5,28,-6,11
330,148,84,89,5,78,-6,11
337,161,53,61,8,50,-3,11
337,160,56,61,5,50,-6,11
337,159,56,61,5,50,-6,11
337,181,39,39,0,28,-11,11
337,173,43,50,7,39,-4,11
66,281,28,39,11,28,0,11
93,350,107,112,5,101,-6,11
93,349,111,116,5,105,-6,11
385,509,28,39,11,28,0,11
403,244,220,224,4,213,-7,11
403,232,28,39,11,28,0,11
515,331,28,39,11,28,0,11
272,236,248,252,4,241,-7,11
299,340,199,204,5,193,-6,11
299,324,115,122,7,111,-4,11
299,223,56,64,8,53,-3,11
93,354,89,95,6,84,-5,11
134,304,174,178,4,167,-7,11
142,319,64,64,0,53,-11,11
142,318,64,64,0,53,-11,11
142,317,61,64,3,53,-8,11
142,316,61,64,3,53,-8,11
571,100,11,11,0,0,-11,11
571,99,11,11,0,0,-11,11
571,98,11,11,0,0,-11,11
285,312,89,95,6,84,-5,11
285,311,92,96,4,85,-7,11
162,260,139,142,3,131,-8,11
462,326,216,217,1,206,-10,11
249,299,173,180,7,169,-4,11
189,316,85,87,2,76,-9,11
349,299,34,39,5,28,-6,11
86,310,158,165,7,154,-4,11
86,309,158,164,6,153,-5,11
86,308,158,164,6,153,-5,11
86,307,158,164,6,153,-5,11
315,231,227,230,3,219,-8,11
315,213,89,89,0,78,-11,11
315,193,95,96,1,85,-10,11
213,360,90,96,6,85,-5,11
213,337,103,110,7,99,-4,11
213,336,106,112,6,101,-5,11
70,233,59,64,5,53,-6,11
155,232,158,162,4,151,-7,11
337,170,46,50,4,39,-7,11
195,316,64,72,8,61,-3,11
330,146,87,93,6,82,-5,11
330,140,95,101,6,90,-5,11
330,138,98,103,5,92,-6,11
56,349,59,61,2,50,-9,11
423,332,207,212,5,201,-6,11
356,494,34,39,5,28,-6,11
356,493,39,39,0,28,-11,11
423,340,224,228,4,217,-7,11
240,264,149,153,4,142,-7,11
86,312,158,165,7,154,-4,11
86,311,158,165,7,154,-4,11
249,288,184,190,6,179,-5,11
249,287,183,188,5,177,-6,11
349,94,78,85,7,74,-4,11
299,356,149,154,5,143,-6,11
299,352,155,160,5,149,-6,11
544,536,252,253,1,242,-10,11
93,227,34,39,5,28,-6,11
386,97,34,39,5,28,-6,11
68,229,56,61,5,50,-6,11
68,228,59,61,2,50,-9,11
68,227,59,61,2,50,-9,11
315,175,89,95,6,84,-5,11
315,174,92,96,4,85,-7,11
516,330,28,39,11,28,0,11
240,256,128,133,5,122,-6,11
356,325,220,225,5,214,-6,11
293,382,34,45,11,34,0,11
337,172,43,50,7,39,-4,11
337,171,46,50,4,39,-7,11
244,255,112,118,6,107,-5,11
244,254,118,118,0,107,-11,11
244,253,114,118,4,107,-7,11
402,265,220,224,4,213,-7,11
516,270,172,175,3,164,-8,11
155,221,152,153,1,142,-10,11
237,347,87,93,6,82,-5,11
213,335,110,114,4,103,-7,11
213,332,119,126,7,115,-4,11
402,487,28,39,11,28,0,11
189,243,158,162,4,151,-7,11
189,232,193,193,0,182,-11,11
446,316,34,39,5,28,-6,11
462,349,28,39,11,28,0,11
52,365,28,39,11,28,0,11
155,219,136,147,11,136,0,11
372,309,34,39,5,28,-6,11
337,157,59,64,5,53,-6,11
337,132,82,87,5,76,-6,11
337,126,90,98,8,87,-3,11
337,125,92,98,6,87,-5,11
337,123,95,101,6,90,-5,11
114,374,34,39,5,28,-6,11
130,349,105,110,5,99,-6,11
315,168,101,106,5,95,-6,11
214,256,161,167,6,156,-5,11
315,214,82,89,7,78,-4,11
272,285,120,126,6,115,-5,11
52,364,28,39,11,28,0,11
52,363,34,39,5,28,-6,11
249,239,253,253,0,242,-11,11
244,256,109,120,11,109,0,11
285,297,125,130,5,119,-6,11
285,293,145,150,5,139,-6,11
146,348,82,87,5,76,-6,11
299,338,205,210,5,199,-6,11
299,336,212,218,6,207,-5,11
299,391,34,39,5,28,-6,11
299,390,34,39,5,28,-6,11
299,389,28,39,11,28,0,11
299,361,132,137,5,126,-6,11
299,360,137,142,5,131,-6,11
370,305,34,39,5,28,-6,11
402,342,218,223,5,212,-6,11
293,381,39,45,6,34,-5,11
293,377,34,39,5,28,-6,11
225,312,107,117,10,106,-1,11
372,310,39,39,0,28,-11,11
423,336,195,205,10,194,-1,11
423,334,196,205,9,194,-2,11
423,480,34,39,5,28,-6,11
423,478,39,39,0,28,-11,11
423,356,39,50,11,39,0,11
71,274,28,39,11,28,0,11
314,405,34,39,5,28,-6,11
314,404,34,39,5,28,-6,11
314,373,34,39,5,28,-6,11
314,372,34,39,5,28,-6,11
402,75,34,39,5,28,-6,11
401,487,28,39,11,28,0,11
402,262,208,212,4,201,-7,11
376,411,39,39,0,28,-11,11
285,305,96,103,7,92,-4,11
103,218,34,39,5,28,-6,11
314,349,193,195,2,184,-9,11
401,486,39,39,0,28,-11,11
401,484,39,39,0,28,-11,11
362,320,219,221,2,210,-9,11
70,259,34,39,5,28,-6,11
70,258,34,39,5,28,-6,11
70,257,28,39,11,28,0,11
70,256,34,39,5,28,-6,11
70,252,39,50,11,39,0,11
402,252,224,227,3,216,-8,11
402,102,28,39,11,28,0,11
402,101,39,39,0,28,-11,11
372,308,34,39,5,28,-6,11
330,226,39,50,11,39,0,11
80,347,43,50,7,39,-4,11
80,346,46,50,4,39,-7,11
80,353,34,39,5,28,-6,11
424,233,34,39,5,28,-6,11
424,274,227,228,1,217,-10,11
356,302,34,39,5,28,-6,11
71,290,34,39,5,28,-6,11
71,289,34,39,5,28,-6,11
401,403,34,39,5,28,-6,11
362,492,34,39,5,28,-6,11
314,352,176,182,6,171,-5,11
314,351,181,187,6,176,-5,11
446,252,215,219,4,208,-7,11
188,353,103,109,6,98,-5,11
446,341,209,215,6,204,-5,11
52,360,34,39,5,28,-6,11
52,359,34,39,5,28,-6,11
179,359,101,106,5,95,-6,11
362,491,39,39,0,28,-11,11
362,415,34,39,5,28,-6,11
31,326,34,39,5,28,-6,11
31,325,39,39,0,28,-11,11
237,254,132,136,4,125,-7,11
86,358,53,61,8,50,-3,11
517,330,34,39,5,28,-6,11
517,329,39,39,0,28,-11,11
214,334,111,116,5,105,-6,11
401,409,34,39,5,28,-6,11
71,273,39,39,0,28,-11,11
56,326,34,39,5,28,-6,11
162,281,183,184,1,173,-10,11
40,352,34,39,5,28,-6,11
80,355,34,39,5,28,-6,11
80,354,34,39,5,28,-6,11
401,257,201,209,8,198,-3,11
237,262,145,151,6,140,-5,11
237,261,143,148,5,137,-6,11
314,231,226,230,4,219,-7,11
86,381,50,50,0,39,-11,11
386,100,34,39,5,28,-6,11
386,99,28,39,11,28,0,11
233,331,106,110,4,99,-7,11
233,319,105,110,5,99,-6,11
300,210,101,106,5,95,-6,11
300,207,110,117,7,106,-4,11
300,205,111,117,6,106,-5,11
299,345,176,179,3,168,-8,11
299,344,178,184,6,173,-5,11
146,314,66,70,4,59,-7,11
146,349,80,87,7,76,-4,11
489,260,193,197,4,186,-7,11
71,282,34,39,5,28,-6,11
241,318,124,129,5,118,-6,11
106,217,46,50,4,39,-7,11
106,216,46,50,4,39,-7,11
106,215,50,50,0,39,-11,11
279,304,84,89,5,78,-6,11
65,356,39,39,0,28,-11,11
75,262,39,50,11,39,0,11
75,261,39,50,11,39,0,11
362,493,28,39,11,28,0,11
401,262,207,210,3,199,-8,11
214,361,96,98,2,87,-9,11
214,360,90,96,6,85,-5,11
214,336,103,110,7,99,-4,11
401,261,201,208,7,197,-4,11
518,134,19,22,3,11,-8,11
400,487,34,39,5,28,-6,11
400,486,39,39,0,28,-11,11
401,102,28,39,11,28,0,11
86,371,34,39,5,28,-6,11
314,214,78,89,11,78,0,11
314,213,85,89,4,78,-7,11
571,102,0,11,11,0,0,11
571,101,11,11,0,0,-11,11
462,253,209,213,4,202,-7,11
48,357,34,39,5,28,-6,11
75,264,43,50,7,39,-4,11
75,263,43,50,7,39,-4,11
71,283,34,39,5,28,-6,11
202,251,161,166,5,155,-6,11
162,317,163,163,0,152,-11,11
424,315,34,39,5,28,-6,11
424,275,219,228,9,217,-2,11
352,266,220,223,3,212,-8,11
435,358,34,39,5,28,-6,11
254,329,90,93,3,82,-8,11
54,367,28,39,11,28,0,11
54,365,34,39,5,28,-6,11
54,364,34,39,5,28,-6,11
54,361,34,39,5,28,-6,11
244,327,109,114,5,103,-6,11
87,207,252,252,0,241,-11,11
154,295,192,198,6,187,-5,11
128,349,105,110,5,99,-6,11
61,230,56,64,8,53,-3,11
401,101,39,39,0,28,-11,11
401,75,34,39,5,28,-6,11
313,372,34,39,5,28,-6,11
313,371,34,39,5,28,-6,11
518,330,34,39,5,28,-6,11
518,329,34,39,5,28,-6,11
314,170,102,107,5,96,-6,11
66,287,28,39,11,28,0,11
179,353,123,127,4,116,-7,11
179,350,132,138,6,127,-5,11
344,112,82,89,7,78,-4,11
344,86,103,107,4,96,-7,11
461,349,28,39,11,28,0,11
461,348,39,39,0,28,-11,11
461,347,28,39,11,28,0,11
71,280,28,39,11,28,0,11
424,332,207,214,7,203,-4,11
40,353,34,39,5,28,-6,11
71,270,34,39,5,28,-6,11
356,283,246,250,4,239,-7,11
356,282,240,246,6,235,-5,11
293,360,127,130,3,119,-8,11
97,352,102,107,5,96,-6,11
97,351,107,112,5,101,-6,11
425,251,214,218,4,207,-7,11
272,301,64,70,6,59,-5,11
109,382,59,61,2,50,-9,11
109,381,61,61,0,50,-11,11
154,242,151,158,7,147,-4,11
154,241,152,159,7,148,-4,11
363,95,34,39,5,28,-6,11
363,94,28,39,11,28,0,11
363,90,43,50,7,39,-4,11
313,403,34,39,5,28,-6,11
331,131,105,110,5,99,-6,11
162,333,99,107,8,96,-3,11
400,348,206,212,6,201,-5,11
223,301,151,159,8,148,-3,11
22,321,50,50,0,39,-11,11
276,302,80,87,7,76,-4,11
92,381,43,50,7,39,-4,11
92,380,43,50,7,39,-4,11
92,378,46,50,4,39,-7,11
92,377,43,50,7,39,-4,11
54,357,34,39,5,28,-6,11
435,476,34,39,5,28,-6,11
435,475,39,39,0,28,-11,11
241,322,118,123,5,112,-6,11
71,272,39,39,0,28,-11,11
71,271,39,39,0,28,-11,11
12,313,253,253,0,242,-11,11
281,286,151,156,5,145,-6,11
281,284,157,162,5,151,-6,11
103,222,34,39,5,28,-6,11
272,354,70,72,2,61,-9,11
272,302,64,70,6,59,-5,11
236,316,116,123,7,112,-4,11
236,315,118,125,7,114,-4,11
425,233,34,39,5,28,-6,11
331,125,114,120,6,109,-5,11
331,124,114,120,6,109,-5,11
330,461,43,50,7,39,-4,11
56,307,28,39,11,28,0,11
56,306,28,39,11,28,0,11
41,225,251,254,3,243,-8,11
162,367,98,106,8,95,-3,11
244,262,132,137,5,126,-6,11
313,231,224,230,6,219,-5,11
153,357,95,101,6,90,-5,11
400,102,28,39,11,28,0,11
236,333,92,98,6,87,-5,11
188,339,155,159,4,148,-7,11
281,293,133,140,7,129,-4,11
337,112,101,110,9,99,-2,11
337,111,103,110,7,99,-4,11
434,475,39,39,0,28,-11,11
476,274,192,203,11,192,0,11
195,353,95,101,6,90,-5,11
424,480,34,39,5,28,-6,11
424,479,39,39,0,28,-11,11
424,478,39,39,0,28,-11,11
56,316,28,39,11,28,0,11
556,140,18,20,2,9,-9,11
225,356,82,89,7,78,-4,11
65,236,61,70,9,59,-2,11
140,251,127,129,2,118,-9,11
140,249,132,134,2,123,-9,11
22,324,50,50,0,39,-11,11
22,323,50,50,0,39,-11,11
22,322,50,50,0,39,-11,11
119,220,34,39,5,28,-6,11
119,218,34,39,5,28,-6,11
103,221,34,39,5,28,-6,11
103,220,34,39,5,28,-6,11
344,186,43,50,7,39,-4,11
344,147,43,50,7,39,-4,11
344,106,89,93,4,82,-7,11
244,269,163,166,3,155,-8,11
519,537,253,253,0,242,-11,11
30,343,34,39,5,28,-6,11
363,321,221,225,4,214,-7,11
236,331,101,106,5,95,-6,11
519,272,160,167,7,156,-4,11
109,372,28,39,11,28,0,11
109,371,39,39,0,28,-11,11
30,342,34,39,5,28,-6,11
30,326,28,39,11,28,0,11
30,325,34,39,5,28,-6,11
386,339,192,203,11,192,0,11
543,136,4,12,8,1,-3,11
22,331,39,50,11,39,0,11
56,308,34,39,5,28,-6,11
162,359,112,117,5,106,-6,11
488,342,34,39,5,28,-6,11
336,400,34,39,5,28,-6,11
336,399,34,39,5,28,-6,11
114,375,34,39,5,28,-6,11
336,398,39,39,0,28,-11,11
255,256,166,167,1,156,-10,11
255,292,154,159,5,148,-6,11
168,310,107,114,7,103,-4,11
435,336,211,216,5,205,-6,11
215,360,90,96,6,85,-5,11
215,336,101,107,6,96,-5,11
344,236,225,228,3,217,-8,11
344,190,46,50,4,39,-7,11
180,313,85,96,11,85,0,11
447,274,208,211,3,200,-8,11
447,252,214,219,5,208,-6,11
180,352,124,128,4,117,-7,11
520,132,3,11,8,0,-3,11
153,356,95,101,6,90,-5,11
153,355,96,101,5,90,-6,11
153,354,96,101,5,90,-6,11
109,368,43,50,7,39,-4,11
109,366,56,61,5,50,-6,11
399,267,218,222,4,211,-7,11
109,362,80,85,5,74,-6,11
313,187,89,89,0,78,-11,11
400,101,34,39,5,28,-6,11
399,487,34,39,5,28,-6,11
399,485,39,39,0,28,-11,11
128,326,159,163,4,152,-7,11
128,324,164,169,5,158,-6,11
381,510,28,39,11,28,0,11
381,340,217,220,3,209,-8,11
135,326,34,39,5,28,-6,11
162,376,43,50,7,39,-4,11
201,340,132,137,5,126,-6,11
425,333,206,211,5,200,-6,11
425,315,34,39,5,28,-6,11
56,318,34,39,5,28,-6,11
56,317,28,39,11,28,0,11
284,306,92,96,4,85,-7,11
284,296,129,135,6,124,-5,11
284,294,139,145,6,134,-5,11
313,172,98,107,9,96,-2,11
313,156,250,254,4,243,-7,11
399,322,221,222,1,211,-10,11
363,493,28,39,11,28,0,11
363,492,28,39,11,28,0,11
363,491,39,39,0,28,-11,11
312,403,34,39,5,28,-6,11
136,374,56,61,5,50,-6,11
61,296,34,39,5,28,-6,11
61,292,28,39,11,28,0,11
69,359,34,39,5,28,-6,11
109,361,84,87,3,76,-8,11
244,321,125,128,3,117,-8,11
103,219,34,39,5,28,-6,11
284,314,80,87,7,76,-4,11
284,313,84,89,5,78,-6,11
284,309,92,96,4,85,-7,11
284,308,92,96,4,85,-7,11
284,307,93,96,3,85,-8,11
337,114,103,110,7,99,-4,11
337,113,102,110,8,99,-3,11
135,327,34,39,5,28,-6,11
356,85,59,64,5,53,-6,11
356,84,56,61,5,50,-6,11
356,82,53,61,8,50,-3,11
355,494,34,39,5,28,-6,11
487,334,218,226,8,215,-3,11
331,226,39,50,11,39,0,11
521,53,253,254,1,243,-10,11
136,359,84,87,3,76,-8,11
217,239,136,144,8,133,-3,11
276,291,123,126,3,115,-8,11
223,298,145,156,11,145,0,11
223,290,174,175,1,164,-10,11
386,344,213,218,5,207,-6,11
386,343,209,215,6,204,-5,11
216,269,163,167,4,156,-7,11
312,420,43,50,7,39,-4,11
364,92,34,39,5,28,-6,11
312,402,34,39,5,28,-6,11
520,327,28,39,11,28,0,11
30,324,39,39,0,28,-11,11
248,295,187,191,4,180,-7,11
180,363,98,107,9,96,-2,11
180,355,111,118,7,107,-4,11
447,316,34,39,5,28,-6,11
188,243,160,164,4,153,-7,11
188,242,155,160,5,149,-6,11
180,348,138,143,5,132,-6,11
75,254,43,50,7,39,-4,11
356,226,39,39,0,28,-11,11
135,328,28,39,11,28,0,11
331,144,87,93,6,82,-5,11
331,139,92,98,6,87,-5,11
273,272,167,171,4,160,-7,11
364,291,46,50,4,39,-7,11
216,361,96,98,2,87,-9,11
216,360,90,96,6,85,-5,11
216,335,102,109,7,98,-4,11
223,240,136,138,2,127,-9,11
300,336,212,218,6,207,-5,11
22,325,46,50,4,39,-7,11
300,223,56,64,8,53,-3,11
92,367,39,50,11,39,0,11
92,362,66,70,4,59,-7,11
92,361,68,70,2,59,-9,11
399,253,225,230,5,219,-6,11
399,100,34,39,5,28,-6,11
399,76,34,39,5,28,-6,11
312,371,34,39,5,28,-6,11
168,318,151,156,5,145,-6,11
55,233,50,61,11,50,0,11
196,245,150,156,6,145,-5,11
225,335,107,112,5,101,-6,11
372,491,28,39,11,28,0,11
372,419,39,39,0,28,-11,11
331,289,46,50,4,39,-7,11
487,342,34,39,5,28,-6,11
356,95,56,64,8,53,-3,11
128,323,168,171,3,160,-8,11
128,268,197,199,2,188,-9,11
398,404,39,39,0,28,-11,11
398,347,205,211,6,200,-5,11
69,363,46,50,4,39,-7,11
312,355,161,167,6,156,-5,11
312,220,64,70,6,59,-5,11
379,267,228,231,3,220,-8,11
379,242,217,221,4,210,-7,11
373,286,34,39,5,28,-6,11
355,366,43,50,7,39,-4,11
425,479,34,39,5,28,-6,11
425,478,39,39,0,28,-11,11
201,249,156,162,6,151,-5,11
248,338,92,98,6,87,-5,11
73,298,34,39,5,28,-6,11
73,297,28,39,11,28,0,11
73,296,34,39,5,28,-6,11
181,298,186,193,7,182,-4,11
181,297,187,193,6,182,-5,11
181,296,187,193,6,182,-5,11
137,245,92,103,11,92,0,11
168,309,103,110,7,99,-4,11
434,476,34,39,5,28,-6,11
72,257,34,39,5,28,-6,11
312,179,95,98,3,87,-8,11
300,343,184,189,5,178,-6,11
370,228,28,39,11,28,0,11
370,227,39,39,0,28,-11,11
370,96,34,39,5,28,-6,11
312,225,43,50,7,39,-4,11
273,237,241,248,7,237,-4,11
364,281,210,218,8,207,-3,11
71,307,34,39,5,28,-6,11
426,315,34,39,5,28,-6,11
352,326,213,215,2,204,-9,11
99,371,39,39,0,28,-11,11
16,287,61,61,0,50,-11,11
290,230,245,247,2,236,-9,11
128,226,139,142,3,131,-8,11
153,244,144,150,6,139,-5,11
312,180,92,96,4,85,-7,11
460,349,28,39,11,28,0,11
75,233,39,50,11,39,0,11
75,227,46,50,4,39,-7,11
248,305,167,172,5,161,-6,11
163,230,178,184,6,173,-5,11
331,463,39,50,11,39,0,11
331,462,43,50,7,39,-4,11
201,258,181,186,5,175,-6,11
255,295,151,156,5,145,-6,11
255,294,152,157,5,146,-6,11
255,293,152,158,6,147,-5,11
434,251,214,219,5,208,-6,11
72,268,34,39,5,28,-6,11
426,323,217,217,0,206,-11,11
355,342,220,221,1,210,-10,11
372,412,34,39,5,28,-6,11
97,225,34,39,5,28,-6,11
97,218,28,39,11,28,0,11
293,315,103,109,6,98,-5,11
332,121,115,120,5,109,-6,11
572,102,0,11,11,0,0,11
572,101,0,11,11,0,0,11
572,100,0,11,11,0,0,11
572,99,0,11,11,0,0,11
572,98,10,11,1,0,-10,11
398,267,215,220,5,209,-6,11
137,228,137,144,7,133,-4,11
153,212,147,158,11,147,0,11
87,321,161,167,6,156,-5,11
181,294,182,189,7,178,-4,11
344,344,204,210,6,199,-5,11
152,376,64,70,6,59,-5,11
311,402,34,39,5,28,-6,11
311,368,34,39,5,28,-6,11
397,404,39,39,0,28,-11,11
300,351,160,166,6,155,-5,11
140,232,152,156,4,145,-7,11
140,222,56,61,5,50,-6,11
542,280,34,39,5,28,-6,11
248,303,173,178,5,167,-6,11
73,300,34,39,5,28,-6,11
73,299,34,39,5,28,-6,11
448,274,207,210,3,199,-8,11
284,292,148,152,4,141,-7,11
426,330,221,225,4,214,-7,11
332,171,66,72,6,61,-5,11
167,318,153,156,3,145,-8,11
65,348,34,39,5,28,-6,11
232,285,134,140,6,129,-5,11
144,235,149,155,6,144,-5,11
290,290,164,168,4,157,-7,11
99,372,28,39,11,28,0,11
332,145,82,87,5,76,-6,11
311,354,167,172,5,161,-6,11
397,321,222,223,1,212,-10,11
398,100,34,39,5,28,-6,11
398,76,39,39,0,28,-11,11
397,509,28,39,11,28,0,11
397,488,34,39,5,28,-6,11
133,302,175,181,6,170,-5,11
448,316,34,39,5,28,-6,11
426,479,34,39,5,28,-6,11
426,478,39,39,0,28,-11,11
56,271,53,61,8,50,-3,11
332,173,64,72,8,61,-3,11
152,354,92,96,4,85,-7,11
152,350,98,101,3,90,-8,11
29,325,28,39,11,28,0,11
29,324,28,39,11,28,0,11
29,323,34,39,5,28,-6,11
397,260,199,208,9,197,-2,11
364,493,28,39,11,28,0,11
364,492,28,39,11,28,0,11
397,354,220,226,6,215,-5,11
397,349,215,220,5,209,-6,11
311,355,161,167,6,156,-5,11
332,172,66,72,6,61,-5,11
29,340,34,39,5,28,-6,11
29,339,28,39,11,28,0,11
217,335,101,109,8,98,-3,11
127,370,85,89,4,78,-7,11
152,356,90,96,6,85,-5,11
448,342,207,214,7,203,-4,11
74,360,39,39,0,28,-11,11
152,355,90,96,6,85,-5,11
332,144,84,89,5,78,-6,11
332,133,96,103,7,92,-4,11
332,131,101,106,5,95,-6,11
332,130,103,107,4,96,-7,11
332,129,105,110,5,99,-6,11
332,190,28,39,11,28,0,11
71,306,34,39,5,28,-6,11
71,305,34,39,5,28,-6,11
477,60,252,252,0,241,-11,11
255,324,82,85,3,74,-8,11
200,324,148,151,3,140,-8,11
29,337,28,39,11,28,0,11
29,336,28,39,11,28,0,11
29,335,28,39,11,28,0,11
61,353,43,50,7,39,-4,11
139,367,89,98,9,87,-2,11
92,346,112,117,5,106,-6,11
92,345,115,118,3,107,-8,11
92,343,118,123,5,112,-6,11
92,340,124,128,4,117,-7,11
92,339,127,130,3,119,-8,11
364,491,34,39,5,28,-6,11
29,342,34,39,5,28,-6,11
29,341,34,39,5,28,-6,11
284,299,114,120,6,109,-5,11
345,173,34,39,5,28,-6,11
345,87,102,103,1,92,-10,11
345,86,99,103,4,92,-7,11
397,243,214,219,5,208,-6,11
311,221,59,64,5,53,-6,11
311,220,64,70,6,59,-5,11
396,354,220,226,6,215,-5,11
397,269,218,225,7,214,-4,11
376,302,34,39,5,28,-6,11
29,338,28,39,11,28,0,11
434,347,222,229,7,218,-4,11
434,341,201,208,7,197,-4,11
72,260,34,39,5,28,-6,11
72,259,34,39,5,28,-6,11
72,258,34,39,5,28,-6,11
381,275,199,206,7,195,-4,11
293,307,133,137,4,126,-7,11
293,217,87,93,6,82,-5,11
381,99,39,39,0,28,-11,11
336,183,34,39,5,28,-6,11
336,179,39,50,11,39,0,11
336,178,43,50,7,39,-4,11
336,177,46,50,4,39,-7,11
336,176,46,50,4,39,-7,11
167,309,105,110,5,99,-6,11
523,326,28,39,11,28,0,11
396,346,205,210,5,199,-6,11
396,340,217,221,4,210,-7,11
61,350,39,50,11,39,0,11
231,314,89,96,7,85,-4,11
231,308,85,96,11,85,0,11
200,347,105,110,5,99,-6,11
332,243,244,246,2,235,-9,11
200,250,162,167,5,156,-6,11
345,145,43,50,7,39,-4,11
311,196,103,107,4,96,-7,11
386,491,34,39,5,28,-6,11
386,489,39,39,0,28,-11,11
386,408,39,39,0,28,-11,11
223,277,156,162,6,151,-5,11
397,100,34,39,5,28,-6,11
397,76,39,39,0,28,-11,11
61,367,50,50,0,39,-11,11
118,220,34,39,5,28,-6,11
364,508,34,39,5,28,-6,11
381,293,39,39,0,28,-11,11
381,276,203,210,7,199,-4,11
365,92,34,39,5,28,-6,11
61,372,34,39,5,28,-6,11
61,349,50,50,0,39,-11,11
396,488,34,39,5,28,-6,11
29,310,66,70,4,59,-7,11
459,349,28,39,11,28,0,11
348,278,224,229,5,218,-6,11
348,276,219,224,5,213,-6,11
181,320,151,155,4,144,-7,11
49,319,61,61,0,50,-11,11
49,318,56,61,5,50,-6,11
477,280,46,50,4,39,-7,11
381,98,28,39,11,28,0,11
381,96,28,39,11,28,0,11
355,302,39,39,0,28,-11,11
200,348,102,106,4,95,-7,11
87,358,59,64,5,53,-6,11
137,278,43,50,7,39,-4,11
218,335,101,109,8,98,-3,11
300,408,253,253,0,242,-11,11
387,101,39,39,0,28,-11,11
387,100,34,39,5,28,-6,11
387,98,28,39,11,28,0,11
387,97,34,39,5,28,-6,11
387,82,39,39,0,28,-11,11
387,81,34,39,5,28,-6,11
311,182,95,96,1,85,-10,11
87,371,34,39,5,28,-6,11
87,370,39,39,0,28,-11,11
87,369,34,39,5,28,-6,11
127,342,126,130,4,119,-7,11
365,227,39,39,0,28,-11,11
332,315,39,39,0,28,-11,11
486,342,34,39,5,28,-6,11
355,303,28,39,11,28,0,11
427,477,39,39,0,28,-11,11
163,348,130,136,6,125,-5,11
486,292,39,39,0,28,-11,11
80,237,28,39,11,28,0,11
375,515,252,253,1,242,-10,11
396,268,214,218,4,207,-7,11
310,354,167,172,5,161,-6,11
310,401,34,39,5,28,-6,11
395,508,34,39,5,28,-6,11
395,488,34,39,5,28,-6,11
61,370,28,39,11,28,0,11
396,339,220,225,5,214,-6,11
365,291,46,50,4,39,-7,11
167,271,182,186,4,175,-7,11
167,231,179,186,7,175,-4,11
396,243,214,219,5,208,-6,11
273,354,66,72,6,61,-5,11
273,305,66,72,6,61,-5,11
345,136,56,61,5,50,-6,11
345,134,59,64,5,53,-6,11
345,127,68,72,4,61,-7,11
284,298,119,125,6,114,-5,11
284,297,124,130,6,119,-5,11
141,322,61,61,0,50,-11,11
103,373,34,39,5,28,-6,11
103,372,39,39,0,28,-11,11
103,371,28,39,11,28,0,11
200,249,158,163,5,152,-6,11
200,248,153,160,7,149,-4,11
181,348,137,142,5,131,-6,11
345,246,227,231,4,220,-7,11
395,405,39,39,0,28,-11,11
387,277,218,226,8,215,-3,11
387,275,216,219,3,208,-8,11
92,349,107,112,5,101,-6,11
92,347,111,117,6,106,-5,11
396,256,223,227,4,216,-7,11
80,230,43,50,7,39,-4,11
381,95,39,39,0,28,-11,11
381,242,215,220,5,209,-6,11
97,372,39,39,0,28,-11,11
97,371,34,39,5,28,-6,11
336,165,56,61,5,50,-6,11
336,161,59,64,5,53,-6,11
336,160,61,64,3,53,-8,11
226,245,141,146,5,135,-6,11
332,289,43,50,7,39,-4,11
427,315,34,39,5,28,-6,11
130,279,191,193,2,182,-9,11
427,478,34,39,5,28,-6,11
395,511,50,50,0,39,-11,11
310,355,162,167,5,156,-6,11
62,230,56,61,5,50,-6,11
126,377,59,61,2,50,-9,11
376,269,228,231,3,220,-8,11
449,272,210,213,3,202,-8,11
345,189,43,50,7,39,-4,11
345,186,46,50,4,39,-7,11
49,320,59,61,2,50,-9,11
181,357,105,110,5,99,-6,11
181,350,128,134,6,123,-5,11
79,350,34,39,5,28,-6,11
228,302,123,127,4,116,-7,11
65,349,39,39,0,28,-11,11
167,273,185,189,4,178,-7,11
167,272,184,188,4,177,-7,11
255,329,93,93,0,82,-11,11
395,348,215,220,5,209,-6,11
395,338,223,227,4,216,-7,11
310,221,59,64,5,53,-6,11
310,220,64,70,6,59,-5,11
88,226,34,39,5,28,-6,11
196,326,157,162,5,151,-6,11
434,336,209,214,5,203,-6,11
434,335,212,218,6,207,-5,11
336,185,34,39,5,28,-6,11
336,184,34,39,5,28,-6,11
105,220,34,39,5,28,-6,11
109,220,34,39,5,28,-6,11
109,219,28,39,11,28,0,11
109,218,28,39,11,28,0,11
62,237,56,61,5,50,-6,11
126,342,122,130,8,119,-3,11
29,262,160,167,7,156,-4,11
29,261,162,167,5,156,-6,11
459,252,209,212,3,201,-8,11
74,327,28,39,11,28,0,11
74,326,34,39,5,28,-6,11
74,325,34,39,5,28,-6,11
355,226,39,39,0,28,-11,11
79,359,34,39,5,28,-6,11
79,352,34,39,5,28,-6,11
79,351,34,39,5,28,-6,11
292,380,42,50,8,39,-3,11
292,379,42,50,8,39,-3,11
292,377,34,39,5,28,-6,11
292,361,119,127,8,116,-3,11
97,374,28,39,11,28,0,11
97,373,28,39,11,28,0,11
240,311,148,153,5,142,-6,11
448,527,253,253,0,242,-11,11
348,284,243,243,0,232,-11,11
449,316,34,39,5,28,-6,11
244,340,84,93,9,82,-2,11
103,369,34,39,5,28,-6,11
103,367,39,50,11,39,0,11
103,360,82,85,3,74,-8,11
103,351,105,110,5,99,-6,11
103,235,149,154,5,143,-6,11
135,303,167,174,7,163,-4,11
352,495,34,39,5,28,-6,11
379,410,39,39,0,28,-11,11
144,232,148,155,7,144,-4,11
108,375,34,39,5,28,-6,11
108,374,34,39,5,28,-6,11
126,370,84,87,3,76,-8,11
394,511,50,50,0,39,-11,11
395,268,211,216,5,205,-6,11
126,339,138,139,1,128,-10,11
310,185,90,95,5,84,-6,11
395,78,34,39,5,28,-6,11
63,366,43,50,7,39,-4,11
63,365,50,50,0,39,-11,11
301,322,119,123,4,112,-7,11
381,229,28,39,11,28,0,11
49,357,34,39,5,28,-6,11
247,309,157,162,5,151,-6,11
395,266,203,210,7,199,-4,11
395,261,203,210,7,199,-4,11
309,355,164,167,3,156,-8,11
309,319,233,244,11,233,0,11
309,296,161,168,7,157,-4,11
62,248,66,72,6,61,-5,11
229,321,95,103,8,92,-3,11
182,217,253,253,0,242,-11,11
137,322,28,39,11,28,0,11
137,321,34,39,5,28,-6,11
108,376,34,39,5,28,-6,11
41,356,28,39,11,28,0,11
333,131,96,103,7,92,-4,11
41,306,64,70,6,59,-5,11
485,341,39,39,0,28,-11,11
428,315,39,39,0,28,-11,11
355,87,66,72,6,61,-5,11
355,81,61,61,0,50,-11,11
199,340,137,141,4,130,-7,11
333,177,59,64,5,53,-6,11
333,176,59,64,5,53,-6,11
333,144,80,85,5,74,-6,11
333,143,82,87,5,76,-6,11
69,286,28,39,11,28,0,11
69,285,34,39,5,28,-6,11
301,340,195,200,5,189,-6,11
387,229,34,39,5,28,-6,11
73,322,28,39,11,28,0,11
248,239,253,253,0,242,-11,11
458,350,34,39,5,28,-6,11
573,99,0,11,11,0,0,11
573,98,10,11,1,0,-10,11
88,326,156,160,4,149,-7,11
28,340,39,39,0,28,-11,11
28,339,39,39,0,28,-11,11
28,338,39,39,0,28,-11,11
28,337,39,39,0,28,-11,11
28,336,39,39,0,28,-11,11
28,335,34,39,5,28,-6,11
28,334,34,39,5,28,-6,11
28,333,34,39,5,28,-6,11
28,332,34,39,5,28,-6,11
526,259,21,28,7,17,-4,11
151,375,59,64,5,53,-6,11
394,342,202,210,8,199,-3,11
485,343,34,39,5,28,-6,11
478,345,34,39,5,28,-6,11
336,129,90,96,6,85,-5,11
336,166,56,61,5,50,-6,11
336,113,110,112,2,101,-9,11
336,112,110,112,2,101,-9,11
88,299,177,180,3,169,-8,11
88,296,183,186,3,175,-8,11
69,283,39,39,0,28,-11,11
69,282,34,39,5,28,-6,11
309,222,53,61,8,50,-3,11
345,291,46,50,4,39,-7,11
449,341,214,218,4,207,-7,11
376,228,34,39,5,28,-6,11
376,98,34,39,5,28,-6,11
376,94,34,39,5,28,-6,11
141,323,61,61,0,50,-11,11
240,309,154,160,6,149,-5,11
240,308,158,163,5,152,-6,11
240,306,162,167,5,156,-6,11
355,89,68,72,4,61,-7,11
55,365,34,39,5,28,-6,11
309,221,61,64,3,53,-8,11
394,508,34,39,5,28,-6,11
394,488,34,39,5,28,-6,11
394,355,223,225,2,214,-9,11
527,133,1,12,11,1,0,11
151,354,87,93,6,82,-5,11
151,353,89,95,6,84,-5,11
380,418,34,39,5,28,-6,11
65,279,34,39,5,28,-6,11
43,354,34,39,5,28,-6,11
478,280,43,50,7,39,-4,11
28,324,34,39,5,28,-6,11
394,268,209,214,5,203,-6,11
394,267,205,211,6,200,-5,11
369,492,28,39,11,28,0,11
369,420,39,39,0,28,-11,11
23,322,39,50,11,39,0,11
23,321,43,50,7,39,-4,11
301,356,151,158,7,147,-4,11
116,220,34,39,5,28,-6,11
116,217,34,39,5,28,-6,11
247,316,132,138,6,127,-5,11
348,181,46,50,4,39,-7,11
348,125,59,64,5,53,-6,11
72,233,70,70,0,59,-11,11
163,376,46,50,4,39,-7,11
485,293,39,39,0,28,-11,11
72,248,66,70,4,59,-7,11
72,247,70,70,0,59,-11,11
227,314,102,106,4,95,-7,11
144,237,142,146,4,135,-7,11
290,376,28,39,11,28,0,11
562,137,4,12,8,1,-3,11
279,290,132,138,6,127,-5,11
379,418,34,39,5,28,-6,11
348,128,56,61,5,50,-6,11
348,127,56,61,5,50,-6,11
394,79,34,39,5,28,-6,11
235,331,103,107,4,96,-7,11
235,316,114,118,4,107,-7,11
309,217,82,87,5,76,-6,11
309,205,99,106,7,95,-4,11
28,325,34,39,5,28,-6,11
393,510,46,50,4,39,-7,11
366,291,43,50,7,39,-4,11
108,387,254,254,0,243,-11,11
394,262,202,210,8,199,-3,11
219,335,102,110,8,99,-3,11
366,227,39,39,0,28,-11,11
366,92,34,39,5,28,-6,11
28,323,34,39,5,28,-6,11
450,274,199,208,9,197,-2,11
450,273,202,210,8,199,-3,11
354,495,34,39,5,28,-6,11
354,366,43,50,7,39,-4,11
428,336,199,205,6,194,-5,11
354,336,220,224,4,213,-7,11
354,326,218,223,5,212,-6,11
72,252,43,50,7,39,-4,11
333,190,34,39,5,28,-6,11
428,331,221,225,4,214,-7,11
56,214,252,255,3,244,-8,11
55,367,28,39,11,28,0,11
97,364,56,64,8,53,-3,11
373,228,28,39,11,28,0,11
373,227,39,39,0,28,-11,11
333,241,229,239,10,228,-1,11
428,478,34,39,5,28,-6,11
450,316,34,39,5,28,-6,11
457,312,34,39,5,28,-6,11
345,346,196,207,11,196,0,11
345,502,46,50,4,39,-7,11
345,501,50,50,0,39,-11,11
345,500,46,50,4,39,-7,11
458,252,211,213,2,202,-9,11
308,400,34,39,5,28,-6,11
308,351,179,184,5,173,-6,11
393,347,215,220,5,209,-6,11
393,508,34,39,5,28,-6,11
393,489,34,39,5,28,-6,11
108,381,59,61,2,50,-9,11
458,66,30,31,1,20,-10,11
375,411,39,39,0,28,-11,11
375,357,219,224,5,213,-6,11
375,496,34,39,5,28,-6,11
230,282,148,154,6,143,-5,11
69,256,34,39,5,28,-6,11
69,251,43,50,7,39,-4,11
394,78,28,39,11,28,0,11
394,270,217,220,3,209,-8,11
164,229,184,189,5,178,-6,11
348,87,90,95,5,84,-6,11
182,314,87,98,11,87,0,11
348,84,80,85,5,74,-6,11
347,355,218,223,5,212,-6,11
308,296,163,167,4,156,-7,11
308,226,50,50,0,39,-11,11
88,370,28,39,11,28,0,11
222,338,96,103,7,92,-4,11
222,337,102,107,5,96,-6,11
301,394,28,39,11,28,0,11
301,336,213,218,5,207,-6,11
23,325,43,50,7,39,-4,11
23,324,39,50,11,39,0,11
23,323,39,50,11,39,0,11
370,93,34,39,5,28,-6,11
369,508,34,39,5,28,-6,11
78,360,39,39,0,28,-11,11
78,359,34,39,5,28,-6,11
78,349,34,39,5,28,-6,11
78,348,34,39,5,28,-6,11
78,347,34,39,5,28,-6,11
78,346,34,39,5,28,-6,11
78,345,34,39,5,28,-6,11
78,344,34,39,5,28,-6,11
336,124,98,103,5,92,-6,11
43,325,34,39,5,28,-6,11
335,401,39,39,0,28,-11,11
308,305,150,155,5,144,-6,11
374,301,34,39,5,28,-6,11
450,342,215,216,1,205,-10,11
186,357,96,101,5,90,-6,11
348,94,78,89,11,78,0,11
283,312,80,89,9,78,-2,11
374,357,215,224,9,213,-2,11
88,357,64,70,6,59,-5,11
366,490,34,39,5,28,-6,11
366,420,39,39,0,28,-11,11
301,397,39,39,0,28,-11,11
301,396,34,39,5,28,-6,11
301,395,34,39,5,28,-6,11
126,331,155,159,4,148,-7,11
88,361,56,61,5,50,-6,11
88,360,59,64,5,53,-6,11
308,217,84,89,5,78,-6,11
137,369,102,103,1,92,-10,11
428,477,39,39,0,28,-11,11
354,343,215,221,6,210,-5,11
354,342,217,221,4,210,-7,11
433,476,34,39,5,28,-6,11
199,249,160,164,4,153,-7,11
164,321,159,160,1,149,-10,11
164,349,130,141,11,130,0,11
333,313,34,39,5,28,-6,11
333,312,34,39,5,28,-6,11
333,311,28,39,11,28,0,11
484,343,34,39,5,28,-6,11
392,508,39,39,0,28,-11,11
392,489,34,39,5,28,-6,11
125,227,143,146,3,135,-8,11
51,365,28,39,11,28,0,11
51,363,34,39,5,28,-6,11
51,362,34,39,5,28,-6,11
283,358,141,151,10,140,-1,11
142,248,133,138,5,127,-6,11
71,359,34,39,5,28,-6,11
164,345,137,143,6,132,-5,11
373,97,34,39,5,28,-6,11
18,265,251,253,2,242,-9,11
27,344,43,50,7,39,-4,11
89,208,252,254,2,243,-9,11
301,359,143,147,4,136,-7,11
91,367,39,50,11,39,0,11
91,366,50,50,0,39,-11,11
222,329,135,137,2,126,-9,11
68,256,34,39,5,28,-6,11
68,255,34,39,5,28,-6,11
308,222,53,61,8,50,-3,11
308,220,64,72,8,61,-3,11
151,229,152,154,2,143,-9,11
353,107,59,64,5,53,-6,11
241,295,187,191,4,180,-7,11
72,246,66,70,4,59,-7,11
346,132,59,64,5,53,-6,11
392,344,204,211,7,200,-4,11
392,341,201,210,9,199,-2,11
393,98,34,39,5,28,-6,11
392,510,46,50,4,39,-7,11
125,220,34,39,5,28,-6,11
125,219,39,39,0,28,-11,11
69,222,59,61,2,50,-9,11
274,285,128,134,6,123,-5,11
484,342,39,39,0,28,-11,11
164,323,154,158,4,147,-7,11
429,332,218,222,4,211,-7,11
71,361,28,39,11,28,0,11
71,360,39,39,0,28,-11,11
367,240,218,222,4,211,-7,11
125,339,135,139,4,128,-7,11
88,374,28,39,11,28,0,11
88,373,28,39,11,28,0,11
88,371,34,39,5,28,-6,11
307,357,154,159,5,148,-6,11
307,356,159,164,5,153,-6,11
392,346,213,218,5,207,-6,11
66,369,43,50,7,39,-4,11
231,315,90,96,6,85,-5,11
50,288,56,64,8,53,-3,11
346,134,56,61,5,50,-6,11
278,304,80,87,7,76,-4,11
256,300,144,149,5,138,-6,11
479,280,43,50,7,39,-4,11
433,348,229,233,4,222,-7,11
334,120,107,114,7,103,-4,11
198,362,105,114,9,103,-2,11
334,173,56,61,5,50,-6,11
334,134,89,93,4,82,-7,11
334,132,92,96,4,85,-7,11
429,335,205,210,5,199,-6,11
392,406,39,39,0,28,-11,11
529,281,39,39,0,28,-11,11
27,345,43,50,7,39,-4,11
307,222,53,61,8,50,-3,11
530,134,1,12,11,1,0,11
150,377,56,64,8,53,-3,11
307,351,177,182,5,171,-6,11
307,350,180,185,5,174,-6,11
307,308,143,148,5,137,-6,11
89,225,34,39,5,28,-6,11
144,240,134,142,8,131,-3,11
379,303,34,39,5,28,-6,11
227,326,116,120,4,109,-7,11
227,325,111,116,5,105,-6,11
227,323,103,109,6,98,-5,11
388,98,34,39,5,28,-6,11
388,97,39,39,0,28,-11,11
387,491,34,39,5,28,-6,11
50,310,43,50,7,39,-4,11
51,357,34,39,5,28,-6,11
451,253,217,221,4,210,-7,11
392,487,34,39,5,28,-6,11
380,276,202,208,6,197,-5,11
429,478,28,39,11,28,0,11
429,477,34,39,5,28,-6,11
334,129,99,103,4,92,-7,11
274,361,137,144,7,133,-4,11
150,353,84,93,9,82,-2,11
89,224,34,39,5,28,-6,11
89,223,34,39,5,28,-6,11
89,222,34,39,5,28,-6,11
392,328,227,230,3,219,-8,11
367,280,201,209,8,198,-3,11
387,361,39,50,11,39,0,11
387,343,207,213,6,202,-5,11
388,100,28,39,11,28,0,11
198,325,151,156,5,145,-6,11
240,344,82,93,11,82,0,11
240,321,117,122,5,111,-6,11
135,290,171,177,6,166,-5,11
483,336,216,224,8,213,-3,11
335,288,34,39,5,28,-6,11
98,352,101,107,6,96,-5,11
98,351,106,112,6,101,-5,11
98,236,156,160,4,149,-7,11
144,298,173,178,5,167,-6,11
334,139,82,87,5,76,-6,11
354,303,28,39,11,28,0,11
73,359,28,39,11,28,0,11
220,331,133,137,4,126,-7,11
124,220,28,39,11,28,0,11
235,261,146,153,7,142,-4,11
306,399,34,39,5,28,-6,11
392,258,226,230,4,219,-7,11
367,227,39,39,0,28,-11,11
367,92,34,39,5,28,-6,11
367,77,252,252,0,241,-11,11
124,339,135,139,4,128,-7,11
307,191,89,95,6,84,-5,11
530,280,39,39,0,28,-11,11
346,173,28,39,11,28,0,11
346,144,43,50,7,39,-4,11
346,143,46,50,4,39,-7,11
245,262,129,134,5,123,-6,11
346,131,59,64,5,53,-6,11
73,360,39,39,0,28,-11,11
227,322,99,106,7,95,-4,11
227,316,98,101,3,90,-8,11
334,95,253,254,1,243,-10,11
334,176,56,61,5,50,-6,11
334,175,56,61,5,50,-6,11
334,174,56,61,5,50,-6,11
380,303,34,39,5,28,-6,11
380,293,34,39,5,28,-6,11
91,347,106,112,6,101,-5,11
91,345,110,116,6,105,-5,11
302,209,102,106,4,95,-7,11
138,236,158,160,2,149,-9,11
367,292,46,50,4,39,-7,11
392,229,39,39,0,28,-11,11
392,102,34,39,5,28,-6,11
392,101,34,39,5,28,-6,11
392,98,34,39,5,28,-6,11
354,302,39,39,0,28,-11,11
430,335,206,211,5,200,-6,11
256,292,149,155,6,144,-5,11
256,291,150,156,6,145,-5,11
479,266,194,202,8,191,-3,11
479,299,39,39,0,28,-11,11
479,298,34,39,5,28,-6,11
124,219,39,39,0,28,-11,11
346,181,43,50,7,39,-4,11
346,180,43,50,7,39,-4,11
50,323,50,61,11,50,0,11
50,322,53,61,8,50,-3,11
150,308,61,70,9,59,-2,11
150,307,61,70,9,59,-2,11
306,351,174,180,6,169,-5,11
392,80,34,39,5,28,-6,11
307,192,87,93,6,82,-5,11
306,310,135,142,7,131,-4,11
531,136,17,19,2,8,-9,11
391,489,34,39,5,28,-6,11
391,487,34,39,5,28,-6,11
234,261,150,155,5,144,-6,11
107,371,34,39,5,28,-6,11
335,347,199,204,5,193,-6,11
354,226,39,39,0,28,-11,11
354,105,56,61,5,50,-6,11
42,282,84,87,3,76,-8,11
165,299,184,188,4,177,-7,11
483,327,214,215,1,204,-10,11
483,280,46,50,4,39,-7,11
257,300,140,144,4,133,-7,11
334,170,59,64,5,53,-6,11
334,169,61,64,3,53,-8,11
430,476,39,39,0,28,-11,11
89,341,110,116,6,105,-5,11
62,373,34,39,5,28,-6,11
62,350,43,50,7,39,-4,11
62,349,43,50,7,39,-4,11
62,348,43,50,7,39,-4,11
353,495,34,39,5,28,-6,11
353,366,43,50,7,39,-4,11
197,368,252,254,2,243,-9,11
257,295,144,147,3,136,-8,11
334,190,28,39,11,28,0,11
430,477,34,39,5,28,-6,11
391,508,34,39,5,28,-6,11
108,360,85,89,4,78,-7,11
138,292,162,167,5,156,-6,11
108,373,34,39,5,28,-6,11
306,350,178,183,5,172,-6,11
306,296,158,163,5,152,-6,11
306,289,169,171,2,160,-9,11
283,305,89,95,6,84,-5,11
283,295,134,139,5,128,-6,11
78,343,34,39,5,28,-6,11
107,374,39,39,0,28,-11,11
107,373,34,39,5,28,-6,11
107,372,28,39,11,28,0,11
387,490,39,39,0,28,-11,11
183,357,101,106,5,95,-6,11
183,354,112,117,5,106,-6,11
50,320,56,61,5,50,-6,11
50,319,50,61,11,50,0,11
50,318,53,61,8,50,-3,11
456,252,210,215,5,204,-6,11
74,212,180,184,4,173,-7,11
50,357,34,39,5,28,-6,11
62,347,43,50,7,39,-4,11
391,510,46,50,4,39,-7,11
198,351,95,101,6,90,-5,11
198,349,101,106,5,95,-6,11
183,348,135,140,5,129,-6,11
247,239,253,253,0,242,-11,11
367,323,228,229,1,218,-10,11
108,372,28,39,11,28,0,11
108,371,39,39,0,28,-11,11
108,368,43,50,7,39,-4,11
68,370,43,50,7,39,-4,11
68,369,46,50,4,39,-7,11
62,367,39,50,11,39,0,11
62,366,39,50,11,39,0,11
62,365,46,50,4,39,-7,11
391,406,34,39,5,28,-6,11
391,344,207,212,5,201,-6,11
302,315,118,126,8,115,-3,11
276,237,243,248,5,237,-6,11
107,375,34,39,5,28,-6,11
380,98,34,39,5,28,-6,11
380,96,28,39,11,28,0,11
380,95,39,39,0,28,-11,11
433,250,209,214,5,203,-6,11
72,256,39,39,0,28,-11,11
196,349,105,112,7,101,-4,11
166,366,96,106,10,95,-1,11
166,340,146,151,5,140,-6,11
166,333,156,158,2,147,-9,11
89,329,152,156,4,145,-7,11
306,281,242,245,3,234,-8,11
306,231,238,242,4,231,-7,11
346,188,43,50,7,39,-4,11
346,187,46,50,4,39,-7,11
346,186,46,50,4,39,-7,11
451,316,34,39,5,28,-6,11
257,292,145,150,5,139,-6,11
257,290,147,151,4,140,-7,11
257,286,149,154,5,143,-6,11
257,285,150,154,4,143,-7,11
257,283,150,154,4,143,-7,11
55,330,50,50,0,39,-11,11
26,343,46,50,4,39,-7,11
26,342,43,50,7,39,-4,11
306,208,96,103,7,92,-4,11
150,244,136,142,6,131,-5,11
150,239,144,150,6,139,-5,11
230,320,93,101,8,90,-3,11
230,312,87,96,9,85,-2,11
231,280,155,157,2,146,-9,11
391,229,39,39,0,28,-11,11
380,99,39,39,0,28,-11,11
334,287,28,39,11,28,0,11
559,47,255,255,0,244,-11,11
302,316,117,125,8,114,-3,11
369,305,34,39,5,28,-6,11
388,229,34,39,5,28,-6,11
388,101,39,39,0,28,-11,11
452,253,216,221,5,210,-6,11
452,252,210,217,7,206,-4,11
185,341,152,156,4,145,-7,11
185,340,156,161,5,150,-6,11
346,291,43,50,7,39,-4,11
346,251,247,247,0,236,-11,11
149,385,56,64,8,53,-3,11
482,344,34,39,5,28,-6,11
334,235,226,231,5,220,-6,11
354,86,66,72,6,61,-5,11
391,98,34,39,5,28,-6,11
123,220,34,39,5,28,-6,11
123,219,34,39,5,28,-6,11
367,492,28,39,11,28,0,11
367,420,39,39,0,28,-11,11
89,375,34,39,5,28,-6,11
305,358,149,154,5,143,-6,11
305,356,159,164,5,153,-6,11
302,322,122,123,1,112,-10,11
55,329,46,50,4,39,-7,11
198,248,157,162,5,151,-6,11
198,247,152,159,7,148,-4,11
431,335,208,213,5,202,-6,11
335,271,59,64,5,53,-6,11
335,270,53,64,11,53,0,11
431,333,217,221,4,210,-7,11
138,321,28,39,11,28,0,11
245,322,117,125,8,114,-3,11
185,313,99,103,4,92,-7,11
452,316,34,39,5,28,-6,11
74,257,28,39,11,28,0,11
50,372,252,252,0,241,-11,11
68,356,28,39,11,28,0,11
368,227,39,39,0,28,-11,11
368,92,34,39,5,28,-6,11
390,510,50,50,0,39,-11,11
390,508,28,39,11,28,0,11
390,490,34,39,5,28,-6,11
390,487,39,39,0,28,-11,11
305,351,172,178,6,167,-5,11
305,349,178,183,5,172,-6,11
391,101,34,39,5,28,-6,11
291,364,116,118,2,107,-9,11
291,361,118,126,8,115,-3,11
291,353,139,147,8,136,-3,11
98,373,28,39,11,28,0,11
98,372,34,39,5,28,-6,11
432,477,34,39,5,28,-6,11
433,344,220,223,3,212,-8,11
433,336,207,212,5,201,-6,11
433,334,216,220,4,209,-7,11
433,315,39,39,0,28,-11,11
89,372,28,39,11,28,0,11
89,371,28,39,11,28,0,11
89,370,34,39,5,28,-6,11
68,361,46,50,4,39,-7,11
305,231,233,241,8,230,-3,11
138,322,28,39,11,28,0,11
104,219,34,39,5,28,-6,11
574,99,0,11,11,0,0,11
574,98,11,11,0,0,-11,11
122,219,34,39,5,28,-6,11
388,297,39,39,0,28,-11,11
388,296,39,39,0,28,-11,11
147,379,56,61,5,50,-6,11
147,373,53,61,8,50,-3,11
302,356,154,160,6,149,-5,11
302,355,158,162,4,151,-7,11
138,320,34,39,5,28,-6,11
305,210,90,96,6,85,-5,11
89,374,28,39,11,28,0,11
89,373,28,39,11,28,0,11
17,306,56,64,8,53,-3,11
291,379,46,50,4,39,-7,11
390,270,199,210,11,199,0,11
390,264,205,212,7,201,-4,11
68,359,34,39,5,28,-6,11
68,358,34,39,5,28,-6,11
68,357,34,39,5,28,-6,11
305,289,164,171,7,160,-4,11
149,296,196,199,3,188,-8,11
275,240,237,245,8,234,-3,11
275,237,243,248,5,237,-6,11
455,239,28,32,4,21,-7,11
74,252,43,50,7,39,-4,11
281,303,90,96,6,85,-5,11
104,376,28,39,11,28,0,11
104,374,28,39,11,28,0,11
104,221,28,39,11,28,0,11
104,220,39,39,0,28,-11,11
304,368,34,39,5,28,-6,11
304,367,34,39,5,28,-6,11
304,358,149,154,5,143,-6,11
25,352,252,253,1,242,-10,11
138,369,102,103,1,92,-10,11
149,297,197,199,2,188,-9,11
90,225,34,39,5,28,-6,11
90,221,34,39,5,28,-6,11
90,333,141,146,5,135,-6,11
90,332,144,149,5,138,-6,11
234,331,105,109,4,98,-7,11
234,317,110,114,4,103,-7,11
221,330,137,137,0,126,-11,11
122,218,39,39,0,28,-11,11
390,229,39,39,0,28,-11,11
390,101,34,39,5,28,-6,11
279,237,240,247,7,236,-4,11
106,367,43,50,7,39,-4,11
431,348,226,233,7,222,-4,11
257,296,143,146,3,135,-8,11
165,309,105,110,5,99,-6,11
482,280,46,50,4,39,-7,11
42,325,34,39,5,28,-6,11
165,325,157,160,3,149,-8,11
79,241,39,50,11,39,0,11
79,239,34,39,5,28,-6,11
68,287,34,39,5,28,-6,11
68,286,34,39,5,28,-6,11
122,220,34,39,5,28,-6,11
389,407,39,39,0,28,-11,11
389,361,39,50,11,39,0,11
390,98,34,39,5,28,-6,11
246,312,150,154,4,143,-7,11
185,353,111,117,6,106,-5,11
347,181,43,50,7,39,-4,11
453,251,206,210,4,199,-7,11
149,239,143,148,5,137,-6,11
368,274,228,232,4,221,-7,11
368,228,28,39,11,28,0,11
63,254,59,61,2,50,-9,11
389,508,28,39,11,28,0,11
91,335,137,142,5,131,-6,11
91,243,170,173,3,162,-8,11
91,242,167,170,3,159,-8,11
302,347,173,178,5,167,-6,11
24,320,46,50,4,39,-7,11
99,365,56,61,5,50,-6,11
561,140,14,19,5,8,-6,11
55,316,34,39,5,28,-6,11
431,476,39,39,0,28,-11,11
227,303,123,131,8,120,-3,11
373,271,227,230,3,219,-8,11
166,310,110,116,6,105,-5,11
166,309,105,110,5,99,-6,11
166,306,92,103,11,92,0,11
480,298,39,39,0,28,-11,11
480,288,39,39,0,28,-11,11
535,137,18,20,2,9,-9,11
535,135,4,12,8,1,-3,11
304,357,153,159,6,148,-5,11
304,350,172,178,6,167,-5,11
574,97,10,11,1,0,-10,11
246,316,135,140,5,129,-6,11
246,314,142,147,5,136,-6,11
74,259,39,39,0,28,-11,11
74,258,34,39,5,28,-6,11
246,257,106,112,6,101,-5,11
454,344,216,223,7,212,-4,11
302,397,34,39,5,28,-6,11
302,396,28,39,11,28,0,11
304,346,182,187,5,176,-6,11
304,329,227,235,8,224,-3,11
304,289,167,171,4,160,-7,11
221,358,85,93,8,82,-3,11
389,340,196,207,11,196,0,11
389,490,34,39,5,28,-6,11
389,488,39,39,0,28,-11,11
334,348,195,199,4,188,-7,11
257,282,150,154,4,143,-7,11
55,320,28,39,11,28,0,11
353,341,216,220,4,209,-7,11
79,238,34,39,5,28,-6,11
79,237,34,39,5,28,-6,11
334,402,39,39,0,28,-11,11
353,335,220,223,3,212,-8,11
241,286,175,181,6,170,-5,11
148,239,141,147,6,136,-5,11
148,238,146,151,5,140,-6,11
91,226,34,39,5,28,-6,11
184,312,103,107,4,96,-7,11
454,315,34,39,5,28,-6,11
184,294,190,195,5,184,-6,11
184,280,190,193,3,182,-8,11
346,356,212,220,8,209,-3,11
346,345,201,207,6,196,-5,11
74,268,43,50,7,39,-4,11
67,257,28,39,11,28,0,11
67,256,28,39,11,28,0,11
380,273,200,206,6,195,-5,11
335,128,96,101,5,90,-6,11
42,356,34,39,5,28,-6,11
42,355,34,39,5,28,-6,11
51,283,39,50,11,39,0,11
304,208,99,106,7,95,-4,11
90,348,101,106,5,95,-6,11
90,342,112,117,5,106,-6,11
25,341,46,50,4,39,-7,11
68,285,34,39,5,28,-6,11
68,282,34,39,5,28,-6,11
148,246,126,131,5,120,-6,11
197,362,105,114,9,103,-2,11
197,360,99,103,4,92,-7,11
389,98,34,39,5,28,-6,11
389,265,204,211,7,200,-4,11
389,306,34,39,5,28,-6,11
90,347,102,107,5,96,-6,11
90,366,43,50,7,39,-4,11
148,373,50,61,11,50,0,11
25,315,39,50,11,39,0,11
368,294,50,50,0,39,-11,11
304,211,89,95,6,84,-5,11
184,344,142,148,6,137,-5,11
454,314,39,39,0,28,-11,11
246,263,130,134,4,123,-7,11
481,344,34,39,5,28,-6,11
98,371,34,39,5,28,-6,11
98,364,53,64,11,53,0,11
291,314,101,107,6,96,-5,11
335,135,82,89,7,78,-4,11
335,131,90,96,6,85,-5,11
197,248,159,163,4,152,-7,11
480,263,202,206,4,195,-7,11
432,348,228,233,5,222,-6,11
197,307,61,64,3,53,-8,11
197,306,59,64,5,53,-6,11
353,226,39,39,0,28,-11,11
141,252,129,137,8,126,-3,11
24,341,46,50,4,39,-7,11
388,286,43,50,7,39,-4,11
388,274,216,220,4,209,-7,11
388,271,202,210,8,199,-3,11
63,284,34,39,5,28,-6,11
304,231,230,241,11,230,0,11
389,100,28,39,11,28,0,11
375,228,34,39,5,28,-6,11
375,302,34,39,5,28,-6,11
375,301,34,39,5,28,-6,11
375,299,39,50,11,39,0,11
375,298,43,50,7,39,-4,11
230,331,112,116,4,105,-7,11
369,228,28,39,11,28,0,11
369,227,39,39,0,28,-11,11
369,93,34,39,5,28,-6,11
303,277,245,245,0,234,-11,11
108,220,34,39,5,28,-6,11
108,219,34,39,5,28,-6,11
108,218,34,39,5,28,-6,11
42,354,34,39,5,28,-6,11
432,334,213,219,6,208,-5,11
481,280,46,50,4,39,-7,11
380,229,34,39,5,28,-6,11
144,284,102,106,4,95,-7,11
335,170,53,61,8,50,-3,11
165,346,143,147,4,136,-7,11
388,361,39,50,11,39,0,11
388,355,217,228,11,217,0,11
368,358,219,223,4,212,-7,11
368,332,225,228,3,217,-8,11
368,305,34,39,5,28,-6,11
139,235,156,160,4,149,-7,11
104,373,34,39,5,28,-6,11
104,372,34,39,5,28,-6,11
104,371,28,39,11,28,0,11
104,369,34,39,5,28,-6,11
104,367,39,50,11,39,0,11
375,232,74,85,11,74,0,11
279,236,245,249,4,238,-7,11
353,109,56,61,5,50,-6,11
335,169,56,61,5,50,-6,11
335,168,59,61,2,50,-9,11
335,167,59,64,5,53,-6,11
55,306,34,39,5,28,-6,11
368,420,39,39,0,28,-11,11
90,367,43,50,7,39,-4,11
303,315,125,128,3,117,-8,11
303,350,169,175,6,164,-5,11
303,349,172,178,6,167,-5,11
303,348,174,180,6,169,-5,11
303,347,176,182,6,171,-5,11
303,345,182,186,4,175,-7,11
303,337,206,213,7,202,-4,11
431,477,34,39,5,28,-6,11
66,356,34,39,5,28,-6,11
388,490,34,39,5,28,-6,11
388,488,39,39,0,28,-11,11
184,352,117,122,5,111,-6,11
346,502,43,50,7,39,-4,11
346,500,46,50,4,39,-7,11
347,131,56,61,5,50,-6,11
347,130,56,61,5,50,-6,11
347,128,59,64,5,53,-6,11
454,61,253,253,0,242,-11,11
184,357,98,103,5,92,-6,11
184,356,102,107,5,96,-6,11
184,355,106,112,6,101,-5,11
453,316,34,39,5,28,-6,11
353,303,28,39,11,28,0,11
353,302,34,39,5,28,-6,11
439,474,34,39,5,28,-6,11
72,361,34,39,5,28,-6,11
72,360,39,39,0,28,-11,11
72,359,34,39,5,28,-6,11
339,266,66,72,6,61,-5,11
173,227,180,190,10,179,-1,11
374,419,39,39,0,28,-11,11
575,97,0,11,11,0,0,11
575,98,0,11,11,0,0,11
375,227,39,39,0,28,-11,11
375,98,34,39,5,28,-6,11
575,99,0,11,11,0,0,11
303,223,53,61,8,50,-3,11
303,218,85,89,4,78,-7,11
388,508,28,39,11,28,0,11
66,357,39,39,0,28,-11,11
141,358,76,82,6,72,-4,10
454,239,28,31,3,21,-7,10
282,347,72,78,6,68,-4,10
282,346,72,78,6,68,-4,10
303,356,156,161,5,151,-5,10
303,351,167,172,5,162,-5,10
303,231,230,240,10,230,0,10
369,279,199,206,7,196,-3,10
275,306,70,76,6,66,-4,10
303,314,126,128,2,118,-8,10
51,249,72,74,2,64,-8,10
184,351,119,125,6,115,-4,10
184,353,116,119,3,109,-7,10
245,353,72,78,6,68,-4,10
51,252,64,66,2,56,-8,10
454,252,210,216,6,206,-4,10
454,253,215,220,5,210,-5,10
346,512,253,254,1,244,-9,10
347,112,76,78,2,68,-8,10
347,114,70,76,6,66,-4,10
453,252,210,216,6,206,-4,10
453,253,216,220,4,210,-6,10
347,135,50,56,6,46,-4,10
347,180,50,53,3,43,-7,10
245,347,66,74,8,64,-2,10
184,281,184,190,6,180,-4,10
304,348,178,182,4,172,-6,10
275,286,130,134,4,124,-6,10
389,343,205,210,5,200,-5,10
389,344,209,214,5,204,-5,10
389,345,213,217,4,207,-6,10
221,335,105,111,6,101,-4,10
221,338,96,102,6,92,-4,10
304,328,225,235,10,225,0,10
304,335,215,220,5,210,-5,10
304,336,210,216,6,206,-4,10
304,345,185,188,3,178,-7,10
91,336,134,138,4,128,-6,10
90,341,115,119,4,109,-6,10
138,373,61,66,5,56,-5,10
389,274,219,222,3,212,-7,10
304,204,112,116,4,106,-6,10
90,330,151,155,4,145,-6,10
305,174,253,254,1,244,-9,10
26,247,252,252,0,242,-10,10
118,365,82,84,2,74,-8,10
389,517,253,253,0,243,-10,10
147,365,95,99,4,89,-6,10
302,341,189,195,6,185,-4,10
302,345,179,183,4,173,-6,10
368,241,220,225,5,215,-5,10
149,238,147,151,4,141,-6,10
149,244,134,140,6,130,-4,10
149,245,131,136,5,126,-5,10
304,351,169,175,6,165,-4,10
304,356,157,162,5,152,-5,10
138,356,68,74,6,64,-4,10
304,347,180,184,4,174,-6,10
63,235,64,66,2,56,-8,10
305,209,95,99,4,89,-6,10
390,345,212,217,5,207,-5,10
302,351,164,169,5,159,-5,10
302,357,151,156,5,146,-5,10
147,380,56,66,10,56,0,10
63,246,74,76,2,66,-8,10
390,260,231,231,0,221,-10,10
122,376,43,53,10,43,0,10
275,274,169,170,1,160,-9,10
305,207,103,106,3,96,-7,10
305,208,98,103,5,93,-5,10
275,233,249,249,0,239,-10,10
221,331,134,137,3,127,-7,10
390,243,215,220,5,210,-5,10
90,245,173,174,1,164,-9,10
391,259,228,231,3,221,-7,10
123,339,134,139,5,129,-5,10
123,374,46,53,7,43,-3,10
302,337,207,213,6,203,-4,10
302,350,167,172,5,162,-5,10
305,357,154,159,5,149,-5,10
89,357,68,74,6,64,-4,10
89,360,61,66,5,56,-5,10
149,345,74,74,0,64,-10,10
149,350,84,92,8,82,-2,10
305,348,181,185,4,175,-6,10
390,517,253,253,0,243,-10,10
390,344,207,213,6,203,-4,10
305,335,215,220,5,210,-5,10
68,362,50,53,3,43,-7,10
68,364,50,56,6,46,-4,10
26,353,251,253,2,243,-8,10
150,224,72,76,4,66,-6,10
150,238,148,153,5,143,-5,10
234,262,153,156,3,146,-7,10
388,233,74,78,4,68,-6,10
302,314,120,126,6,116,-4,10
391,341,200,207,7,197,-3,10
221,239,131,138,7,128,-3,10
306,210,89,95,6,85,-4,10
123,228,146,148,2,138,-8,10
123,336,144,148,4,138,-6,10
62,363,53,56,3,46,-7,10
367,358,219,223,4,213,-6,10
150,243,140,144,4,134,-6,10
306,207,101,105,4,95,-6,10
391,243,215,220,5,210,-5,10
89,252,178,184,6,174,-4,10
89,253,181,185,4,175,-6,10
89,301,172,177,5,167,-5,10
531,134,1,11,10,1,0,10
306,313,134,139,5,129,-5,10
307,205,103,109,6,99,-4,10
307,206,102,106,4,96,-6,10
307,207,99,103,4,93,-6,10
306,352,171,177,6,167,-4,10
306,356,159,164,5,154,-5,10
306,357,154,159,5,149,-5,10
391,517,253,253,0,243,-10,10
306,297,154,161,7,151,-3,10
306,309,137,143,6,133,-4,10
306,340,196,201,5,191,-5,10
306,349,181,185,4,175,-6,10
150,384,64,66,2,56,-8,10
150,385,59,66,7,56,-3,10
530,136,18,20,2,10,-8,10
302,204,118,119,1,109,-9,10
124,373,53,56,3,46,-7,10
124,374,46,53,7,43,-3,10
392,337,223,227,4,217,-6,10
274,304,72,76,4,66,-6,10
307,223,50,56,6,46,-4,10
124,345,116,120,4,110,-6,10
124,346,112,116,4,106,-6,10
235,253,138,142,4,132,-6,10
235,260,144,150,6,140,-4,10
235,262,150,154,4,144,-6,10
307,190,90,95,5,85,-5,10
392,243,216,220,4,210,-6,10
151,238,150,154,4,144,-6,10
151,239,147,153,6,143,-4,10
151,240,145,151,6,141,-4,10
68,250,43,53,10,43,0,10
222,335,106,112,6,102,-4,10
301,357,149,154,5,144,-5,10
147,309,59,66,7,56,-3,10
151,243,142,146,4,136,-6,10
138,227,133,137,4,127,-6,10
125,374,50,53,3,43,-7,10
307,352,173,179,6,169,-4,10
125,341,126,132,6,122,-4,10
125,346,110,116,6,106,-4,10
307,296,161,164,3,154,-7,10
307,305,146,152,6,142,-4,10
307,306,144,150,6,140,-4,10
308,310,144,147,3,137,-7,10
528,133,1,11,10,1,0,10
126,260,189,192,3,182,-7,10
126,326,161,166,5,156,-5,10
126,329,159,162,3,152,-7,10
387,340,197,202,5,192,-5,10
387,341,200,206,6,196,-4,10
387,342,204,209,5,199,-5,10
24,251,253,254,1,244,-9,10
91,358,70,76,6,66,-4,10
91,359,68,74,6,64,-4,10
366,331,225,228,3,218,-7,10
366,358,218,224,6,214,-4,10
393,272,219,223,4,213,-6,10
393,346,211,215,4,205,-6,10
308,207,96,102,6,92,-4,10
527,536,253,253,0,243,-10,10
108,379,46,53,7,43,-3,10
393,355,220,229,9,219,-1,10
308,330,225,231,6,221,-4,10
308,352,175,180,5,170,-5,10
308,355,164,167,3,157,-7,10
23,334,46,53,7,43,-3,10
222,339,92,99,7,89,-3,10
222,358,85,92,7,82,-3,10
387,326,228,231,3,221,-7,10
126,332,152,156,4,146,-6,10
220,265,162,167,5,157,-5,10
220,266,163,167,4,157,-6,10
308,232,236,242,6,232,-4,10
308,293,166,170,4,160,-6,10
308,297,157,163,6,153,-4,10
309,294,170,170,0,160,-10,10
394,348,217,220,3,210,-7,10
220,240,138,141,3,131,-7,10
301,342,187,193,6,183,-4,10
301,343,183,189,6,179,-4,10
301,345,177,182,5,172,-5,10
301,346,173,179,6,169,-4,10
301,351,162,167,5,157,-5,10
23,320,46,53,7,43,-3,10
309,204,103,106,3,96,-7,10
394,329,228,231,3,221,-7,10
366,240,220,223,3,213,-7,10
28,316,53,53,0,43,-10,10
366,292,50,53,3,43,-7,10
274,273,168,170,2,160,-8,10
69,250,43,53,10,43,0,10
151,355,85,92,7,82,-3,10
309,330,225,231,6,221,-4,10
309,354,167,172,5,162,-5,10
274,237,242,247,5,237,-5,10
152,220,149,157,8,147,-2,10
395,243,215,219,4,209,-6,10
387,233,74,78,4,68,-6,10
387,261,228,231,3,221,-7,10
301,337,208,213,5,203,-5,10
301,339,199,204,5,194,-5,10
88,325,157,162,5,152,-5,10
88,249,175,178,3,168,-7,10
88,297,182,183,1,173,-9,10
88,298,180,182,2,172,-8,10
309,284,241,245,4,235,-6,10
309,285,235,244,9,234,-1,10
29,260,162,166,4,156,-6,10
126,343,119,126,7,116,-3,10
62,240,64,66,2,56,-8,10
152,240,150,154,4,144,-6,10
152,243,144,148,4,138,-6,10
301,283,171,173,2,163,-8,10
301,306,137,143,6,133,-4,10
63,359,50,53,3,43,-7,10
395,270,220,221,1,211,-9,10
310,180,96,105,9,95,-1,10
310,183,95,99,4,89,-6,10
126,338,139,142,3,132,-7,10
126,341,127,132,5,122,-5,10
126,344,117,122,5,112,-5,10
62,246,72,74,2,64,-8,10
62,247,72,74,2,64,-8,10
127,317,181,184,3,174,-7,10
127,318,176,184,8,174,-2,10
310,223,50,53,3,43,-7,10
273,303,66,74,8,64,-2,10
219,265,165,169,4,159,-6,10
139,351,74,76,2,66,-8,10
301,204,117,119,2,109,-8,10
87,379,46,53,7,43,-3,10
152,239,151,155,4,145,-6,10
310,205,96,103,7,93,-3,10
310,284,244,245,1,235,-9,10
310,305,153,157,4,147,-6,10
310,307,147,154,7,144,-3,10
395,345,202,209,7,199,-3,10
395,349,219,223,4,213,-6,10
126,335,147,150,3,140,-7,10
127,258,185,187,2,177,-8,10
365,276,229,232,3,222,-7,10
311,176,102,109,7,99,-3,10
311,179,96,102,6,92,-4,10
370,241,219,224,5,214,-5,10
370,273,229,231,2,221,-8,10
139,346,78,82,4,72,-6,10
139,348,78,80,2,70,-8,10
139,349,78,80,2,70,-8,10
139,350,76,78,2,68,-8,10
218,358,84,90,6,80,-4,10
365,292,50,53,3,43,-7,10
310,416,43,53,10,43,0,10
310,330,224,231,7,221,-3,10
396,270,221,224,3,214,-7,10
218,331,128,130,2,120,-8,10
311,298,159,160,1,150,-9,10
397,255,223,227,4,217,-6,10
396,343,202,209,7,199,-3,10
61,362,56,56,0,46,-10,10
118,209,254,255,1,245,-9,10
370,278,200,207,7,197,-3,10
542,138,19,20,1,10,-9,10
147,223,66,74,8,64,-2,10
300,345,176,181,5,171,-5,10
311,183,92,95,3,85,-7,10
311,186,84,90,6,80,-4,10
311,217,82,84,2,74,-8,10
29,308,72,80,8,70,-2,10
127,341,130,132,2,122,-8,10
127,343,122,126,4,116,-6,10
127,344,116,122,6,112,-4,10
152,357,90,95,5,85,-5,10
127,349,102,109,7,99,-3,10
127,329,154,160,6,150,-4,10
300,356,151,156,5,146,-5,10
92,241,169,170,1,160,-9,10
92,341,122,126,4,116,-6,10
92,344,116,120,4,110,-6,10
147,238,145,150,5,140,-5,10
147,239,140,146,6,136,-4,10
139,358,76,82,6,72,-4,10
61,356,53,53,0,43,-10,10
61,361,46,56,10,46,0,10
152,307,66,74,8,64,-2,10
152,358,90,95,5,85,-5,10
217,331,124,130,6,120,-4,10
311,223,46,53,7,43,-3,10
137,227,133,138,5,128,-5,10
137,229,142,146,4,136,-6,10
398,264,202,209,7,199,-3,10
146,390,253,253,0,243,-10,10
146,365,93,99,6,89,-4,10
23,254,252,253,1,243,-9,10
140,227,133,136,3,126,-7,10
300,293,166,172,6,162,-4,10
300,306,139,144,5,134,-5,10
300,346,172,177,5,167,-5,10
364,359,224,224,0,214,-10,10
152,383,66,66,0,56,-10,10
311,349,188,193,5,183,-5,10
311,350,183,190,7,180,-3,10
311,353,171,176,5,166,-5,10
397,346,202,209,7,199,-3,10
273,236,247,251,4,241,-6,10
273,248,162,168,6,158,-4,10
312,223,46,53,7,43,-3,10
223,274,165,169,4,159,-6,10
300,337,208,213,5,203,-5,10
300,339,199,205,6,195,-4,10
300,340,197,201,4,191,-6,10
398,254,224,227,3,217,-7,10
312,184,85,92,7,82,-3,10
128,252,177,181,4,171,-6,10
87,322,160,165,5,155,-5,10
153,243,147,151,4,141,-6,10
236,254,135,140,5,130,-5,10
236,261,144,150,6,140,-4,10
236,262,148,153,5,143,-5,10
397,340,218,222,4,212,-6,10
87,310,164,168,4,158,-6,10
87,311,165,168,3,158,-7,10
87,312,164,168,4,158,-6,10
153,307,68,76,8,66,-2,10
92,360,68,74,6,64,-4,10
146,378,50,56,6,46,-4,10
223,235,253,254,1,244,-9,10
223,241,138,140,2,130,-8,10
216,331,129,130,1,120,-9,10
364,294,53,53,0,43,-10,10
312,353,171,176,5,166,-5,10
312,354,166,171,5,161,-5,10
69,365,50,56,6,46,-4,10
128,269,197,199,2,189,-8,10
312,298,154,160,6,150,-4,10
398,340,220,224,4,214,-6,10
313,170,103,109,6,99,-4,10
313,182,82,90,8,80,-2,10
399,259,200,207,7,197,-3,10
87,307,164,168,4,158,-6,10
87,308,164,168,4,158,-6,10
87,309,164,168,4,158,-6,10
87,320,164,167,3,157,-7,10
216,239,140,144,4,134,-6,10
276,287,130,135,5,125,-5,10
92,358,74,78,4,68,-6,10
520,537,253,253,0,243,-10,10
69,366,56,56,0,46,-10,10
69,367,50,56,6,46,-4,10
69,369,50,53,3,43,-7,10
521,132,2,10,8,0,-2,10
153,289,163,168,5,158,-5,10
215,331,127,130,3,120,-7,10
153,376,68,74,6,64,-4,10
153,367,96,102,6,92,-4,10
153,368,99,102,3,92,-7,10
87,291,194,194,0,184,-10,10
400,261,199,207,8,197,-2,10
543,138,19,20,1,10,-9,10
313,218,72,78,6,68,-4,10
313,223,46,53,7,43,-3,10
313,234,237,239,2,229,-8,10
128,325,162,166,4,156,-6,10
128,329,152,155,3,145,-7,10
313,217,76,82,6,72,-4,10
61,278,53,53,0,43,-10,10
399,277,234,236,2,226,-8,10
313,169,107,112,5,102,-5,10
313,355,161,166,5,156,-5,10
153,383,66,66,0,56,-10,10
154,214,164,166,2,156,-8,10
313,352,176,181,5,171,-5,10
313,353,171,176,5,166,-5,10
109,379,43,53,10,43,0,10
109,387,254,254,0,244,-10,10
386,233,72,78,6,68,-4,10
92,356,80,84,4,74,-6,10
22,320,50,53,3,43,-7,10
223,300,152,159,7,149,-3,10
128,375,43,53,10,43,0,10
400,341,220,224,4,214,-6,10
153,382,61,66,5,56,-5,10
400,276,227,236,9,226,-1,10
400,244,219,224,5,214,-5,10
401,341,221,225,4,215,-6,10
401,342,217,221,4,211,-6,10
401,348,205,211,6,201,-4,10
146,312,61,66,5,56,-5,10
86,378,50,53,3,43,-7,10
86,379,43,53,10,43,0,10
214,329,129,132,3,122,-7,10
214,337,101,106,5,96,-5,10
61,240,64,66,2,56,-8,10
314,217,78,82,4,72,-6,10
61,244,59,66,7,56,-3,10
401,244,220,224,4,214,-6,10
401,252,226,229,3,219,-7,10
128,344,117,122,5,112,-5,10
128,350,101,106,5,96,-5,10
313,354,166,171,5,161,-5,10
314,438,252,254,2,244,-8,10
214,257,164,169,5,159,-5,10
60,348,50,56,6,46,-4,10
315,170,96,103,7,93,-3,10
402,345,203,210,7,200,-3,10
386,262,226,230,4,220,-6,10
386,272,201,209,8,199,-2,10
386,277,217,224,7,214,-3,10
402,263,210,217,7,207,-3,10
314,354,166,171,5,161,-5,10
314,355,161,166,5,156,-5,10
154,355,101,105,4,95,-6,10
154,356,101,105,4,95,-6,10
402,244,220,224,4,214,-6,10
401,353,215,223,8,213,-2,10
314,353,171,176,5,166,-5,10
154,382,61,66,5,56,-5,10
315,172,96,99,3,89,-7,10
315,177,85,92,7,82,-3,10
299,347,167,172,5,162,-5,10
213,328,130,132,2,122,-8,10
213,334,114,117,3,107,-7,10
129,226,138,140,2,130,-8,10
129,244,165,167,2,157,-8,10
516,274,178,180,2,170,-8,10
402,348,204,210,6,200,-4,10
402,353,217,223,6,213,-4,10
402,277,236,236,0,226,-10,10
402,323,223,223,0,213,-10,10
272,282,126,134,8,124,-2,10
272,284,123,129,6,119,-4,10
315,216,82,82,0,72,-10,10
403,265,222,225,3,215,-7,10
315,349,193,195,2,185,-8,10
214,255,157,163,6,153,-4,10
403,256,199,207,8,197,-2,10
403,260,201,208,7,198,-3,10
117,350,103,109,6,99,-4,10
64,246,76,76,0,66,-10,10
385,325,229,231,2,221,-8,10
385,333,225,229,4,219,-6,10
299,325,117,122,5,112,-5,10
272,238,238,247,9,237,-1,10
213,338,101,106,5,96,-5,10
315,232,221,229,8,219,-2,10
315,235,242,242,0,232,-10,10
86,313,159,164,5,154,-5,10
272,270,173,175,2,165,-8,10
155,296,195,200,5,190,-5,10
155,297,197,200,3,190,-7,10
316,175,85,92,7,82,-3,10
403,342,219,224,5,214,-5,10
107,362,76,80,4,70,-6,10
93,348,112,117,5,107,-5,10
315,426,43,53,10,43,0,10
32,301,74,80,6,70,-4,10
315,354,166,171,5,161,-5,10
315,355,161,166,5,156,-5,10
32,309,74,76,2,66,-8,10
515,273,173,180,7,170,-3,10
315,425,43,53,10,43,0,10
86,258,187,190,3,180,-7,10
237,316,118,124,6,114,-4,10
237,331,101,105,4,95,-6,10
404,342,220,225,5,215,-5,10
316,354,166,171,5,161,-5,10
316,355,161,166,5,156,-5,10
404,263,214,221,7,211,-3,10
299,210,102,106,4,96,-6,10
385,344,215,219,4,209,-6,10
404,251,220,224,4,214,-6,10
316,192,93,95,2,85,-8,10
213,256,163,167,4,157,-6,10
213,269,173,178,5,168,-5,10
213,273,174,178,4,168,-6,10
316,222,46,53,7,43,-3,10
362,278,229,232,3,222,-7,10
403,350,213,215,2,205,-8,10
403,353,219,223,4,213,-6,10
316,149,253,254,1,244,-9,10
404,350,211,214,3,204,-7,10
404,353,220,223,3,213,-7,10
317,221,53,56,3,46,-7,10
317,222,50,53,3,43,-7,10
405,251,217,222,5,212,-5,10
93,355,84,90,6,80,-4,10
93,357,78,84,6,74,-4,10
93,358,76,80,4,70,-6,10
93,359,74,78,4,68,-6,10
223,322,106,109,3,99,-7,10
317,184,80,84,4,74,-6,10
155,382,59,66,7,56,-3,10
85,359,50,53,3,43,-7,10
85,360,43,53,10,43,0,10
317,158,111,116,5,106,-5,10
212,339,101,106,5,96,-5,10
212,254,155,161,6,151,-4,10
110,379,43,53,10,43,0,10
317,350,188,193,5,183,-5,10
405,352,214,223,9,213,-1,10
385,268,203,210,7,200,-3,10
385,276,214,217,3,207,-7,10
21,326,46,53,7,43,-3,10
212,256,164,169,5,159,-5,10
156,248,151,157,6,147,-4,10
404,517,253,254,1,244,-9,10
317,282,248,250,2,240,-8,10
317,220,53,56,3,46,-7,10
317,354,166,171,5,161,-5,10
317,355,161,166,5,156,-5,10
156,214,170,170,0,160,-10,10
212,324,122,126,4,116,-6,10
211,334,117,122,5,112,-5,10
211,335,116,120,4,110,-6,10
156,296,193,197,4,187,-6,10
156,275,127,133,6,123,-4,10
85,289,192,194,2,184,-8,10
85,312,154,159,5,149,-5,10
211,327,131,134,3,124,-7,10
211,333,119,124,5,114,-5,10
318,221,53,56,3,46,-7,10
318,222,46,53,7,43,-3,10
406,257,199,207,8,197,-2,10
405,346,202,210,8,200,-2,10
405,350,210,214,4,204,-6,10
318,156,116,117,1,107,-9,10
318,166,93,99,6,89,-4,10
136,252,78,82,4,72,-6,10
318,354,166,171,5,161,-5,10
318,355,161,166,5,156,-5,10
238,254,128,133,5,123,-5,10
318,350,189,193,4,183,-6,10
233,284,138,144,6,134,-4,10
233,285,135,139,4,129,-6,10
223,331,133,137,4,127,-6,10
146,217,174,180,6,170,-4,10
223,339,93,99,6,89,-4,10
121,367,80,84,4,74,-6,10
406,262,219,222,3,212,-7,10
511,133,20,21,1,11,-9,10
511,272,180,185,5,175,-5,10
156,285,175,181,6,171,-4,10
406,349,204,210,6,200,-4,10
406,350,210,213,3,203,-7,10
210,360,90,95,5,85,-5,10
210,362,99,99,0,89,-10,10
211,253,152,159,7,149,-3,10
361,87,46,53,7,43,-3,10
319,221,50,56,6,46,-4,10
407,254,198,206,8,196,-2,10
407,250,215,220,5,210,-5,10
319,166,90,95,5,85,-5,10
319,208,89,92,3,82,-7,10
319,209,87,90,3,80,-7,10
319,162,96,102,6,92,-4,10
361,90,50,53,3,43,-7,10
59,353,56,56,0,46,-10,10
59,354,56,56,0,46,-10,10
211,301,191,195,4,185,-6,10
406,343,219,223,4,213,-6,10
210,314,151,155,4,145,-6,10
210,315,146,151,5,141,-5,10
210,333,122,127,5,117,-5,10
211,256,166,170,4,160,-6,10
211,275,178,184,6,174,-4,10
277,238,237,243,6,233,-4,10
277,289,127,134,7,124,-3,10
146,247,125,132,7,122,-3,10
84,377,50,53,3,43,-7,10
84,378,50,53,3,43,-7,10
319,350,190,193,3,183,-7,10
319,222,46,53,7,43,-3,10
84,356,50,56,6,46,-4,10
84,357,50,53,3,43,-7,10
84,358,50,53,3,43,-7,10
407,262,221,225,4,215,-6,10
320,156,103,111,8,101,-2,10
408,251,210,215,5,205,-5,10
320,160,96,103,7,93,-3,10
157,214,170,170,0,160,-10,10
111,379,46,53,7,43,-3,10
238,263,147,152,5,142,-5,10
238,284,161,166,5,156,-5,10
210,336,116,120,4,110,-6,10
384,342,213,217,4,207,-6,10
384,355,217,225,8,215,-2,10
224,245,145,150,5,140,-5,10
277,251,165,170,5,160,-5,10
509,268,179,184,5,174,-5,10
509,269,183,188,5,178,-5,10
509,274,186,190,4,180,-6,10
210,311,157,164,7,154,-3,10
269,303,43,53,10,43,0,10
408,344,217,221,4,211,-6,10
408,347,202,209,7,199,-3,10
94,349,112,117,5,107,-5,10
94,355,85,92,7,82,-3,10
94,359,76,80,4,70,-6,10
508,61,33,34,1,24,-9,10
210,276,184,188,4,178,-6,10
408,325,219,222,3,212,-7,10
408,349,202,209,7,199,-3,10
157,244,170,173,3,163,-7,10
408,288,46,53,7,43,-3,10
408,289,46,53,7,43,-3,10
210,305,182,184,2,174,-8,10
269,307,53,56,3,46,-7,10
269,308,56,56,0,46,-10,10
209,311,156,161,5,151,-5,10
209,321,133,138,5,128,-5,10
209,362,99,99,0,89,-10,10
409,252,205,210,5,200,-5,10
269,268,171,175,4,165,-6,10
409,260,221,226,5,216,-5,10
224,243,139,145,6,135,-4,10
321,180,82,84,2,74,-8,10
129,375,43,53,10,43,0,10
209,337,116,120,4,110,-6,10
209,339,110,115,5,105,-5,10
210,298,183,186,3,176,-7,10
210,301,189,195,6,185,-4,10
269,300,43,53,10,43,0,10
269,301,43,53,10,43,0,10
269,302,43,53,10,43,0,10
321,440,46,53,7,43,-3,10
409,344,218,222,4,212,-6,10
410,248,216,220,4,210,-6,10
209,255,164,169,5,159,-5,10
209,297,179,183,4,173,-6,10
232,334,92,99,7,89,-3,10
67,362,50,56,6,46,-4,10
209,324,130,136,6,126,-4,10
209,332,127,132,5,122,-5,10
409,253,200,206,6,196,-4,10
409,256,199,206,7,196,-3,10
269,225,253,253,0,243,-10,10
507,53,253,253,0,243,-10,10
59,275,50,56,6,46,-4,10
129,350,101,106,5,96,-5,10
409,349,201,209,8,199,-2,10
157,351,106,111,5,101,-5,10
157,359,102,109,7,99,-3,10
321,441,46,53,7,43,-3,10
145,365,93,99,6,89,-4,10
549,105,0,10,10,0,0,10
209,302,187,191,4,181,-6,10
410,250,210,215,5,205,-5,10
410,251,207,212,5,202,-5,10
321,439,43,53,10,43,0,10
268,304,43,53,10,43,0,10
268,305,43,53,10,43,0,10
268,306,46,53,7,43,-3,10
268,307,46,56,10,46,0,10
268,308,46,56,10,46,0,10
209,333,125,130,5,120,-5,10
209,336,118,124,6,114,-4,10
360,88,53,56,3,46,-7,10
158,242,170,175,5,165,-5,10
322,187,72,80,8,70,-2,10
208,332,130,135,5,125,-5,10
208,335,124,128,4,118,-6,10
208,337,118,124,6,114,-4,10
208,338,115,120,5,110,-5,10
208,340,109,115,6,105,-4,10
297,206,111,116,5,106,-5,10
297,207,107,116,9,106,-1,10
297,211,106,106,0,96,-10,10
94,379,50,53,3,43,-7,10
297,312,123,127,4,117,-6,10
297,313,119,124,5,114,-5,10
297,314,116,120,4,110,-6,10
59,244,61,66,5,56,-5,10
208,325,136,140,4,130,-6,10
83,375,50,53,3,43,-7,10
504,328,212,220,8,210,-2,10
83,376,50,53,3,43,-7,10
83,378,53,56,3,46,-7,10
411,251,205,210,5,200,-5,10
384,77,254,254,0,244,-10,10
224,277,160,163,3,153,-7,10
296,399,253,254,1,244,-9,10
322,188,72,80,8,70,-2,10
322,189,76,80,4,70,-6,10
322,192,89,92,3,82,-7,10
322,218,50,56,6,46,-4,10
322,238,243,245,2,235,-8,10
360,280,229,231,2,221,-8,10
209,254,160,164,4,154,-6,10
208,315,146,151,5,141,-5,10
411,330,190,199,9,189,-1,10
411,344,220,225,5,215,-5,10
158,292,175,180,5,170,-5,10
119,372,46,53,7,43,-3,10
224,320,99,105,6,95,-4,10
232,319,101,105,4,95,-6,10
550,105,0,10,10,0,0,10
550,139,18,20,2,10,-8,10
208,301,182,187,5,177,-5,10
208,311,153,158,5,148,-5,10
360,76,254,254,0,244,-10,10
322,353,173,178,5,168,-5,10
238,333,89,95,6,85,-4,10
505,62,30,33,3,23,-7,10
208,299,178,185,7,175,-3,10
323,350,191,194,3,184,-7,10
208,254,160,166,6,156,-4,10
323,217,50,56,6,46,-4,10
296,315,110,116,6,106,-4,10
20,309,46,53,7,43,-3,10
239,264,150,154,4,144,-6,10
112,232,151,152,1,142,-9,10
323,149,106,111,5,101,-5,10
58,339,61,66,5,56,-5,10
323,189,78,82,4,72,-6,10
36,287,68,76,8,66,-2,10
208,252,153,159,6,149,-4,10
158,298,187,192,5,182,-5,10
323,153,98,103,5,93,-5,10
412,344,221,226,5,216,-5,10
158,308,84,90,6,80,-4,10
267,244,155,164,9,154,-1,10
267,266,172,177,5,167,-5,10
239,261,138,144,6,134,-4,10
239,262,142,147,5,137,-5,10
413,344,223,227,4,217,-6,10
207,343,102,109,7,99,-3,10
207,344,101,105,4,95,-6,10
323,353,173,178,5,168,-5,10
145,311,56,66,10,56,0,10
145,313,59,66,7,56,-3,10
95,361,66,74,8,64,-2,10
296,276,177,178,1,168,-9,10
277,291,125,129,4,119,-6,10
232,331,107,111,4,101,-6,10
413,332,191,200,9,190,-1,10
83,270,188,192,4,182,-6,10
415,252,200,207,7,197,-3,10
324,236,225,235,10,225,0,10
207,252,154,160,6,150,-4,10
207,254,163,167,4,157,-6,10
207,255,166,170,4,160,-6,10
296,314,114,119,5,109,-5,10
296,219,90,92,2,82,-8,10
296,352,146,152,6,142,-4,10
296,357,138,144,6,134,-4,10
324,216,50,56,6,46,-4,10
207,334,128,134,6,124,-4,10
502,265,176,180,4,170,-6,10
414,247,202,207,5,197,-5,10
207,329,139,145,6,135,-4,10
112,379,50,53,3,43,-7,10
324,152,93,102,9,92,-1,10
206,315,141,147,6,137,-4,10
206,328,144,149,5,139,-5,10
415,257,223,226,3,216,-7,10
324,462,250,251,1,241,-9,10
224,335,109,112,3,102,-7,10
224,336,106,109,3,99,-7,10
145,300,164,169,5,159,-5,10
551,105,0,10,10,0,0,10
551,137,4,12,8,2,-2,10
145,284,102,105,3,95,-7,10
206,345,98,105,7,95,-3,10
324,350,191,194,3,184,-7,10
324,353,173,178,5,168,-5,10
239,285,166,170,4,160,-6,10
414,345,221,225,4,215,-6,10
415,74,37,37,0,27,-10,10
159,273,125,128,3,118,-7,10
325,315,234,244,10,234,0,10
325,316,238,244,6,234,-4,10
95,350,111,115,4,105,-6,10
71,207,251,252,1,242,-9,10
325,223,46,53,7,43,-3,10
325,149,96,103,7,93,-3,10
159,298,187,192,5,182,-5,10
159,299,182,187,5,177,-5,10
325,194,90,95,5,85,-5,10
266,265,172,177,5,167,-5,10
325,218,50,56,6,46,-4,10
325,219,50,56,6,46,-4,10
415,327,223,224,1,214,-9,10
500,264,176,180,4,170,-6,10
499,537,253,253,0,243,-10,10
326,198,89,95,6,85,-4,10
265,236,253,255,2,245,-8,10
82,274,187,190,3,180,-7,10
417,332,194,202,8,192,-2,10
417,347,216,221,5,211,-5,10
95,380,50,53,3,43,-7,10
416,322,221,222,1,212,-9,10
159,358,112,116,4,106,-6,10
113,363,82,84,2,74,-8,10
417,107,21,31,10,21,0,10
416,346,220,223,3,213,-7,10
70,370,53,53,0,43,-10,10
58,240,50,56,6,46,-4,10
265,244,155,161,6,151,-4,10
265,264,172,177,5,167,-5,10
159,324,132,138,6,128,-4,10
326,218,53,56,3,46,-7,10
326,223,46,53,7,43,-3,10
160,271,131,135,4,125,-6,10
383,243,218,223,5,213,-5,10
383,264,228,231,3,221,-7,10
372,242,221,224,3,214,-7,10
552,105,0,10,10,0,0,10
145,239,142,144,2,134,-8,10
70,365,46,56,10,46,0,10
70,366,50,56,6,46,-4,10
159,380,76,78,2,68,-8,10
160,217,170,177,7,167,-3,10
113,261,182,189,7,179,-3,10
82,273,186,188,2,178,-8,10
417,256,223,227,4,217,-6,10
358,281,233,239,6,229,-4,10
160,258,139,143,4,133,-6,10
160,259,143,143,0,133,-10,10
160,270,135,137,2,127,-8,10
264,244,151,161,10,151,0,10
264,248,158,161,3,151,-7,10
264,262,173,178,5,168,-5,10
264,263,171,176,5,166,-5,10
264,264,170,173,3,163,-7,10
295,352,144,150,6,140,-4,10
418,330,206,209,3,199,-7,10
418,332,196,204,8,194,-2,10
264,289,92,99,7,89,-3,10
418,246,191,195,4,185,-6,10
358,95,50,56,6,46,-4,10
326,216,53,56,3,46,-7,10
326,217,53,56,3,46,-7,10
263,313,70,76,6,66,-4,10
263,314,70,76,6,66,-4,10
160,287,170,175,5,165,-5,10
263,315,72,76,4,66,-6,10
263,317,74,76,2,66,-8,10
327,147,93,102,9,92,-1,10
358,82,50,53,3,43,-7,10
295,310,128,132,4,122,-6,10
295,348,160,166,6,156,-4,10
418,338,225,227,2,217,-8,10
205,251,155,160,5,150,-5,10
81,370,50,53,3,43,-7,10
81,372,53,56,3,46,-7,10
263,354,74,80,6,70,-4,10
264,236,255,255,0,245,-10,10
204,346,101,106,5,96,-5,10
327,223,46,53,7,43,-3,10
419,246,188,193,5,183,-5,10
419,249,196,202,6,192,-4,10
419,255,223,227,4,217,-6,10
225,243,137,143,6,133,-4,10
225,244,140,145,5,135,-5,10
225,246,146,151,5,141,-5,10
295,298,160,163,3,153,-7,10
160,295,184,190,6,180,-4,10
160,284,179,182,3,172,-7,10
358,83,46,53,7,43,-3,10
358,84,46,53,7,43,-3,10
205,253,162,166,4,156,-6,10
327,152,87,92,5,82,-5,10
327,153,85,90,5,80,-5,10
263,306,76,84,8,74,-2,10
328,132,122,122,0,112,-10,10
263,248,158,161,3,151,-7,10
160,351,123,126,3,116,-7,10
160,354,122,126,4,116,-6,10
160,355,119,125,6,115,-4,10
107,208,253,254,1,244,-9,10
96,351,107,112,5,102,-5,10
295,209,111,112,1,102,-9,10
225,242,135,139,4,129,-6,10
328,141,101,105,4,95,-6,10
160,357,116,122,6,112,-4,10
160,358,115,117,2,107,-8,10
160,360,103,112,9,102,-1,10
204,337,135,139,4,129,-6,10
204,338,133,137,4,127,-6,10
160,298,187,192,5,182,-5,10
328,150,87,92,5,82,-5,10
328,151,84,90,6,80,-4,10
420,348,217,222,5,212,-5,10
294,356,134,139,5,129,-5,10
328,155,80,84,4,74,-6,10
328,156,80,84,4,74,-6,10
328,157,78,84,6,74,-4,10
161,217,171,177,6,167,-4,10
161,218,177,179,2,169,-8,10
420,253,217,221,4,211,-6,10
420,254,220,225,5,215,-5,10
71,239,70,76,6,66,-4,10
71,240,68,76,8,66,-2,10
71,241,68,76,8,66,-2,10
328,130,116,120,4,110,-6,10
328,131,120,122,2,112,-8,10
239,331,96,102,6,92,-4,10
328,304,39,43,4,33,-6,10
262,318,76,80,4,70,-6,10
262,319,80,80,0,70,-10,10
140,358,76,82,6,72,-4,10
106,381,50,56,6,46,-4,10
554,103,9,10,1,0,-9,10
140,332,78,78,0,68,-10,10
96,353,98,102,4,92,-6,10
262,312,70,78,8,68,-2,10
328,222,50,56,6,46,-4,10
57,245,61,66,5,56,-5,10
494,262,184,189,5,179,-5,10
239,333,89,95,6,85,-4,10
160,381,78,80,2,70,-8,10
328,145,95,102,7,92,-3,10
357,97,53,56,3,46,-7,10
357,98,50,56,6,46,-4,10
357,99,50,56,6,46,-4,10
421,248,193,199,6,189,-4,10
261,362,251,251,0,241,-10,10
262,248,158,161,3,151,-7,10
493,261,185,188,3,178,-7,10
382,265,227,230,3,220,-7,10
294,329,102,106,4,96,-6,10
294,330,103,106,3,96,-7,10
294,331,101,106,5,96,-5,10
294,355,136,141,5,131,-5,10
140,356,68,76,8,66,-2,10
493,62,27,36,9,26,-1,10
239,318,115,122,7,112,-3,10
239,322,111,117,6,107,-4,10
492,268,190,194,4,184,-6,10
261,315,70,76,6,66,-4,10
329,135,106,111,5,101,-5,10
329,136,105,109,4,99,-6,10
203,252,163,166,3,156,-7,10
225,331,130,134,4,124,-6,10
140,353,74,76,2,66,-8,10
232,308,85,95,10,85,0,10
421,335,194,204,10,194,0,10
357,88,61,66,5,56,-5,10
39,364,254,254,0,244,-10,10
357,83,50,56,6,46,-4,10
239,354,76,82,6,72,-4,10
161,271,127,135,8,125,-2,10
329,109,254,254,0,244,-10,10
357,96,53,56,3,46,-7,10
161,325,126,135,9,125,-1,10
329,222,50,56,6,46,-4,10
202,346,103,109,6,99,-4,10
202,347,101,106,5,96,-5,10
294,316,103,109,6,99,-4,10
96,364,64,66,2,56,-8,10
294,219,93,95,2,85,-8,10
145,229,138,145,7,135,-3,10
145,238,144,146,2,136,-8,10
329,148,87,92,5,82,-5,10
329,152,80,84,4,74,-6,10
329,154,76,82,6,72,-4,10
329,181,76,84,8,74,-2,10
329,182,78,84,6,74,-4,10
491,536,252,253,1,243,-9,10
492,261,187,191,4,181,-6,10
80,374,53,53,0,43,-10,10
80,375,50,53,3,43,-7,10
80,376,46,53,7,43,-3,10
294,306,137,143,6,133,-4,10
555,103,9,10,1,0,-9,10
491,261,190,194,4,184,-6,10
491,264,191,195,4,185,-6,10
261,262,167,172,5,162,-5,10
161,354,125,129,4,119,-6,10
329,206,56,56,0,46,-10,10
329,209,53,56,3,46,-7,10
329,210,53,56,3,46,-7,10
329,211,50,56,6,46,-4,10
491,268,191,195,4,185,-6,10
161,296,190,192,2,182,-8,10
161,298,188,192,4,182,-6,10
330,150,80,84,4,74,-6,10
161,381,80,82,2,72,-8,10
490,264,192,196,4,186,-6,10
490,268,192,196,4,186,-6,10
356,338,221,223,2,213,-8,10
278,236,247,250,3,240,-7,10
278,238,237,243,6,233,-4,10
141,223,59,66,7,56,-3,10
278,278,165,167,2,157,-8,10
56,352,53,56,3,46,-7,10
56,354,50,53,3,43,-7,10
423,275,222,229,7,219,-3,10
261,248,158,161,3,151,-7,10
491,248,21,28,7,18,-3,10
80,368,50,53,3,43,-7,10
80,369,50,53,3,43,-7,10
260,319,68,78,10,68,0,10
202,249,154,160,6,150,-4,10
330,205,53,56,3,46,-7,10
330,206,53,56,3,46,-7,10
330,207,53,56,3,46,-7,10
372,320,229,230,1,220,-9,10
240,265,153,156,3,146,-7,10
240,285,170,175,5,165,-5,10
330,153,74,80,6,70,-4,10
330,177,76,78,2,68,-8,10
162,298,188,192,4,182,-6,10
490,248,21,28,7,18,-3,10
330,242,244,244,0,234,-10,10
240,263,144,150,6,140,-4,10
423,348,220,225,5,215,-5,10
330,139,96,102,6,92,-4,10
331,128,110,115,5,105,-5,10
331,130,106,111,5,101,-5,10
330,304,35,43,8,33,-2,10
330,310,41,42,1,32,-9,10
331,123,114,119,5,109,-5,10
293,326,102,106,4,96,-6,10
18,308,56,56,0,46,-10,10
18,310,56,56,0,46,-10,10
293,362,119,127,8,117,-2,10
356,261,228,229,1,219,-9,10
424,329,221,225,4,215,-6,10
162,318,162,163,1,153,-9,10
162,289,172,178,6,168,-4,10
162,290,177,180,3,170,-7,10
162,296,188,192,4,182,-6,10
260,317,70,78,8,68,-2,10
425,335,196,204,8,194,-2,10
201,322,141,144,3,134,-7,10
201,323,144,148,4,138,-6,10
144,368,103,106,3,96,-7,10
331,145,85,92,7,82,-3,10
331,149,78,84,6,74,-4,10
331,172,72,74,2,64,-8,10
331,173,70,74,4,64,-6,10
331,174,70,74,4,64,-6,10
162,349,127,132,5,122,-5,10
259,319,68,78,10,68,0,10
259,320,70,78,8,68,-2,10
162,331,102,111,9,101,-1,10
162,332,101,109,8,99,-2,10
201,348,99,105,6,95,-4,10
201,349,95,102,7,92,-3,10
331,307,34,38,4,28,-6,10
331,308,34,38,4,28,-6,10
331,311,38,44,6,34,-4,10
331,312,44,44,0,34,-10,10
331,313,40,44,4,34,-6,10
200,361,102,103,1,93,-9,10
381,243,220,224,4,214,-6,10
18,312,50,53,3,43,-7,10
18,313,53,53,0,43,-10,10
556,103,8,10,2,0,-8,10
331,205,50,56,6,46,-4,10
331,232,223,223,0,213,-10,10
331,138,93,99,6,89,-4,10
162,381,82,82,0,72,-10,10
356,104,50,56,6,46,-4,10
425,341,224,228,4,218,-6,10
163,288,173,180,7,170,-3,10
163,289,176,180,4,170,-6,10
163,295,182,188,6,178,-4,10
259,244,152,160,8,150,-2,10
332,120,116,120,4,110,-6,10
65,248,56,66,10,56,0,10
293,316,99,106,7,96,-3,10
293,323,103,106,3,96,-7,10
293,324,105,106,1,96,-9,10
372,335,225,227,2,217,-8,10
355,337,221,224,3,214,-7,10
201,287,180,185,5,175,-5,10
163,231,175,181,6,171,-4,10
426,251,214,218,4,208,-6,10
356,102,50,56,6,46,-4,10
356,103,50,56,6,46,-4,10
332,313,39,44,5,34,-5,10
427,65,254,254,0,244,-10,10
200,251,166,170,4,160,-6,10
41,299,74,78,4,68,-6,10
355,283,245,250,5,240,-5,10
557,138,3,12,9,2,-1,10
293,308,131,135,4,125,-6,10
293,309,130,132,2,122,-8,10
381,271,202,209,7,199,-3,10
426,341,223,226,3,216,-7,10
163,308,98,103,5,93,-5,10
258,321,72,80,8,70,-2,10
332,123,110,116,6,106,-4,10
332,143,85,90,5,80,-5,10
332,147,80,84,4,74,-6,10
163,282,181,188,7,178,-3,10
427,349,224,232,8,222,-2,10
199,349,98,105,7,95,-3,10
199,352,90,95,5,85,-5,10
199,359,90,99,9,89,-1,10
130,311,182,185,3,175,-7,10
163,359,112,117,5,107,-5,10
332,310,34,38,4,28,-6,10
226,246,144,149,5,139,-5,10
18,297,56,66,10,56,0,10
18,299,56,66,10,56,0,10
200,282,190,194,4,184,-6,10
200,286,181,184,3,174,-7,10
80,228,43,53,10,43,0,10
80,229,43,53,10,43,0,10
240,286,170,176,6,166,-4,10
200,340,134,138,4,128,-6,10
333,133,93,99,6,89,-4,10
333,135,89,95,6,85,-4,10
333,121,110,116,6,106,-4,10
333,129,102,106,4,96,-6,10
79,367,50,53,3,43,-7,10
79,372,56,56,0,46,-10,10
79,373,50,56,6,46,-4,10
79,374,50,53,3,43,-7,10
79,375,43,53,10,43,0,10
226,244,137,143,6,133,-4,10
355,95,59,66,7,56,-3,10
485,535,252,254,2,244,-8,10
80,206,251,252,1,242,-9,10
355,108,50,56,6,46,-4,10
355,282,240,246,6,236,-4,10
427,341,221,225,4,215,-6,10
240,307,160,164,4,154,-6,10
163,377,50,53,3,43,-7,10
135,302,166,174,8,164,-2,10
226,330,128,132,4,122,-6,10
292,322,96,103,7,93,-3,10
292,326,98,103,5,93,-5,10
333,145,78,84,6,74,-4,10
333,146,76,82,6,72,-4,10
333,147,76,82,6,72,-4,10
333,148,74,80,6,70,-4,10
333,171,64,66,2,56,-8,10
333,172,61,66,5,56,-5,10
333,173,61,66,5,56,-5,10
355,85,61,66,5,56,-5,10
56,245,64,66,2,56,-8,10
332,465,43,53,10,43,0,10
199,248,155,160,5,150,-5,10
199,281,194,197,3,187,-7,10
354,339,209,218,9,208,-1,10
354,340,212,218,6,208,-4,10
199,284,181,188,7,178,-3,10
257,332,56,66,10,56,0,10
257,354,74,80,6,70,-4,10
257,355,80,82,2,72,-8,10
258,244,154,161,7,151,-3,10
226,339,89,95,6,85,-4,10
292,315,101,106,5,96,-5,10
97,381,50,56,6,46,-4,10
144,312,56,66,10,56,0,10
164,280,185,188,3,178,-7,10
428,338,194,204,10,194,0,10
199,325,150,155,5,145,-5,10
114,232,149,154,5,144,-5,10
114,261,184,189,5,179,-5,10
198,353,89,95,6,85,-4,10
198,359,92,99,7,89,-3,10
42,252,119,120,1,110,-9,10
334,109,110,115,5,105,-5,10
334,128,101,105,4,95,-6,10
380,278,210,215,5,205,-5,10
333,348,196,200,4,190,-6,10
42,280,87,90,3,80,-7,10
71,366,50,56,6,46,-4,10
71,367,56,56,0,46,-10,10
71,370,53,53,0,43,-10,10
164,282,182,188,6,178,-4,10
164,295,182,188,6,178,-4,10
164,308,99,105,6,95,-4,10
334,168,61,66,5,56,-5,10
165,295,183,188,5,178,-5,10
354,283,245,250,5,240,-5,10
240,318,119,125,6,115,-4,10
334,141,80,84,4,74,-6,10
334,142,80,84,4,74,-6,10
144,299,168,174,6,164,-4,10
144,300,164,169,5,159,-5,10
164,350,134,140,6,130,-4,10
164,360,110,115,5,105,-5,10
164,361,106,111,5,101,-5,10
240,330,101,105,4,95,-6,10
198,340,140,144,4,134,-6,10
334,131,93,99,6,89,-4,10
334,133,89,95,6,85,-4,10
334,135,87,92,5,82,-5,10
257,298,142,145,3,135,-7,10
334,200,53,56,3,46,-7,10
482,327,214,215,1,205,-9,10
431,251,215,219,4,209,-6,10
106,352,99,105,6,95,-4,10
106,361,78,84,6,74,-4,10
354,94,66,66,0,56,-10,10
165,282,181,188,7,178,-3,10
354,265,225,229,4,219,-6,10
430,342,218,222,4,212,-6,10
430,348,224,232,8,222,-2,10
165,256,178,180,2,170,-8,10
354,87,68,74,6,64,-4,10
241,246,153,156,3,146,-7,10
334,144,76,82,6,72,-4,10
334,145,74,80,6,70,-4,10
256,354,74,80,6,70,-4,10
257,244,155,161,6,151,-4,10
165,308,99,105,6,95,-4,10
482,264,195,201,6,191,-4,10
291,360,124,127,3,117,-7,10
17,309,56,56,0,46,-10,10
431,336,203,209,6,199,-4,10
431,337,199,205,6,195,-4,10
198,249,160,165,5,155,-5,10
198,281,193,197,4,187,-6,10
165,313,128,130,2,120,-8,10
257,284,150,154,4,144,-6,10
257,287,148,153,5,143,-5,10
257,288,149,152,3,142,-7,10
257,289,148,151,3,141,-7,10
257,297,142,145,3,135,-7,10
335,126,99,103,4,93,-6,10
335,127,98,102,4,92,-6,10
432,251,214,219,5,209,-5,10
380,272,202,209,7,199,-3,10
291,315,98,103,5,93,-5,10
98,353,96,102,6,92,-4,10
241,284,173,178,5,168,-5,10
197,351,98,102,4,92,-6,10
197,359,92,99,7,89,-3,10
353,326,214,220,6,210,-4,10
353,338,210,218,8,208,-2,10
353,343,210,219,9,209,-1,10
431,344,222,226,4,216,-6,10
482,258,200,202,2,192,-8,10
482,263,199,205,6,195,-4,10
197,350,101,105,4,95,-6,10
241,262,140,144,4,134,-6,10
432,337,201,207,6,197,-4,10
335,109,111,115,4,105,-6,10
335,125,102,105,3,95,-7,10
335,173,50,56,6,46,-4,10
227,292,136,142,6,132,-4,10
227,293,135,141,6,131,-4,10
17,294,46,56,10,46,0,10
335,133,85,92,7,82,-3,10
335,138,80,84,4,74,-6,10
335,139,78,84,6,74,-4,10
432,333,218,221,3,211,-7,10
79,243,46,53,7,43,-3,10
79,244,46,53,7,43,-3,10
79,245,46,53,7,43,-3,10
79,226,46,53,7,43,-3,10
197,281,193,197,4,187,-6,10
197,292,157,163,6,153,-4,10
432,324,215,219,4,209,-6,10
335,140,76,82,6,72,-4,10
335,141,76,82,6,72,-4,10
335,142,74,80,6,70,-4,10
335,143,74,80,6,70,-4,10
335,144,72,78,6,68,-4,10
291,216,80,90,10,80,0,10
291,260,248,249,1,239,-9,10
144,281,90,99,9,89,-1,10
335,174,50,56,6,46,-4,10
335,175,50,56,6,46,-4,10
335,176,50,56,6,46,-4,10
481,263,201,205,4,195,-6,10
481,264,195,202,7,192,-3,10
335,200,56,56,0,46,-10,10
197,245,148,154,6,144,-4,10
197,247,155,160,5,150,-5,10
241,302,172,177,5,167,-5,10
241,303,170,175,5,165,-5,10
241,308,160,164,4,154,-6,10
241,309,157,161,4,151,-6,10
241,310,153,158,5,148,-5,10
480,264,197,203,6,193,-4,10
166,308,99,105,6,95,-4,10
227,243,133,137,4,127,-6,10
227,245,139,144,5,134,-5,10
227,290,138,144,6,134,-4,10
227,302,125,133,8,123,-2,10
227,306,119,125,6,115,-4,10
353,284,247,249,2,239,-8,10
256,290,151,156,5,146,-5,10
335,201,53,56,3,46,-7,10
166,295,184,188,4,178,-6,10
166,299,184,188,4,178,-6,10
256,281,154,158,4,148,-6,10
256,286,153,158,5,148,-5,10
141,246,133,141,8,131,-2,10
279,242,228,237,9,227,-1,10
99,351,106,111,5,101,-5,10
99,352,101,106,5,96,-5,10
290,361,117,124,7,114,-3,10
291,269,180,182,2,172,-8,10
291,293,162,164,2,154,-8,10
433,337,203,209,6,199,-4,10
433,340,200,207,7,197,-3,10
335,199,56,56,0,46,-10,10
241,300,179,181,2,171,-8,10
353,86,68,76,8,66,-2,10
256,299,144,150,6,140,-4,10
227,328,123,128,5,118,-5,10
227,330,123,128,5,118,-5,10
141,236,148,153,5,143,-5,10
166,314,129,133,4,123,-6,10
479,265,196,202,6,192,-4,10
479,267,193,201,8,191,-2,10
256,293,148,154,6,144,-4,10
43,298,80,84,4,74,-6,10
196,351,101,105,4,95,-6,10
196,353,93,99,6,89,-4,10
196,359,92,99,7,89,-3,10
433,251,214,219,5,209,-5,10
256,287,152,158,6,148,-4,10
336,139,74,80,6,70,-4,10
336,140,74,78,4,68,-6,10
167,212,254,254,0,244,-10,10
43,317,50,56,6,46,-4,10
232,239,253,254,1,244,-9,10
290,364,114,116,2,106,-8,10
227,307,117,122,5,112,-5,10
72,251,46,53,7,43,-3,10
336,107,106,115,9,105,-1,10
336,108,106,115,9,105,-1,10
336,111,109,111,2,101,-8,10
336,122,101,105,4,95,-6,10
78,373,46,56,10,46,0,10
479,257,202,204,2,194,-8,10
479,264,199,204,5,194,-5,10
241,296,185,190,5,180,-5,10
196,332,157,163,6,153,-4,10
478,245,26,28,2,18,-8,10
336,170,50,56,6,46,-4,10
255,354,76,80,4,70,-6,10
167,295,184,188,4,178,-6,10
167,299,183,188,5,178,-5,10
144,222,56,66,10,56,0,10
72,238,72,74,2,64,-8,10
72,240,76,76,0,66,-10,10
72,241,76,76,0,66,-10,10
336,114,109,112,3,102,-7,10
336,121,101,105,4,95,-6,10
336,127,93,99,6,89,-4,10
336,130,89,95,6,85,-4,10
336,131,87,92,5,82,-5,10
336,132,85,90,5,80,-5,10
255,287,157,161,4,151,-6,10
255,290,156,160,4,150,-6,10
255,291,155,159,4,149,-6,10
290,289,167,170,3,160,-7,10
563,140,16,22,6,12,-4,10
232,250,140,145,5,135,-5,10
255,325,76,84,8,74,-2,10
336,201,46,56,10,46,0,10
336,245,246,247,1,237,-9,10
336,171,50,53,3,43,-7,10
336,172,50,53,3,43,-7,10
336,199,50,56,6,46,-4,10
336,200,46,56,10,46,0,10
167,375,46,53,7,43,-3,10
196,309,50,56,6,46,-4,10
196,312,46,56,10,46,0,10
435,251,214,218,4,208,-6,10
130,350,102,106,4,96,-6,10
255,279,156,161,5,151,-5,10
379,276,200,207,7,197,-3,10
379,278,207,212,5,202,-5,10
290,267,183,183,0,173,-10,10
290,286,173,177,4,167,-6,10
352,333,221,223,2,213,-8,10
168,295,184,188,4,178,-6,10
336,346,204,208,4,198,-6,10
168,300,178,183,5,173,-5,10
255,296,151,155,4,145,-6,10
255,297,150,154,4,144,-6,10
255,298,150,154,4,144,-6,10
255,300,149,153,4,143,-6,10
255,280,158,161,3,151,-7,10
337,129,89,92,3,82,-7,10
337,130,85,90,5,80,-5,10
337,134,80,84,4,74,-6,10
227,338,89,95,6,85,-4,10
16,289,64,66,2,56,-8,10
241,321,119,125,6,115,-4,10
241,330,101,105,4,95,-6,10
195,326,159,163,4,153,-6,10
195,351,103,106,3,96,-7,10
195,359,90,99,9,89,-1,10
196,247,156,161,5,151,-5,10
336,474,43,53,10,43,0,10
435,335,214,219,5,209,-5,10
168,311,112,117,5,107,-5,10
254,353,74,80,6,70,-4,10
336,473,43,53,10,43,0,10
254,300,152,158,6,148,-4,10
169,319,154,159,5,149,-5,10
475,256,205,207,2,197,-8,10
475,274,192,202,10,192,0,10
475,275,202,202,0,192,-10,10
169,308,99,103,4,93,-6,10
352,274,224,229,5,219,-5,10
352,275,225,231,6,221,-4,10
337,169,46,53,7,43,-3,10
336,494,253,254,1,244,-9,10
337,110,105,109,4,99,-6,10
337,119,99,103,4,93,-6,10
337,120,98,102,4,92,-6,10
337,121,96,102,6,92,-4,10
337,124,93,99,6,89,-4,10
337,127,89,95,6,85,-4,10
254,287,160,166,6,156,-4,10
254,288,160,166,6,156,-4,10
474,274,194,202,8,192,-2,10
45,220,253,253,0,243,-10,10
242,255,118,125,7,115,-3,10
289,310,106,112,6,102,-4,10
143,354,76,80,4,70,-6,10
143,355,76,80,4,70,-6,10
143,356,76,80,4,70,-6,10
143,357,76,80,4,70,-6,10
279,362,146,154,8,144,-2,10
78,243,53,56,3,46,-7,10
475,61,252,252,0,242,-10,10
436,335,216,221,5,211,-5,10
242,262,137,142,5,132,-5,10
169,311,110,115,5,105,-5,10
352,120,50,56,6,46,-4,10
352,121,50,56,6,46,-4,10
337,346,204,208,4,198,-6,10
253,326,82,90,8,80,-2,10
169,375,46,56,10,46,0,10
170,355,125,130,5,120,-5,10
289,285,173,177,4,167,-6,10
289,288,166,170,4,160,-6,10
195,243,146,151,5,141,-5,10
254,297,154,160,6,150,-4,10
78,226,46,53,7,43,-3,10
78,227,43,53,10,43,0,10
242,259,129,133,4,123,-6,10
474,275,199,202,3,192,-7,10
169,360,110,115,5,105,-5,10
254,277,159,161,2,151,-8,10
338,164,50,53,3,43,-7,10
338,165,46,53,7,43,-3,10
437,344,211,216,5,206,-5,10
352,108,61,66,5,56,-5,10
352,109,59,66,7,56,-3,10
77,373,46,56,10,46,0,10
338,117,99,105,6,95,-4,10
100,350,110,115,5,105,-5,10
100,351,106,111,5,101,-5,10
100,352,101,106,5,96,-5,10
100,361,78,82,4,72,-6,10
352,125,50,53,3,43,-7,10
253,328,82,90,8,80,-2,10
253,353,74,80,6,70,-4,10
170,312,111,117,6,107,-4,10
170,319,153,157,4,147,-6,10
338,161,50,56,6,46,-4,10
338,163,50,53,3,43,-7,10
194,345,127,133,6,123,-4,10
338,111,99,105,6,95,-4,10
338,114,101,105,4,95,-6,10
338,116,101,105,4,95,-6,10
171,311,107,111,4,101,-6,10
105,382,56,56,0,46,-10,10
143,283,102,102,0,92,-10,10
106,208,252,254,2,244,-8,10
289,220,102,102,0,92,-10,10
338,118,98,102,4,92,-6,10
338,124,90,95,5,85,-5,10
338,133,76,82,6,72,-4,10
338,135,74,80,6,70,-4,10
170,375,46,56,10,46,0,10
338,329,225,233,8,223,-2,10
131,309,175,180,5,170,-5,10
194,243,147,153,6,143,-4,10
171,375,46,56,10,46,0,10
172,232,176,184,8,174,-2,10
193,345,129,134,5,124,-5,10
228,303,123,125,2,115,-8,10
67,230,61,66,5,56,-5,10
279,370,26,32,6,22,-4,10
438,336,215,220,5,210,-5,10
253,299,158,162,4,152,-6,10
171,355,125,129,4,119,-6,10
134,370,93,95,2,85,-8,10
45,298,76,76,0,66,-10,10
194,352,101,105,4,95,-6,10
338,160,50,56,6,46,-4,10
439,344,207,211,4,201,-6,10
339,115,98,102,4,92,-6,10
339,157,50,56,6,46,-4,10
339,158,50,56,6,46,-4,10
339,159,50,53,3,43,-7,10
339,160,46,53,7,43,-3,10
100,380,50,56,6,46,-4,10
242,285,178,183,5,173,-5,10
193,352,102,105,3,95,-7,10
253,286,166,170,4,160,-6,10
253,287,166,170,4,160,-6,10
253,288,166,170,4,160,-6,10
242,292,192,194,2,184,-8,10
242,309,158,163,5,153,-5,10
242,310,155,159,4,149,-6,10
471,255,206,209,3,199,-7,10
242,320,125,129,4,119,-6,10
242,321,123,128,5,118,-5,10
242,353,72,78,6,68,-4,10
143,299,167,173,6,163,-4,10
173,300,177,182,5,172,-5,10
339,191,53,56,3,46,-7,10
339,195,56,56,0,46,-10,10
351,125,50,56,6,46,-4,10
72,366,46,56,10,46,0,10
172,355,124,129,5,119,-5,10
252,353,74,80,6,70,-4,10
338,499,253,253,0,243,-10,10
339,114,96,102,6,92,-4,10
193,243,148,154,6,144,-4,10
439,325,216,218,2,208,-8,10
439,337,213,218,5,208,-5,10
192,353,98,102,4,92,-6,10
351,88,82,84,2,74,-8,10
351,101,70,74,4,64,-6,10
351,102,70,74,4,64,-6,10
242,330,99,105,6,95,-4,10
173,312,109,111,2,101,-8,10
288,224,64,74,10,64,0,10
288,289,160,166,6,156,-4,10
131,352,96,99,3,89,-7,10
131,375,46,56,10,46,0,10
173,355,124,128,4,118,-6,10
192,345,129,136,7,126,-3,10
192,347,126,128,2,118,-8,10
469,532,252,252,0,242,-10,10
252,318,111,116,5,106,-5,10
252,319,110,115,5,105,-5,10
251,334,85,95,10,85,0,10
351,103,70,74,4,64,-6,10
351,104,70,74,4,64,-6,10
351,105,68,74,6,64,-4,10
77,226,53,53,0,43,-10,10
280,243,227,237,10,227,0,10
280,282,160,164,4,154,-6,10
469,68,28,34,6,24,-4,10
46,310,76,78,2,68,-8,10
46,311,72,76,4,66,-6,10
440,337,214,219,5,209,-5,10
192,343,139,143,4,133,-6,10
252,301,164,166,2,156,-8,10
252,291,171,175,4,165,-6,10
351,112,64,66,2,56,-8,10
351,113,61,66,5,56,-5,10
468,68,28,37,9,27,-1,10
174,358,112,117,5,107,-5,10
351,84,68,74,6,64,-4,10
441,252,216,220,4,210,-6,10
280,304,85,90,5,80,-5,10
101,366,46,53,7,43,-3,10
567,101,9,10,1,0,-9,10
440,526,253,253,0,243,-10,10
440,339,207,211,4,201,-6,10
440,345,209,211,2,201,-8,10
340,195,53,56,3,46,-7,10
340,196,50,56,6,46,-4,10
340,265,66,76,10,66,0,10
340,153,53,56,3,46,-7,10
340,154,50,56,6,46,-4,10
340,155,50,56,6,46,-4,10
191,335,160,166,6,156,-4,10
467,340,218,227,9,217,-1,10
441,339,208,213,5,203,-5,10
441,345,209,211,2,201,-8,10
120,230,151,156,5,146,-5,10
568,101,9,10,1,0,-9,10
101,361,76,82,6,72,-4,10
175,281,184,190,6,180,-4,10
350,355,218,222,4,212,-6,10
350,361,217,224,7,214,-3,10
72,367,56,56,0,46,-10,10
191,345,130,137,7,127,-3,10
251,320,112,117,5,107,-5,10
192,236,144,151,7,141,-3,10
76,367,56,56,0,46,-10,10
174,318,144,148,4,138,-6,10
251,301,166,171,5,161,-5,10
191,236,145,151,6,141,-4,10
442,252,216,220,4,210,-6,10
568,102,0,10,10,0,0,10
287,300,115,120,5,110,-5,10
287,302,110,115,5,105,-5,10
287,306,105,109,4,99,-6,10
287,307,103,109,6,99,-4,10
14,325,252,252,0,242,-10,10
243,239,252,253,1,243,-9,10
175,350,138,143,5,133,-5,10
441,337,216,220,4,210,-6,10
441,338,211,217,6,207,-4,10
467,254,207,210,3,200,-7,10
175,374,46,56,10,46,0,10
350,328,215,220,5,210,-5,10
341,153,50,53,3,43,-7,10
341,154,46,53,7,43,-3,10
341,190,53,56,3,46,-7,10
341,191,53,56,3,46,-7,10
341,192,53,56,3,46,-7,10
341,193,53,56,3,46,-7,10
143,250,139,139,0,129,-10,10
287,314,89,95,6,85,-4,10
101,352,101,106,5,96,-5,10
101,360,82,84,2,74,-8,10
143,231,145,151,6,141,-4,10
175,360,106,109,3,99,-7,10
341,96,105,109,4,99,-6,10
341,116,92,95,3,85,-7,10
341,126,80,84,4,74,-6,10
251,300,165,171,6,161,-4,10
47,304,59,66,7,56,-3,10
341,236,226,228,2,218,-8,10
466,254,208,212,4,202,-6,10
442,337,217,221,4,211,-6,10
442,338,213,218,5,208,-5,10
287,299,118,124,6,114,-4,10
143,239,131,139,8,129,-2,10
191,230,192,192,0,182,-10,10
175,376,46,56,10,46,0,10
251,286,172,179,7,169,-3,10
341,196,46,53,7,43,-3,10
251,287,173,180,7,170,-3,10
47,283,72,80,8,70,-2,10
341,150,50,56,6,46,-4,10
341,151,50,56,6,46,-4,10
341,152,50,53,3,43,-7,10
243,259,127,132,5,122,-5,10
243,260,129,134,5,124,-5,10
176,350,137,141,4,131,-6,10
341,359,197,204,7,194,-3,10
341,490,46,53,7,43,-3,10
341,491,46,53,7,43,-3,10
350,106,72,76,4,66,-6,10
350,107,70,76,6,66,-4,10
350,109,68,74,6,64,-4,10
377,274,200,207,7,197,-3,10
101,379,50,53,3,43,-7,10
176,361,99,106,7,96,-3,10
250,321,115,119,4,109,-6,10
341,344,209,211,2,201,-8,10
443,252,216,220,4,210,-6,10
442,339,208,214,6,204,-4,10
229,285,148,151,3,141,-7,10
443,339,209,216,7,206,-3,10
349,355,218,222,4,212,-6,10
105,352,99,105,6,95,-4,10
105,361,80,84,4,74,-6,10
569,102,0,10,10,0,0,10
250,299,169,175,6,165,-4,10
250,302,169,174,5,164,-5,10
176,373,46,53,7,43,-3,10
176,374,50,56,6,46,-4,10
350,83,74,76,2,66,-8,10
350,105,74,76,2,66,-8,10
350,115,61,66,5,56,-5,10
47,315,61,66,5,56,-5,10
47,316,61,66,5,56,-5,10
250,318,118,124,6,114,-4,10
342,97,99,105,6,95,-4,10
342,116,87,92,5,82,-5,10
342,117,85,92,7,82,-3,10
342,146,50,56,6,46,-4,10
342,147,50,56,6,46,-4,10
342,148,50,56,6,46,-4,10
342,150,46,53,7,43,-3,10
444,252,215,220,5,210,-5,10
286,305,102,106,4,96,-6,10
286,310,96,102,6,92,-4,10
286,313,89,95,6,85,-4,10
142,357,74,80,6,70,-4,10
142,369,105,106,1,96,-9,10
569,101,10,10,0,0,-10,10
229,283,152,154,2,144,-8,10
229,284,151,152,1,142,-9,10
177,361,96,105,9,95,-1,10
177,311,92,102,10,92,0,10
342,188,56,56,0,46,-10,10
342,189,53,56,3,46,-7,10
342,190,50,56,6,46,-4,10
342,191,46,53,7,43,-3,10
342,192,46,53,7,43,-3,10
342,193,46,53,7,43,-3,10
342,194,46,53,7,43,-3,10
342,236,226,228,2,218,-8,10
286,298,120,126,6,116,-4,10
141,295,164,170,6,160,-4,10
444,275,201,211,10,201,0,10
190,227,185,186,1,176,-9,10
73,251,46,53,7,43,-3,10
465,68,36,40,4,30,-6,10
75,368,53,56,3,46,-7,10
342,345,201,209,8,199,-2,10
190,230,187,192,5,182,-5,10
286,260,178,180,2,170,-8,10
231,331,109,112,3,102,-7,10
231,335,93,99,6,89,-4,10
231,336,89,95,6,85,-4,10
249,318,123,127,4,117,-6,10
249,321,117,122,5,112,-5,10
177,351,131,137,6,127,-4,10
349,329,213,217,4,207,-6,10
444,339,210,217,7,207,-3,10
444,340,210,213,3,203,-7,10
133,228,141,146,5,136,-5,10
250,283,174,179,5,169,-5,10
250,284,175,180,5,170,-5,10
343,109,90,95,5,85,-5,10
464,66,32,40,8,30,-2,10
464,68,39,41,2,31,-8,10
343,87,107,109,2,99,-8,10
102,361,74,82,8,72,-2,10
13,319,253,253,0,243,-10,10
178,361,95,103,8,93,-2,10
134,289,177,180,3,170,-7,10
189,344,139,141,2,131,-8,10
189,345,135,140,5,130,-5,10
189,348,126,130,4,120,-6,10
189,352,105,111,6,101,-4,10
445,252,215,219,4,209,-6,10
178,351,129,135,6,125,-4,10
464,253,207,210,3,200,-7,10
178,233,171,178,7,168,-3,10
343,114,85,90,5,80,-5,10
48,314,61,66,5,56,-5,10
48,315,59,66,7,56,-3,10
463,253,209,212,3,202,-7,10
374,279,200,207,7,197,-3,10
178,356,111,117,6,107,-4,10
343,115,84,90,6,80,-4,10
343,121,80,84,4,74,-6,10
343,123,78,82,4,72,-6,10
343,137,61,66,5,56,-5,10
343,146,50,53,3,43,-7,10
249,316,127,132,5,122,-5,10
243,317,132,137,5,127,-5,10
343,96,96,102,6,92,-4,10
445,275,201,210,9,200,-1,10
189,338,154,159,5,149,-5,10
249,285,180,185,5,175,-5,10
249,286,182,186,4,176,-6,10
249,289,185,190,5,180,-5,10
249,293,186,190,4,180,-6,10
285,306,96,102,6,92,-4,10
463,68,41,41,0,31,-10,10
48,304,64,66,2,56,-8,10
343,188,53,56,3,46,-7,10
343,189,50,56,6,46,-4,10
343,190,46,53,7,43,-3,10
463,66,30,39,9,29,-1,10
445,338,217,220,3,210,-7,10
445,341,207,213,6,203,-4,10
349,277,224,229,5,219,-5,10
349,278,227,231,4,221,-6,10
343,112,87,92,5,82,-5,10
188,357,95,99,4,89,-6,10
189,227,178,186,8,176,-2,10
343,345,199,207,8,197,-2,10
285,287,160,164,4,154,-6,10
376,356,213,223,10,213,0,10
376,357,220,223,3,213,-7,10
349,129,50,56,6,46,-4,10
349,180,46,53,7,43,-3,10
349,282,240,243,3,233,-7,10
249,244,161,167,6,157,-4,10
349,110,70,76,6,66,-4,10
349,111,68,76,8,66,-2,10
349,128,50,56,6,46,-4,10
179,234,168,172,4,162,-6,10
249,273,167,169,2,159,-8,10
249,283,177,182,5,172,-5,10
461,326,216,217,1,207,-9,10
52,321,46,53,7,43,-3,10
52,322,46,53,7,43,-3,10
52,323,50,53,3,43,-7,10
374,270,229,232,3,222,-7,10
284,380,252,253,1,243,-9,10
285,221,101,102,1,92,-9,10
142,292,155,161,6,151,-4,10
349,87,87,90,3,80,-7,10
244,239,253,253,0,243,-10,10
244,245,158,164,6,154,-4,10
344,108,85,92,7,82,-3,10
115,261,182,189,7,179,-3,10
462,241,26,28,2,18,-8,10
179,360,98,103,5,93,-5,10
349,83,76,80,4,70,-6,10
344,135,61,66,5,56,-5,10
344,143,53,56,3,46,-7,10
344,187,46,53,7,43,-3,10
344,188,50,53,3,43,-7,10
344,189,46,53,7,43,-3,10
281,247,244,249,5,239,-5,10
281,285,153,159,6,149,-4,10
52,324,50,53,3,43,-7,10
188,341,146,153,7,143,-3,10
188,345,138,142,4,132,-6,10
348,355,218,222,4,212,-6,10
344,110,85,90,5,80,-5,10
344,120,78,82,4,72,-6,10
344,121,76,82,6,72,-4,10
344,122,74,80,6,70,-4,10
179,352,125,129,4,119,-6,10
180,357,107,111,4,101,-6,10
461,66,29,37,8,27,-2,10
248,307,162,166,4,156,-6,10
571,542,253,254,1,244,-9,10
244,314,144,147,3,137,-7,10
188,370,76,78,2,68,-8,10
188,372,76,80,4,70,-6,10
52,320,50,53,3,43,-7,10
180,350,129,135,6,125,-4,10
180,351,127,132,5,122,-5,10
75,238,50,56,6,46,-4,10
461,253,210,214,4,204,-6,10
244,313,147,151,4,141,-6,10
344,101,92,95,3,85,-7,10
344,107,87,92,5,82,-5,10
344,124,72,78,6,68,-4,10
49,291,59,66,7,56,-3,10
344,319,46,53,7,43,-3,10
181,278,194,199,5,189,-5,10
181,279,190,195,5,185,-5,10
460,66,30,37,7,27,-3,10
460,68,31,37,6,27,-4,10
133,304,178,182,4,172,-6,10
142,281,96,99,3,89,-7,10
284,288,154,160,6,150,-4,10
284,291,151,154,3,144,-7,10
248,299,178,183,5,173,-5,10
248,302,176,180,4,170,-6,10
248,304,170,174,4,164,-6,10
460,326,216,217,1,207,-9,10
447,342,206,213,7,203,-3,10
244,326,114,117,3,107,-7,10
49,308,50,53,3,43,-7,10
133,307,171,176,5,166,-5,10
345,100,87,92,5,82,-5,10
345,101,87,92,5,82,-5,10
345,102,85,92,7,82,-3,10
345,105,85,90,5,80,-5,10
459,343,221,224,3,214,-7,10
348,271,212,215,3,205,-7,10
229,337,89,95,6,85,-4,10
230,238,254,254,0,244,-10,10
284,303,95,102,7,92,-3,10
52,293,53,56,3,46,-7,10
74,368,50,56,6,46,-4,10
248,244,160,167,7,157,-3,10
348,315,53,56,3,46,-7,10
74,367,46,53,7,43,-3,10
187,357,95,99,4,89,-6,10
181,352,122,127,5,117,-5,10
181,355,110,116,6,106,-4,10
459,240,28,31,3,21,-7,10
187,316,87,92,5,82,-5,10
376,274,203,209,6,199,-4,10
142,286,115,116,1,106,-9,10
345,118,76,80,4,70,-6,10
345,119,74,80,6,70,-4,10
345,121,72,78,6,68,-4,10
345,132,61,66,5,56,-5,10
345,133,61,66,5,56,-5,10
345,140,53,56,3,46,-7,10
345,143,50,53,3,43,-7,10
345,144,46,53,7,43,-3,10
348,275,217,221,4,211,-6,10
134,228,141,146,5,136,-5,10
247,353,74,78,4,68,-6,10
187,242,156,161,5,151,-5,10
187,282,175,180,5,170,-5,10
187,283,173,177,4,167,-6,10
245,239,253,253,0,243,-10,10
244,328,107,111,4,101,-6,10
181,371,61,66,5,56,-5,10
229,316,89,95,6,85,-4,10
229,331,116,119,3,109,-7,10
103,361,76,82,6,72,-4,10
244,332,90,95,5,85,-5,10
244,333,89,90,1,80,-9,10
459,68,30,37,7,27,-3,10
449,275,199,207,8,197,-2,10
187,353,105,111,6,101,-4,10
247,271,165,167,2,157,-8,10
182,344,146,150,4,140,-6,10
348,114,68,74,6,64,-4,10
348,180,50,53,3,43,-7,10
247,317,129,135,6,125,-4,10
244,353,72,78,6,68,-4,10
283,304,92,95,3,85,-7,10
11,306,252,252,0,242,-10,10
104,208,253,254,1,244,-9,10
105,215,50,56,6,46,-4,10
345,318,46,53,7,43,-3,10
182,235,159,166,7,156,-3,10
182,279,192,196,4,186,-6,10
52,248,64,74,10,64,0,10
52,249,68,74,6,64,-4,10
182,281,184,190,6,180,-4,10
348,110,76,78,2,68,-8,10
348,111,72,78,6,68,-4,10
348,113,68,76,8,66,-2,10
186,361,93,103,10,93,0,10
375,337,226,227,1,217,-9,10
458,240,28,31,3,21,-7,10
345,335,221,226,5,216,-5,10
345,345,201,206,5,196,-5,10
186,342,145,152,7,142,-3,10
186,354,106,111,5,101,-5,10
348,132,50,56,6,46,-4,10
348,179,53,53,0,43,-10,10
182,350,126,132,6,122,-4,10
182,353,117,122,5,112,-5,10
450,272,207,212,5,202,-5,10
182,293,182,188,6,178,-4,10
186,339,160,163,3,153,-7,10
346,129,61,66,5,56,-5,10
346,130,61,66,5,56,-5,10
457,240,28,31,3,21,-7,10
183,281,184,190,6,180,-4,10
183,293,184,190,6,180,-4,10
73,368,50,56,6,46,-4,10
186,355,103,109,6,99,-4,10
346,118,72,76,4,66,-6,10
346,119,70,76,6,66,-4,10
346,121,70,74,4,64,-6,10
182,354,112,117,5,107,-5,10
346,114,76,78,2,68,-8,10
346,115,74,78,4,68,-6,10
346,116,74,78,4,68,-6,10
346,117,72,78,6,68,-4,10
183,355,107,112,5,102,-5,10
183,362,95,103,8,93,-2,10
51,307,56,56,0,46,-10,10
283,290,149,153,4,143,-6,10
283,296,129,134,5,124,-5,10
246,353,74,78,4,68,-6,10
186,242,158,162,4,152,-6,10
186,286,176,180,4,170,-6,10
186,287,177,180,3,170,-7,10
347,316,50,56,6,46,-4,10
346,137,50,56,6,46,-4,10
346,138,50,56,6,46,-4,10
346,140,50,53,3,43,-7,10
346,141,46,53,7,43,-3,10
183,235,157,166,9,156,-1,10
186,323,160,163,3,153,-7,10
245,333,85,90,5,80,-5,10
185,322,157,160,3,150,-7,10
185,344,142,147,5,137,-5,10
185,348,131,135,4,125,-6,10
231,249,141,145,4,135,-6,10
231,283,143,148,5,138,-5,10
375,321,228,230,2,220,-8,10
375,327,229,231,2,221,-8,10
105,208,252,254,2,244,-8,10
283,249,241,249,8,239,-2,10
283,258,179,183,4,173,-6,10
283,288,151,156,5,146,-5,10
246,354,78,82,4,72,-6,10
183,345,140,146,6,136,-4,10
51,308,56,56,0,46,-10,10
347,344,207,211,4,201,-6,10
184,293,184,190,6,180,-4,10
246,244,160,167,7,157,-3,10
246,311,153,157,4,147,-6,10
246,317,131,137,6,127,-4,10
246,321,120,126,6,116,-4,10
282,305,85,92,7,82,-3,10
283,289,150,154,4,144,-6,10
142,232,151,155,4,145,-6,10
51,216,252,253,1,243,-9,10
455,252,210,215,5,205,-5,10
455,253,215,220,5,210,-5,10
133,356,90,92,2,82,-8,10
246,239,253,253,0,243,-10,10
185,356,101,106,5,96,-5,10
185,357,96,102,6,92,-4,10
74,251,50,53,3,43,-7,10
303,358,148,153,5,143,-5,10
141,332,68,78,10,68,0,10
141,349,78,84,6,74,-4,10
104,351,105,109,4,99,-6,10
282,248,239,249,10,239,0,10
282,288,149,153,4,143,-6,10
142,236,153,153,0,143,-10,10
51,259,72,82,10,72,0,10
51,260,72,80,8,70,-2,10
184,348,133,137,4,127,-6,10
347,115,68,76,8,66,-2,10
347,116,68,74,6,64,-4,10
347,117,68,74,6,64,-4,10
347,125,61,66,5,56,-5,10
347,126,61,66,5,56,-5,10
51,248,64,74,10,64,0,10
304,205,107,115,8,105,-2,10
389,243,216,220,4,210,-6,10
388,517,253,253,0,243,-10,10
536,135,2,11,9,1,-1,10
148,308,59,66,7,56,-3,10
90,357,70,76,6,66,-4,10
90,358,68,74,6,64,-4,10
275,304,76,78,2,68,-8,10
275,305,72,76,4,66,-6,10
139,232,151,156,5,146,-5,10
368,319,227,228,1,218,-9,10
388,343,206,211,5,201,-5,10
388,344,210,215,5,205,-5,10
303,335,216,220,4,210,-6,10
303,341,188,195,7,185,-3,10
303,357,152,157,5,147,-5,10
